/*--------------------------------*- C++ -*----------------------------------*\
| =========                 |                                                 |
| \\      /  F ield         | OpenFOAM: The Open Source CFD Toolbox           |
|  \\    /   O peration     | Version:  1.7.x                                 |
|   \\  /    A nd           | Web:      www.OpenFOAM.com                      |
|    \\/     M anipulation  |                                                 |
\*---------------------------------------------------------------------------*/
FoamFile
{
    version     2.0;
    format      ascii;
    class       volScalarField;
    location    "0.2";
    object      alpha1;
}
// * * * * * * * * * * * * * * * * * * * * * * * * * * * * * * * * * * * * * //

dimensions      [0 -3 0 0 1 0 0];

internalField   nonuniform List<scalar> 
8000
(
-2.94694e-26
-1.01183e-24
1.11965e-22
1.62778e-21
5.40874e-20
4.08804e-19
8.22763e-19
-3.4558e-20
-1.96226e-19
8.16125e-21
1.35343e-24
3.32027e-22
-8.53759e-21
-2.40458e-19
-1.34888e-17
-1.39784e-16
-4.5586e-16
-2.64165e-16
4.64339e-17
-1.12606e-18
6.7139e-25
4.31884e-22
-1.06849e-20
-2.92438e-19
-1.67337e-17
-1.72855e-16
-5.58517e-16
-3.16277e-16
5.64181e-17
-1.39498e-18
6.18461e-24
3.58663e-22
-9.96011e-21
-2.93122e-19
-1.64323e-17
-1.69741e-16
-5.48691e-16
-3.09819e-16
5.48433e-17
-1.33343e-18
1.31171e-23
3.00191e-22
-9.24141e-21
-2.89479e-19
-1.63717e-17
-1.70301e-16
-5.53449e-16
-3.14949e-16
5.54573e-17
-1.31707e-18
2.18085e-23
2.52674e-22
-8.56121e-21
-2.82286e-19
-1.66738e-17
-1.75924e-16
-5.7733e-16
-3.33969e-16
5.86484e-17
-1.36979e-18
3.30221e-23
2.06703e-22
-7.86398e-21
-2.7008e-19
-1.72815e-17
-1.86133e-16
-6.18921e-16
-3.65749e-16
6.41862e-17
-1.48354e-18
4.75042e-23
1.49622e-22
-7.05879e-21
-2.49745e-19
-1.79726e-17
-1.98666e-16
-6.71349e-16
-4.07101e-16
7.14787e-17
-1.62074e-18
5.58092e-23
-2.51607e-23
-4.11375e-21
-1.89508e-19
-1.49442e-17
-1.70458e-16
-5.91427e-16
-3.74342e-16
6.45056e-17
-1.36057e-18
-2.86376e-25
3.65313e-24
3.27017e-22
6.89682e-21
1.55179e-19
1.10926e-18
2.61169e-18
1.03644e-18
-4.44314e-19
1.7171e-20
-1.48687e-24
5.25173e-23
-1.16842e-21
-7.80065e-21
-5.33446e-19
-4.35484e-18
-9.01664e-18
2.8835e-19
2.25053e-18
-1.05589e-19
2.54514e-22
-8.27236e-21
1.65019e-19
3.85497e-18
1.91364e-16
1.80801e-15
5.40544e-15
2.76732e-15
-5.56716e-16
1.63183e-17
3.59379e-22
-1.07532e-20
2.07579e-19
4.71297e-18
2.39164e-16
2.25421e-15
6.6774e-15
3.33163e-15
-6.80559e-16
2.06291e-17
2.80205e-22
-9.5707e-21
2.00769e-19
4.81557e-18
2.36987e-16
2.22658e-15
6.58649e-15
3.27376e-15
-6.63602e-16
1.99883e-17
1.99649e-22
-8.92197e-21
1.96615e-19
4.88197e-18
2.39014e-16
2.25216e-15
6.68366e-15
3.34792e-15
-6.74381e-16
2.01349e-17
1.16869e-22
-8.79209e-21
1.9587e-19
4.92161e-18
2.47161e-16
2.35099e-15
7.02886e-15
3.58102e-15
-7.18338e-16
2.13669e-17
2.21548e-23
-9.08328e-21
1.97817e-19
4.90943e-18
2.60797e-16
2.51868e-15
7.61096e-15
3.96567e-15
-7.93952e-16
2.36276e-17
-9.67283e-23
-9.68185e-21
2.00842e-19
4.78992e-18
2.76764e-16
2.72601e-15
8.34898e-15
4.47053e-15
-8.94817e-16
2.65347e-17
-2.75485e-22
-6.74362e-21
1.55849e-19
3.95929e-18
2.36139e-16
2.37101e-15
7.41761e-15
4.15316e-15
-8.14813e-16
2.30154e-17
1.51462e-24
1.10436e-23
-3.256e-21
-5.11283e-20
-1.3183e-18
-9.40707e-18
-2.06696e-17
-5.91574e-18
4.43997e-18
-1.95451e-19
4.82266e-23
-1.0633e-21
9.87004e-21
-5.3971e-20
3.55282e-18
3.07617e-17
5.43511e-17
-2.05525e-17
-1.84661e-17
1.05645e-18
-6.74662e-21
1.37054e-19
-2.51853e-18
-4.99092e-17
-2.25674e-15
-1.96161e-14
-5.37651e-14
-2.36623e-14
5.2162e-15
-1.75847e-16
-9.43751e-21
1.7973e-19
-3.20055e-18
-6.14641e-17
-2.85106e-15
-2.47424e-14
-6.71776e-14
-2.8677e-14
6.42196e-15
-2.24932e-16
-8.50808e-21
1.64207e-19
-3.15608e-18
-6.364e-17
-2.84522e-15
-2.45618e-14
-6.65073e-14
-2.82527e-14
6.28031e-15
-2.19053e-16
-7.82242e-21
1.58787e-19
-3.16821e-18
-6.55376e-17
-2.89297e-15
-2.49861e-14
-6.77835e-14
-2.90308e-14
6.4083e-15
-2.22516e-16
-7.44827e-21
1.64021e-19
-3.25219e-18
-6.72752e-17
-3.02085e-15
-2.62713e-14
-7.17072e-14
-3.12808e-14
6.86692e-15
-2.38497e-16
-7.29525e-21
1.79281e-19
-3.39979e-18
-6.85041e-17
-3.22289e-15
-2.83845e-14
-7.82137e-14
-3.4974e-14
7.65192e-15
-2.66874e-16
-7.19004e-21
2.03916e-19
-3.58455e-18
-6.84209e-17
-3.45898e-15
-3.09852e-14
-8.64402e-14
-3.98384e-14
8.70536e-15
-3.04293e-16
-4.03122e-21
1.6253e-19
-2.959e-18
-5.84227e-17
-2.97908e-15
-2.7045e-14
-7.68901e-14
-3.72382e-14
7.97023e-15
-2.67113e-16
3.13344e-23
-9.06154e-22
2.74901e-20
2.08475e-19
7.94094e-18
5.50371e-17
9.66713e-17
-4.82412e-18
-3.34276e-17
1.82918e-18
-1.01254e-21
1.74729e-20
-6.64126e-20
2.00614e-18
-7.82813e-18
-9.77566e-17
-1.28744e-17
3.83117e-16
1.31543e-16
-9.90165e-18
1.3377e-19
-2.03033e-18
3.24253e-17
5.66059e-16
2.39054e-14
1.92791e-13
4.86054e-13
1.8089e-13
-4.56459e-14
1.83009e-15
1.90712e-19
-2.71334e-18
4.17443e-17
7.04625e-16
3.05972e-14
2.46436e-13
6.14974e-13
2.20419e-13
-5.68954e-14
2.3899e-15
1.79602e-19
-2.51402e-18
4.16319e-17
7.38498e-16
3.07385e-14
2.45898e-13
6.11357e-13
2.17779e-13
-5.58593e-14
2.33815e-15
1.74585e-19
-2.47201e-18
4.23414e-17
7.68833e-16
3.14343e-14
2.51209e-13
6.25206e-13
2.2476e-13
-5.71894e-14
2.38634e-15
1.78143e-19
-2.60728e-18
4.41401e-17
7.97318e-16
3.30224e-14
2.65369e-13
6.64049e-13
2.43788e-13
-6.15632e-14
2.57361e-15
1.89491e-19
-2.9185e-18
4.6942e-17
8.19565e-16
3.54473e-14
2.8814e-13
7.27567e-13
2.74858e-13
-6.90133e-14
2.9026e-15
2.05495e-19
-3.4e-18
5.03465e-17
8.24989e-16
3.82242e-14
3.15721e-13
8.0693e-13
3.15715e-13
-7.89717e-14
3.3362e-15
1.46872e-19
-2.79026e-18
4.23591e-17
7.11592e-16
3.29181e-14
2.7483e-13
7.15584e-13
2.96622e-13
-7.2185e-14
2.91008e-15
-1.09291e-21
1.96115e-20
-1.92046e-19
1.15974e-18
-1.70025e-17
-9.5777e-17
1.83214e-16
5.34488e-16
2.21281e-16
-1.6511e-17
1.63437e-20
-2.28637e-19
2.27188e-19
-3.24951e-17
-1.77432e-16
-7.86452e-16
-3.68699e-15
-4.56347e-15
-7.70209e-16
8.22838e-17
-1.98328e-18
2.46122e-17
-3.75404e-16
-5.54812e-15
-2.28667e-13
-1.73417e-12
-4.03524e-12
-1.22133e-12
3.38631e-13
-1.56609e-14
-2.87294e-18
3.34774e-17
-4.90311e-16
-6.95386e-15
-2.96469e-13
-2.2469e-12
-5.17165e-12
-1.49068e-12
4.25712e-13
-2.07311e-14
-2.76246e-18
3.13057e-17
-4.93573e-16
-7.37869e-15
-2.99817e-13
-2.25424e-12
-5.16423e-12
-1.47637e-12
4.19188e-13
-2.03424e-14
-2.74942e-18
3.10628e-17
-5.06354e-16
-7.75271e-15
-3.08033e-13
-2.31123e-12
-5.2968e-12
-1.53056e-12
4.30066e-13
-2.08249e-14
-2.88202e-18
3.31197e-17
-5.32535e-16
-8.0896e-15
-3.2483e-13
-2.44893e-12
-5.64127e-12
-1.67161e-12
4.6437e-13
-2.25584e-14
-3.15566e-18
3.752e-17
-5.71158e-16
-8.34001e-15
-3.49682e-13
-2.66548e-12
-6.19619e-12
-1.90087e-12
5.2283e-13
-2.55951e-14
-3.52131e-18
4.41748e-17
-6.16647e-16
-8.39029e-15
-3.77361e-13
-2.92224e-12
-6.87886e-12
-2.20243e-12
6.01005e-13
-2.96087e-14
-2.64368e-18
3.64843e-17
-5.20609e-16
-7.27925e-15
-3.23808e-13
-2.53024e-12
-6.06905e-12
-2.08527e-12
5.49949e-13
-2.5757e-14
2.06978e-20
-2.89319e-19
8.92631e-19
-4.01043e-17
-3.8019e-16
-2.65373e-15
-9.61179e-15
-7.56228e-15
-1.15965e-15
1.33703e-16
-2.64579e-19
2.85053e-18
8.57382e-19
3.99082e-16
3.81459e-15
2.15026e-14
6.14356e-14
4.2818e-14
4.24621e-15
-7.34551e-16
2.92899e-17
-2.83899e-16
3.64889e-15
4.58762e-14
1.96545e-12
1.40978e-11
3.01668e-11
6.97122e-12
-2.38878e-12
1.42853e-13
4.32905e-17
-3.92339e-16
4.81079e-15
5.74599e-14
2.5712e-12
1.84373e-11
3.89555e-11
8.388e-12
-3.01989e-12
1.92821e-13
4.22081e-17
-3.69556e-16
4.85322e-15
6.1852e-14
2.6144e-12
1.85794e-11
3.90336e-11
8.30649e-12
-2.97986e-12
1.89948e-13
4.25528e-17
-3.68851e-16
4.99744e-15
6.55799e-14
2.69552e-12
1.91013e-11
4.01264e-11
8.6596e-12
-3.05999e-12
1.94857e-13
4.521e-17
-3.95715e-16
5.28749e-15
6.8642e-14
2.84908e-12
2.02777e-11
4.28135e-11
9.55163e-12
-3.30951e-12
2.11642e-13
5.01691e-17
-4.51093e-16
5.71576e-15
7.05504e-14
3.07038e-12
2.20946e-11
4.70904e-11
1.10006e-11
-3.73654e-12
2.41007e-13
5.65872e-17
-5.33459e-16
6.225e-15
7.03625e-14
3.31113e-12
2.42142e-11
5.23021e-11
1.29314e-11
-4.31033e-12
2.79589e-13
4.2893e-17
-4.40103e-16
5.27417e-15
6.15414e-14
2.8359e-12
2.09105e-11
4.61043e-11
1.25317e-11
-3.96075e-12
2.4093e-13
-3.62456e-19
3.85253e-18
-2.55066e-19
5.88252e-16
7.92621e-15
5.18252e-14
1.40193e-13
7.48665e-14
5.01649e-15
-1.18077e-15
3.57707e-18
-3.0451e-17
-3.6562e-17
-4.14996e-15
-5.231e-14
-3.08777e-13
-7.32028e-13
-3.44798e-13
-1.84447e-14
5.19619e-15
-3.4017e-16
2.7931e-15
-3.31829e-14
-3.20736e-13
-1.51363e-11
-1.04355e-10
-2.06593e-10
-3.30209e-11
1.38688e-11
-1.02881e-12
-5.08404e-16
3.91338e-15
-4.41946e-14
-3.98012e-13
-1.98779e-11
-1.3705e-10
-2.67533e-10
-3.82743e-11
1.74988e-11
-1.39735e-12
-4.9901e-16
3.70721e-15
-4.46938e-14
-4.35694e-13
-2.02877e-11
-1.38504e-10
-2.68585e-10
-3.77351e-11
1.7225e-11
-1.37387e-12
-5.06466e-16
3.71339e-15
-4.61392e-14
-4.66513e-13
-2.09632e-11
-1.42621e-10
-2.76434e-10
-3.96672e-11
1.76419e-11
-1.40789e-12
-5.42272e-16
3.99679e-15
-4.89959e-14
-4.89e-13
-2.21836e-11
-1.5155e-10
-2.95259e-10
-4.45171e-11
1.90746e-11
-1.53093e-12
-6.06732e-16
4.56959e-15
-5.32028e-14
-4.98964e-13
-2.39115e-11
-1.65198e-10
-3.25091e-10
-5.2466e-11
2.15924e-11
-1.75006e-12
-6.89425e-16
5.40998e-15
-5.81903e-14
-4.90321e-13
-2.57627e-11
-1.80976e-10
-3.61337e-10
-6.33444e-11
2.50496e-11
-2.04351e-12
-5.25715e-16
4.44554e-15
-4.92596e-14
-4.34689e-13
-2.2105e-11
-1.56513e-10
-3.19511e-10
-6.41545e-11
2.33113e-11
-1.76569e-12
5.12967e-18
-4.2912e-17
-6.75378e-17
-6.53362e-15
-1.04443e-13
-6.65621e-13
-1.55664e-12
-6.14745e-13
-8.82111e-15
8.40501e-15
-4.99696e-17
2.86624e-16
4.20437e-16
3.68474e-14
6.12516e-13
3.71371e-12
8.03514e-12
2.57546e-12
-2.50569e-14
-4.48149e-14
4.21541e-15
-2.6482e-14
2.53273e-13
1.47763e-12
1.05951e-10
7.11859e-10
1.29301e-09
1.01364e-10
-7.74916e-11
8.68679e-12
6.32684e-15
-3.7186e-14
3.38223e-13
1.7216e-12
1.38918e-10
9.3394e-10
1.66743e-09
9.90399e-11
-9.63459e-11
1.18158e-11
6.21907e-15
-3.53484e-14
3.38821e-13
1.9764e-12
1.42126e-10
9.45494e-10
1.67491e-09
9.48287e-11
-9.41242e-11
1.15769e-11
6.32646e-15
-3.54814e-14
3.48371e-13
2.16811e-12
1.47029e-10
9.74354e-10
1.72459e-09
1.02905e-10
-9.58005e-11
1.18237e-11
6.80201e-15
-3.82433e-14
3.71126e-13
2.26278e-12
1.55618e-10
1.03559e-09
1.84289e-09
1.23625e-10
-1.03342e-10
1.28336e-11
7.65504e-15
-4.37705e-14
4.07014e-13
2.23074e-12
1.67634e-10
1.12866e-09
2.03046e-09
1.58496e-10
-1.1723e-10
1.46744e-11
8.75667e-15
-5.18407e-14
4.51888e-13
2.05963e-12
1.80393e-10
1.23591e-09
2.25944e-09
2.09538e-10
-1.37106e-10
1.71923e-11
6.72323e-15
-4.27912e-14
3.85061e-13
1.93514e-12
1.55737e-10
1.07517e-09
2.01723e-09
2.43695e-10
-1.31337e-10
1.4962e-11
-7.35985e-17
4.09141e-16
9.02008e-16
5.88228e-14
1.16597e-12
7.38924e-12
1.59351e-11
4.66644e-12
-2.72312e-13
-7.40122e-14
5.81941e-16
-2.56872e-15
-2.46893e-15
-2.62468e-13
-5.75447e-12
-3.52703e-11
-6.83921e-11
-1.40115e-11
-2.64822e-13
3.58214e-13
-4.0345e-14
2.269e-13
-1.88456e-12
-2.432e-12
-6.71346e-10
-4.49824e-09
-7.56782e-09
1.24224e-11
3.29973e-10
-5.33523e-11
-6.06522e-14
3.19071e-13
-2.53777e-12
-1.53635e-12
-8.75097e-10
-5.86862e-09
-9.68169e-09
2.16e-10
4.0127e-10
-7.19667e-11
-5.95934e-14
3.0508e-13
-2.5214e-12
-2.95671e-12
-8.96801e-10
-5.94795e-09
-9.72791e-09
2.4287e-10
3.84758e-10
-6.95598e-11
-6.07149e-14
3.07099e-13
-2.5816e-12
-3.88309e-12
-9.28258e-10
-6.1318e-09
-1.00188e-08
2.17071e-10
3.85596e-10
-7.03696e-11
-6.54395e-14
3.30869e-13
-2.75562e-12
-3.90647e-12
-9.81762e-10
-6.51352e-09
-1.07041e-08
1.503e-10
4.13213e-10
-7.60006e-11
-7.38706e-14
3.77521e-13
-3.04538e-12
-2.83975e-12
-1.05566e-09
-7.09006e-09
-1.17901e-08
3.1768e-11
4.69942e-10
-8.69088e-11
-8.49306e-14
4.45008e-13
-3.42018e-12
-8.67265e-13
-1.13378e-09
-7.75544e-09
-1.3126e-08
-1.66905e-10
5.57172e-10
-1.02674e-10
-6.56391e-14
3.68386e-13
-2.91418e-12
-2.06664e-12
-9.88084e-10
-6.81268e-09
-1.18714e-08
-5.10797e-10
5.59385e-10
-9.08514e-11
8.75873e-16
-3.70745e-15
-6.73463e-15
-4.12187e-13
-1.06783e-11
-6.78066e-11
-1.32835e-10
-2.59174e-11
1.52156e-12
6.31656e-13
-6.69973e-15
1.79671e-14
-3.81183e-15
1.11036e-12
4.41124e-11
2.7722e-10
5.00456e-10
5.0289e-11
-1.0959e-12
-2.94064e-12
4.20374e-13
-1.89496e-12
1.29876e-11
-7.52839e-11
3.79683e-09
2.6196e-08
4.03299e-08
-4.17208e-09
-1.18897e-09
4.41381e-10
6.20507e-13
-2.64429e-12
1.75815e-11
-1.10859e-10
4.89822e-09
3.38335e-08
5.08845e-08
-6.45605e-09
-1.34366e-09
5.73376e-10
6.05732e-13
-2.5383e-12
1.72056e-11
-1.06949e-10
5.0225e-09
3.42929e-08
5.10659e-08
-6.61513e-09
-1.20646e-09
5.4128e-10
6.15498e-13
-2.55883e-12
1.74581e-11
-1.06417e-10
5.1976e-09
3.53465e-08
5.25697e-08
-6.61719e-09
-1.15106e-09
5.38292e-10
6.63808e-13
-2.75394e-12
1.86649e-11
-1.13773e-10
5.4876e-09
3.75015e-08
5.61296e-08
-6.61058e-09
-1.21661e-09
5.74918e-10
7.52193e-13
-3.13325e-12
2.08715e-11
-1.29832e-10
5.88288e-09
4.07382e-08
6.17876e-08
-6.5243e-09
-1.40971e-09
6.53743e-10
8.71645e-13
-3.67758e-12
2.38464e-11
-1.50519e-10
6.30252e-09
4.45129e-08
6.88767e-08
-6.10017e-09
-1.75896e-09
7.77972e-10
6.89124e-13
-3.0778e-12
2.03891e-11
-1.20382e-10
5.56382e-09
3.96375e-08
6.34708e-08
-3.42353e-09
-2.03545e-09
7.22014e-10
-1.00863e-14
2.51458e-14
2.09171e-14
1.52816e-12
8.07876e-11
5.24716e-10
9.59443e-10
1.02519e-10
-1.98402e-11
-5.57676e-12
3.93175e-14
-8.93232e-14
2.45465e-13
1.00066e-12
-2.14387e-10
-1.44924e-09
-2.33663e-09
2.00955e-11
-2.97698e-11
6.10022e-12
-2.37314e-12
1.04156e-11
-7.40129e-11
7.56642e-10
-1.34519e-08
-9.99183e-08
-1.40973e-07
2.99141e-08
3.90377e-10
-1.35857e-09
-3.4257e-12
1.43985e-11
-1.01226e-10
1.0189e-09
-1.70822e-08
-1.26831e-07
-1.74314e-07
4.16224e-08
-6.53479e-11
-1.6975e-09
-3.33021e-12
1.39149e-11
-9.92084e-11
1.0213e-09
-1.75029e-08
-1.28324e-07
-1.74375e-07
4.19918e-08
-7.06872e-10
-1.50858e-09
-3.37976e-12
1.4053e-11
-1.00431e-10
1.04222e-09
-1.8087e-08
-1.32088e-07
-1.79232e-07
4.23753e-08
-1.14647e-09
-1.43205e-09
-3.64351e-12
1.50923e-11
-1.07225e-10
1.10487e-09
-1.90356e-08
-1.39831e-07
-1.91088e-07
4.35264e-08
-1.31462e-09
-1.49218e-09
-4.13007e-12
1.70807e-11
-1.1989e-10
1.21034e-09
-2.03149e-08
-1.51471e-07
-2.10132e-07
4.51406e-08
-1.24171e-09
-1.6932e-09
-4.8028e-12
1.98733e-11
-1.36572e-10
1.33553e-09
-2.16876e-08
-1.65364e-07
-2.34772e-07
4.60205e-08
-7.99475e-10
-2.06433e-09
-3.89534e-12
1.68102e-11
-1.16141e-10
1.14428e-09
-1.94758e-08
-1.50228e-07
-2.2181e-07
3.46183e-08
9.20077e-10
-2.05171e-09
5.91661e-14
-1.19341e-13
1.84343e-13
4.15851e-12
-3.84897e-10
-2.6901e-09
-4.45493e-09
-4.442e-11
4.51382e-11
1.64372e-11
2.01934e-16
6.58168e-14
-6.56239e-13
6.13972e-12
5.67963e-10
3.84174e-09
6.07438e-09
-1.17248e-10
2.22361e-10
9.23985e-11
-1.02751e-13
-1.71318e-12
3.73811e-11
-7.61459e-10
2.55084e-08
1.91241e-07
2.9949e-07
-4.77215e-08
-5.67057e-09
1.29129e-09
-1.52086e-13
-2.65269e-12
5.33045e-11
-1.03677e-09
3.1776e-08
2.37818e-07
3.64333e-07
-6.66739e-08
-8.40026e-09
1.53718e-09
-1.77933e-13
-2.22382e-12
4.97879e-11
-1.01953e-09
3.24999e-08
2.40215e-07
3.63479e-07
-6.66845e-08
-6.4556e-09
1.19802e-09
-1.91086e-13
-2.11457e-12
4.92726e-11
-1.02878e-09
3.34882e-08
2.46654e-07
3.72575e-07
-6.64761e-08
-4.9815e-09
1.00428e-09
-1.93647e-13
-2.42458e-12
5.34412e-11
-1.09262e-09
3.507e-08
2.5989e-07
3.95656e-07
-6.71477e-08
-4.34904e-09
9.00181e-10
-1.82405e-13
-3.19741e-12
6.26379e-11
-1.21269e-09
3.71868e-08
2.7976e-07
4.33108e-07
-6.79285e-08
-4.10483e-09
8.66444e-10
-1.47204e-13
-4.45037e-12
7.60498e-11
-1.36623e-09
3.94879e-08
3.03886e-07
4.82561e-07
-6.63798e-08
-3.95598e-09
9.19355e-10
-8.91081e-14
-3.80866e-12
6.47612e-11
-1.17579e-09
3.61328e-08
2.81842e-07
4.64177e-07
-4.51957e-08
-3.67642e-09
7.1733e-10
-9.76806e-16
1.06253e-13
-8.86533e-13
5.34057e-12
9.89871e-10
6.95176e-09
1.15708e-08
3.2086e-10
3.56427e-11
3.16196e-11
-1.50128e-15
-8.91481e-14
1.56724e-12
-3.30808e-11
-1.6775e-09
-1.15092e-08
-1.79159e-08
1.11287e-09
-1.23361e-09
-6.1732e-09
-1.01365e-15
6.18779e-13
-2.71756e-11
1.00731e-09
-5.88055e-08
-4.51067e-07
-7.46939e-07
1.06049e-07
2.87992e-08
-1.75174e-08
-5.86865e-15
1.55134e-12
-4.51783e-11
1.43086e-09
-7.22128e-08
-5.52872e-07
-8.96427e-07
1.44516e-07
4.45934e-08
-1.8767e-08
-3.92685e-15
1.04533e-12
-3.91501e-11
1.37397e-09
-7.37315e-08
-5.57594e-07
-8.91715e-07
1.42174e-07
3.57565e-08
-1.47898e-08
-3.1207e-15
9.1666e-13
-3.76172e-11
1.3705e-09
-7.57737e-08
-5.71195e-07
-9.11484e-07
1.40052e-07
2.94341e-08
-1.19872e-08
-3.44778e-15
1.26706e-12
-4.26723e-11
1.4677e-09
-7.90216e-08
-5.99443e-07
-9.6462e-07
1.39901e-07
2.70667e-08
-9.64206e-09
-6.23219e-15
2.15413e-12
-5.48793e-11
1.66831e-09
-8.3359e-08
-6.41993e-07
-1.05203e-06
1.39841e-07
2.57918e-08
-7.7477e-09
-1.27442e-14
3.60692e-12
-7.35076e-11
1.93834e-09
-8.81305e-08
-6.94354e-07
-1.16966e-06
1.34344e-07
2.3099e-08
-6.40929e-09
-2.83764e-15
2.80552e-12
-5.95935e-11
1.64154e-09
-8.17099e-08
-6.5284e-07
-1.14088e-06
8.59138e-08
1.47014e-08
-4.14384e-09
-2.34566e-15
-1.54946e-13
2.3605e-12
-4.13193e-11
-2.84503e-09
-2.0342e-08
-3.38871e-08
-8.17933e-10
-4.32749e-10
-1.08534e-09
1.63843e-15
6.37074e-14
-2.87602e-12
1.23326e-10
4.59903e-09
3.27965e-08
5.29539e-08
-6.47926e-09
5.81418e-08
2.08884e-07
7.14823e-14
3.23531e-12
-2.9479e-11
-5.99629e-10
1.23722e-07
9.96027e-07
1.77546e-06
-2.26328e-07
-2.11429e-07
4.26344e-07
7.05666e-14
3.65416e-12
-2.27789e-11
-1.07425e-09
1.49411e-07
1.20063e-06
2.09299e-06
-2.88259e-07
-3.20663e-07
4.223e-07
8.06421e-14
4.0483e-12
-3.07834e-11
-9.31013e-10
1.52255e-07
1.20868e-06
2.07398e-06
-2.76359e-07
-2.56609e-07
3.17226e-07
8.63345e-14
4.18519e-12
-3.36932e-11
-8.84693e-10
1.55943e-07
1.23419e-06
2.1119e-06
-2.67203e-07
-2.11303e-07
1.97116e-07
8.40925e-14
4.08801e-12
-3.03429e-11
-9.96348e-10
1.61767e-07
1.28839e-06
2.22451e-06
-2.61473e-07
-1.95745e-07
6.4159e-08
7.29787e-14
3.70138e-12
-2.00112e-11
-1.26955e-09
1.69535e-07
1.37061e-06
2.41352e-06
-2.55757e-07
-1.84496e-07
-5.89522e-08
5.48377e-14
2.90781e-12
-2.3063e-12
-1.66648e-09
1.78212e-07
1.47344e-06
2.67391e-06
-2.39594e-07
-1.57079e-07
-1.60317e-07
5.84901e-14
2.76981e-12
-1.00644e-11
-1.31197e-09
1.6774e-07
1.40662e-06
2.65237e-06
-1.40589e-07
-9.36753e-08
-2.2027e-07
3.53457e-15
1.35567e-13
-4.80153e-12
1.65276e-10
7.55473e-09
5.6398e-08
9.82991e-08
1.63043e-09
1.32249e-08
-3.03204e-08
8.14381e-16
-4.04184e-15
3.28742e-12
-3.71614e-10
-1.18292e-08
-8.98175e-08
-1.60989e-07
4.7123e-08
1.40325e-06
-8.11711e-08
-1.53386e-13
-4.36579e-12
1.08661e-10
-1.01036e-09
-2.45499e-07
-2.13278e-06
-4.22077e-06
4.26256e-07
9.03518e-06
4.31544e-06
-1.94533e-13
-5.65321e-12
1.18913e-10
-6.07531e-10
-2.91799e-07
-2.53112e-06
-4.8786e-06
4.60595e-07
1.08135e-05
6.15154e-06
-2.04526e-13
-5.81648e-12
1.27448e-10
-8.99882e-10
-2.96826e-07
-2.54325e-06
-4.81339e-06
4.25878e-07
1.1654e-05
8.43244e-06
-2.09268e-13
-5.83751e-12
1.30862e-10
-1.02288e-09
-3.02888e-07
-2.58695e-06
-4.87809e-06
4.01488e-07
1.04941e-05
1.06894e-05
-2.11071e-13
-5.88254e-12
1.29734e-10
-9.10444e-10
-3.12394e-07
-2.68438e-06
-5.10772e-06
3.74876e-07
8.16144e-06
1.28006e-05
-2.08494e-13
-5.91522e-12
1.23199e-10
-5.5993e-10
-3.25086e-07
-2.83427e-06
-5.50473e-06
3.47341e-07
5.49076e-06
1.43394e-05
-1.96562e-13
-5.73671e-12
1.09546e-10
-1.1412e-11
-3.39475e-07
-3.02501e-06
-6.06676e-06
3.07298e-07
3.13049e-06
1.50972e-05
-1.72691e-13
-4.97483e-12
1.09508e-10
-4.11701e-10
-3.24068e-07
-2.92772e-06
-6.12081e-06
1.3092e-07
1.93289e-06
1.46746e-05
1.41489e-16
-2.84732e-14
6.8986e-12
-4.99385e-10
-1.87098e-08
-1.49416e-07
-2.89394e-07
-1.68972e-09
3.20399e-07
2.12631e-06
2.82195e-15
1.09699e-13
2.4559e-12
9.54457e-10
2.82352e-08
2.3717e-07
5.05983e-07
1.80823e-07
1.03728e-05
-3.48012e-05
3.60244e-14
1.48429e-12
-1.85733e-10
5.06928e-09
4.55228e-07
4.39644e-06
1.0096e-05
1.65849e-06
0.000110111
-0.000200245
8.10439e-14
2.83075e-12
-2.20227e-10
5.08126e-09
5.33587e-07
5.1408e-06
1.14258e-05
2.29163e-06
0.000147555
-0.000240522
7.53423e-14
2.67318e-12
-2.26262e-10
5.62468e-09
5.42275e-07
5.15638e-06
1.12219e-05
2.69407e-06
0.000150495
-0.000261032
7.04931e-14
2.5368e-12
-2.2896e-10
5.89076e-09
5.51419e-07
5.22186e-06
1.13068e-05
2.4846e-06
0.000137062
-0.000274106
7.36573e-14
2.63433e-12
-2.31275e-10
5.83113e-09
5.65435e-07
5.38117e-06
1.17471e-05
1.95762e-06
0.000115822
-0.000282022
8.47567e-14
2.96606e-12
-2.32162e-10
5.44984e-09
5.84144e-07
5.63257e-06
1.2547e-05
1.33632e-06
9.16084e-05
-0.000282914
9.80153e-14
3.36797e-12
-2.28627e-10
4.7843e-09
6.0562e-07
5.95889e-06
1.37187e-05
8.15541e-07
6.77116e-05
-0.000275628
6.09717e-14
2.32727e-12
-2.16627e-10
5.16037e-09
5.85522e-07
5.83845e-06
1.40708e-05
8.34665e-07
4.47378e-05
-0.000247089
-5.16079e-16
9.55872e-15
-2.78081e-12
1.25316e-09
4.27175e-08
3.78279e-07
8.6134e-07
1.17334e-07
4.17227e-06
-2.29048e-05
-2.0949e-14
-8.52887e-13
-2.39909e-11
-2.08129e-09
-6.14277e-08
-5.94964e-07
-1.51506e-06
6.15648e-07
3.99209e-05
0.000335089
6.59567e-14
1.97041e-12
1.73057e-10
-1.19851e-08
-7.82139e-07
-8.71299e-06
-2.3954e-05
1.86398e-05
0.000441565
0.0021526
7.89409e-14
2.02708e-12
2.22295e-10
-1.28598e-08
-9.08546e-07
-1.00684e-05
-2.64952e-05
2.45401e-05
0.000600379
0.00255975
8.35054e-14
2.07481e-12
2.20265e-10
-1.38395e-08
-9.24881e-07
-1.00905e-05
-2.5828e-05
2.30973e-05
0.000586663
0.00261956
8.80697e-14
2.14418e-12
2.19309e-10
-1.43932e-08
-9.38753e-07
-1.01739e-05
-2.59064e-05
2.059e-05
0.000510979
0.00259925
9.25799e-14
2.19329e-12
2.23766e-10
-1.452e-08
-9.58236e-07
-1.04072e-05
-2.67972e-05
1.77885e-05
0.000410368
0.00254237
9.49873e-14
2.17353e-12
2.32505e-10
-1.42455e-08
-9.83628e-07
-1.07898e-05
-2.84682e-05
1.4619e-05
0.000304101
0.00245224
9.10706e-14
2.0333e-12
2.42213e-10
-1.35925e-08
-1.01251e-06
-1.12967e-05
-3.09498e-05
1.09692e-05
0.000201922
0.00231696
9.15228e-14
2.33711e-12
2.20266e-10
-1.39565e-08
-9.88318e-07
-1.11678e-05
-3.22441e-05
5.79268e-06
9.63087e-05
0.00194275
-1.61482e-14
-6.50529e-13
-1.82204e-11
-2.62448e-09
-8.85055e-08
-9.03643e-07
-2.50372e-06
1.49545e-07
7.70937e-06
1.71391e-05
3.74742e-14
2.30014e-12
6.92822e-11
3.88493e-09
1.19674e-07
1.39807e-06
4.60993e-06
-7.29363e-06
0.000290714
-0.00118416
1.21061e-13
4.13525e-12
2.60608e-11
2.30155e-08
1.23013e-06
1.64069e-05
6.08515e-05
-3.03427e-05
0.00226185
-0.0112846
1.33921e-13
4.33595e-12
1.11942e-11
2.61164e-08
1.43004e-06
1.88482e-05
6.70173e-05
-4.96721e-05
0.0029162
-0.013459
1.57228e-13
5.33182e-12
4.09553e-11
2.81623e-08
1.46689e-06
1.89327e-05
6.49666e-05
-5.749e-05
0.00290219
-0.0132286
1.64488e-13
5.84113e-12
6.06085e-11
2.95811e-08
1.49297e-06
1.90206e-05
6.42597e-05
-5.18454e-05
0.00267824
-0.0125942
1.57904e-13
5.88691e-12
6.77164e-11
3.05235e-08
1.52306e-06
1.93005e-05
6.51284e-05
-4.02406e-05
0.00237551
-0.0118677
1.40906e-13
5.57013e-12
6.3165e-11
3.10381e-08
1.55838e-06
1.9783e-05
6.7515e-05
-2.61481e-05
0.00204246
-0.011123
1.14377e-13
4.92249e-12
4.69493e-11
3.10176e-08
1.59444e-06
2.04272e-05
7.15104e-05
-1.16192e-05
0.00169229
-0.010285
1.03974e-13
4.85193e-12
6.2008e-11
3.12009e-08
1.56442e-06
2.02609e-05
7.40716e-05
-1.65784e-06
0.00120293
-0.00800855
3.2212e-14
2.02359e-12
6.40437e-11
4.76001e-09
1.64408e-07
2.00352e-06
7.09305e-06
-8.89388e-07
6.43066e-05
0.00119047
-3.10458e-14
-3.70115e-12
-1.33612e-10
-6.00604e-09
-2.01806e-07
-2.98426e-06
-1.44944e-05
-2.92452e-05
0.000347904
-0.000279419
-2.50988e-13
-2.09139e-11
-5.37511e-10
-3.77477e-08
-1.73714e-06
-2.85282e-05
-0.00015281
-0.000228129
0.00362422
0.0356549
-3.3333e-13
-2.68727e-11
-7.1351e-10
-4.6522e-08
-2.05829e-06
-3.28669e-05
-0.000169527
-0.000312781
0.00500171
0.0432629
-3.78403e-13
-3.06492e-11
-8.44391e-10
-5.16682e-08
-2.15223e-06
-3.32981e-05
-0.000165446
-0.000315876
0.00473878
0.0410549
-4.01373e-13
-3.34044e-11
-9.5168e-10
-5.58378e-08
-2.21785e-06
-3.34813e-05
-0.000161658
-0.000282019
0.00402157
0.0375754
-4.12345e-13
-3.56345e-11
-1.04478e-09
-5.95431e-08
-2.28067e-06
-3.38121e-05
-0.000159891
-0.00023091
0.00319469
0.0341415
-4.14362e-13
-3.7467e-11
-1.12202e-09
-6.26991e-08
-2.34114e-06
-3.43275e-05
-0.000160592
-0.000169501
0.00237559
0.0310766
-3.97678e-13
-3.83602e-11
-1.16321e-09
-6.45825e-08
-2.38497e-06
-3.49177e-05
-0.000164237
-0.000101551
0.0016144
0.028031
-3.41449e-13
-3.62881e-11
-1.12506e-09
-6.39625e-08
-2.33952e-06
-3.45644e-05
-0.000168004
-3.2532e-05
0.000762435
0.0193927
-2.51359e-14
-3.47116e-12
-1.39258e-10
-7.6424e-09
-2.71156e-07
-4.04639e-06
-1.98355e-05
-6.38787e-06
0.000349351
-0.010629
9.25269e-15
4.64287e-12
2.17988e-10
7.96533e-09
2.7452e-07
5.42542e-06
3.88985e-05
-0.000185124
0.00100949
0.0192661
1.34989e-13
5.4013e-11
2.09381e-09
7.14727e-08
2.21177e-06
4.34278e-05
0.000352871
0.000139542
0.00995626
-0.0631828
2.19588e-13
7.91558e-11
3.0479e-09
9.7328e-08
2.76172e-06
5.08953e-05
0.000387402
0.000564748
0.0125919
-0.0801276
2.64437e-13
9.2265e-11
3.58466e-09
1.1141e-07
2.99614e-06
5.25346e-05
0.000377024
0.000482821
0.0122878
-0.0728968
2.88026e-13
1.03568e-10
4.0605e-09
1.23429e-07
3.17081e-06
5.3369e-05
0.000367537
0.000268155
0.0106363
-0.063088
3.00332e-13
1.14978e-10
4.52722e-09
1.34686e-07
3.32365e-06
5.40826e-05
0.000362092
-3.25119e-06
0.00845839
-0.0542455
3.00823e-13
1.26311e-10
4.95775e-09
1.44275e-07
3.44408e-06
5.467e-05
0.000361338
-0.000264241
0.0061211
-0.0470788
2.75248e-13
1.35125e-10
5.24248e-09
1.4932e-07
3.4854e-06
5.47204e-05
0.000365431
-0.000459802
0.00387556
-0.0405309
1.91924e-13
1.26236e-10
5.00699e-09
1.44586e-07
3.38394e-06
5.3599e-05
0.000372122
-0.000613704
0.0018088
-0.0205878
2.8734e-15
5.6891e-12
3.32123e-10
1.31216e-08
3.98556e-07
7.17432e-06
5.30472e-05
-4.26137e-05
-0.0013009
0.0454523
-5.84776e-14
-9.8988e-12
-3.73359e-10
-9.45769e-09
-2.58945e-07
-7.54058e-06
-0.000150442
6.00736e-05
-0.0363124
-0.103374
-1.41643e-12
-2.20856e-10
-8.0054e-09
-1.62593e-07
-2.74585e-06
-5.35378e-05
-0.00098964
0.00569325
-0.0396942
0.0561219
-2.22957e-12
-3.46009e-10
-1.19612e-08
-2.31409e-07
-3.73656e-06
-6.6955e-05
-0.00109028
0.00953692
-0.0284619
0.0786734
-2.63165e-12
-4.11471e-10
-1.4015e-08
-2.67326e-07
-4.24811e-06
-7.23993e-05
-0.0010844
0.00918052
-0.0306348
0.0659401
-3.01063e-12
-4.71582e-10
-1.5831e-08
-2.97284e-07
-4.63964e-06
-7.5505e-05
-0.00106847
0.0076213
-0.0389924
0.0505366
-3.428e-12
-5.3359e-10
-1.75728e-08
-3.23617e-07
-4.95428e-06
-7.74086e-05
-0.00105346
0.00541919
-0.0497748
0.0379048
-3.87659e-12
-5.93703e-10
-1.9054e-08
-3.42431e-07
-5.14234e-06
-7.78517e-05
-0.00103663
0.00280787
-0.0625913
0.0293128
-4.29543e-12
-6.38425e-10
-1.9791e-08
-3.44944e-07
-5.08133e-06
-7.55734e-05
-0.00101025
-6.39678e-06
-0.0767994
0.0221961
-4.08411e-12
-6.02007e-10
-1.86954e-08
-3.25412e-07
-4.79657e-06
-7.15138e-05
-0.000976406
-0.00394524
-0.0948479
-0.00694131
-1.135e-13
-2.45358e-11
-1.14661e-09
-2.83216e-08
-5.55584e-07
-1.03322e-05
-0.000154639
-0.000492366
-0.051654
-0.142223
-4.22085e-14
-4.52872e-12
2.19333e-11
4.46866e-09
1.69745e-07
7.2647e-06
0.000385654
0.0205752
0.288291
0.602686
1.70204e-12
3.41653e-10
1.40007e-08
2.83928e-07
4.71135e-06
8.06952e-05
0.00284585
0.16133
0.646186
0.657746
3.13162e-12
5.42357e-10
2.00711e-08
3.90506e-07
6.4668e-06
0.000108855
0.00349506
0.183401
0.718101
0.649766
3.89972e-12
6.40716e-10
2.28303e-08
4.40395e-07
7.34489e-06
0.00012158
0.00352314
0.176021
0.707493
0.634776
4.64055e-12
7.27624e-10
2.50059e-08
4.77126e-07
7.98608e-06
0.000129012
0.00335427
0.164593
0.67983
0.620043
5.39793e-12
8.07293e-10
2.66613e-08
5.01102e-07
8.40908e-06
0.000132968
0.00310242
0.152267
0.645569
0.607274
6.09462e-12
8.66486e-10
2.73219e-08
5.02969e-07
8.46724e-06
0.000132397
0.00280225
0.139678
0.607366
0.598514
6.56873e-12
8.80058e-10
2.61696e-08
4.67224e-07
7.89819e-06
0.000124085
0.00245304
0.127118
0.563502
0.593655
6.1425e-12
8.00785e-10
2.33212e-08
4.11964e-07
7.07759e-06
0.000113659
0.00206025
0.105821
0.47162
0.581856
1.46646e-13
3.4213e-11
1.76657e-09
4.57769e-08
9.42675e-07
1.67956e-05
0.000312189
0.0118063
0.181296
0.480278
-6.74839e-14
-1.93295e-11
-1.20274e-09
-3.00689e-08
-3.60768e-07
1.22202e-05
0.00100182
0.0401544
0.463214
1.01045
-6.41578e-12
-8.66897e-10
-2.87192e-08
-5.48857e-07
-8.7571e-06
-3.11406e-05
0.00622144
0.246357
0.911341
0.976813
-9.02023e-12
-1.15363e-09
-3.60861e-08
-6.77187e-07
-1.10094e-05
-5.39067e-05
0.0068544
0.272593
0.989305
0.959356
-9.8443e-12
-1.2413e-09
-3.81359e-08
-7.15844e-07
-1.194e-05
-7.64119e-05
0.0062662
0.262052
0.978231
0.953117
-1.03893e-11
-1.28397e-09
-3.85437e-08
-7.22274e-07
-1.24156e-05
-9.99723e-05
0.00542174
0.248472
0.956099
0.947808
-1.07404e-11
-1.28826e-09
-3.73891e-08
-6.95843e-07
-1.23561e-05
-0.000119823
0.004506
0.235105
0.932696
0.942865
-1.07586e-11
-1.235e-09
-3.40459e-08
-6.22974e-07
-1.14546e-05
-0.000129146
0.00361725
0.222322
0.909708
0.939224
-1.02096e-11
-1.09368e-09
-2.75838e-08
-4.84433e-07
-9.28959e-06
-0.000119001
0.00287112
0.210292
0.884264
0.937398
-8.67774e-12
-8.84788e-10
-2.06911e-08
-3.471e-07
-7.10783e-06
-0.00010919
0.00186115
0.184346
0.795394
0.940343
-3.69832e-13
-6.85633e-11
-3.00352e-09
-7.24854e-08
-1.49512e-06
-2.1099e-05
0.000195983
0.0247068
0.364561
0.931826
4.49798e-13
8.15731e-11
3.92067e-09
1.21039e-07
3.81538e-06
0.000122576
0.00327371
0.068316
0.590721
1.14711
8.05059e-12
9.19613e-10
2.92411e-08
7.41674e-07
2.3025e-05
0.000775221
0.0225975
0.34768
1.05038
1.06354
9.96833e-12
1.08926e-09
3.30555e-08
8.33211e-07
2.60959e-05
0.000881869
0.0254488
0.384235
1.1253
1.03991
1.00146e-11
1.08248e-09
3.22581e-08
8.15095e-07
2.58691e-05
0.000879599
0.0250706
0.377715
1.11695
1.03596
9.44593e-12
9.94465e-10
2.86578e-08
7.30621e-07
2.39635e-05
0.000836498
0.0241087
0.368772
1.1006
1.03396
8.40594e-12
8.38102e-10
2.26018e-08
5.88857e-07
2.06788e-05
0.000763245
0.0228403
0.360831
1.08409
1.03273
6.81636e-12
6.03928e-10
1.38226e-08
3.84591e-07
1.59051e-05
0.000657214
0.0211928
0.353346
1.06795
1.03334
4.51066e-12
2.72899e-10
1.78044e-09
1.07095e-07
9.40657e-06
0.000512126
0.0190163
0.345116
1.04939
1.03687
2.19082e-12
-1.72488e-11
-7.93445e-09
-1.18861e-07
3.78221e-06
0.000370707
0.0163472
0.321
0.971239
1.04925
3.58202e-13
5.31743e-11
1.90193e-09
5.35642e-08
2.05755e-06
8.51612e-05
0.00273652
0.0645033
0.5316
1.0913
4.043e-13
7.37643e-11
3.68691e-09
1.16074e-07
3.6253e-06
0.000115843
0.00310614
0.0663489
0.643349
1.25383
6.17848e-12
7.19128e-10
2.40025e-08
6.08366e-07
1.94623e-05
0.000702173
0.0216653
0.34697
1.15937
1.11507
7.04875e-12
7.90146e-10
2.53042e-08
6.36608e-07
2.08811e-05
0.000769869
0.02384
0.379598
1.24499
1.08635
7.01557e-12
7.98888e-10
2.58197e-08
6.51313e-07
2.12997e-05
0.000775913
0.0234052
0.371718
1.24282
1.08561
7.07719e-12
8.25234e-10
2.71189e-08
6.85092e-07
2.20902e-05
0.00078711
0.0231259
0.365595
1.23591
1.08466
7.35858e-12
8.7874e-10
2.93464e-08
7.41507e-07
2.34727e-05
0.000814355
0.0233264
0.365612
1.23325
1.0806
7.96654e-12
9.70778e-10
3.28288e-08
8.28214e-07
2.56688e-05
0.000864172
0.0241464
0.373013
1.23567
1.07328
9.06259e-12
1.1198e-09
3.81604e-08
9.58239e-07
2.89712e-05
0.000943341
0.025748
0.38851
1.23823
1.0645
9.47083e-12
1.18174e-09
4.02474e-08
9.99411e-07
2.99016e-05
0.000965481
0.0262035
0.382633
1.16115
1.08032
4.71597e-13
9.29143e-11
4.94807e-09
1.62536e-07
5.13762e-06
0.000159098
0.00396433
0.0761202
0.651718
1.21704
6.08225e-13
1.19324e-10
6.56406e-09
2.2439e-07
7.20063e-06
0.000221594
0.00533217
0.0883376
0.652991
1.19605
1.22545e-11
1.59899e-09
6.17743e-08
1.68756e-06
5.02618e-05
0.00154561
0.0371511
0.401595
1.10465
1.09494
1.4687e-11
1.85608e-09
7.0001e-08
1.89897e-06
5.65024e-05
0.0017293
0.0410419
0.438246
1.17691
1.07367
1.42898e-11
1.81437e-09
6.88034e-08
1.87588e-06
5.58028e-05
0.00169489
0.0396673
0.427943
1.17463
1.0753
1.33371e-11
1.70279e-09
6.5021e-08
1.78105e-06
5.29626e-05
0.00160391
0.0375227
0.414132
1.16723
1.07938
1.21702e-11
1.5607e-09
5.99777e-08
1.64675e-06
4.88773e-05
0.00148187
0.0350918
0.400732
1.16102
1.08359
1.08718e-11
1.39953e-09
5.40892e-08
1.48258e-06
4.37879e-05
0.00133387
0.0324018
0.38785
1.1569
1.08773
9.4499e-12
1.22009e-09
4.73777e-08
1.29014e-06
3.77888e-05
0.00116274
0.0295008
0.376132
1.15426
1.0912
8.28694e-12
1.13084e-09
4.60678e-08
1.26413e-06
3.63595e-05
0.00110627
0.0284671
0.36787
1.11008
1.10018
4.35123e-13
8.45434e-11
4.77241e-09
1.7176e-07
5.74791e-06
0.000180609
0.00445202
0.0798944
0.63541
1.19972
6.56667e-13
1.37853e-10
8.13618e-09
2.85359e-07
8.75782e-06
0.000247767
0.00545955
0.0864635
0.714902
1.33221
1.52787e-11
2.07434e-09
8.0346e-08
2.05541e-06
5.62785e-05
0.00163121
0.0372238
0.408783
1.2182
1.12962
1.8361e-11
2.35125e-09
8.56593e-08
2.12875e-06
5.93334e-05
0.00176915
0.0408371
0.446201
1.29444
1.09136
1.78749e-11
2.26108e-09
8.1266e-08
2.02611e-06
5.76566e-05
0.00174392
0.040121
0.439172
1.28728
1.09136
1.69225e-11
2.12083e-09
7.56228e-08
1.90421e-06
5.55334e-05
0.00171004
0.0395324
0.434358
1.27784
1.09244
1.58209e-11
1.96221e-09
6.95778e-08
1.78063e-06
5.3516e-05
0.00168644
0.039499
0.436167
1.27544
1.09114
1.46151e-11
1.79367e-09
6.35305e-08
1.66445e-06
5.17401e-05
0.00167339
0.0399827
0.444211
1.28018
1.08813
1.3417e-11
1.63394e-09
5.83064e-08
1.57497e-06
5.05305e-05
0.0016729
0.0409562
0.457358
1.28666
1.08496
1.09389e-11
1.33422e-09
4.85549e-08
1.36501e-06
4.54307e-05
0.00154748
0.0389875
0.434833
1.20611
1.11483
5.98407e-13
1.12532e-10
6.00381e-09
2.08346e-07
7.08318e-06
0.000230697
0.00566203
0.092782
0.711038
1.30475
5.27524e-13
1.22923e-10
8.28807e-09
3.31731e-07
1.11307e-05
0.000326505
0.00706592
0.0997358
0.700938
1.22726
1.66771e-11
2.68907e-09
1.26965e-07
3.73791e-06
0.000102821
0.00272996
0.0532092
0.467061
1.2259
1.12348
2.21059e-11
3.43269e-09
1.55744e-07
4.44841e-06
0.000120656
0.00317552
0.0608108
0.522992
1.32646
1.09549
2.26946e-11
3.50623e-09
1.577e-07
4.47827e-06
0.000121382
0.00317567
0.0599772
0.517882
1.33453
1.09607
2.25446e-11
3.46667e-09
1.5467e-07
4.36885e-06
0.000118385
0.00309063
0.0581503
0.508174
1.33246
1.09778
2.21692e-11
3.38138e-09
1.49214e-07
4.18447e-06
0.000113362
0.00296571
0.0561209
0.499318
1.32729
1.09658
2.1575e-11
3.25092e-09
1.41423e-07
3.931e-06
0.000106575
0.00280912
0.0540227
0.492352
1.3196
1.09156
2.06998e-11
3.06678e-09
1.31041e-07
3.60537e-06
9.80339e-05
0.00262398
0.0520221
0.489217
1.31345
1.08709
1.90909e-11
2.82724e-09
1.20899e-07
3.3563e-06
9.30889e-05
0.00256628
0.0527725
0.495668
1.2758
1.09917
8.28357e-13
1.81128e-10
1.12852e-08
4.24175e-07
1.38141e-05
0.000397595
0.00839839
0.116496
0.762309
1.23924
4.12308e-13
9.61822e-11
6.53935e-09
2.64624e-07
8.77816e-06
0.000249567
0.00523793
0.0747614
0.584018
1.1897
1.16702e-11
1.89975e-09
9.13713e-08
2.72302e-06
7.43103e-05
0.00194988
0.0377022
0.346242
1.00368
1.03287
1.48881e-11
2.33972e-09
1.08545e-07
3.1456e-06
8.50486e-05
0.00223181
0.0427773
0.385603
1.08699
1.00957
1.51106e-11
2.38393e-09
1.10842e-07
3.22369e-06
8.775e-05
0.00230169
0.043571
0.389862
1.10337
1.01456
1.50219e-11
2.38739e-09
1.11652e-07
3.26892e-06
8.97434e-05
0.0023615
0.0445052
0.396888
1.12241
1.02194
1.49579e-11
2.39241e-09
1.12459e-07
3.31433e-06
9.18526e-05
0.00243455
0.0460467
0.410668
1.15287
1.02984
1.4952e-11
2.40266e-09
1.1336e-07
3.36066e-06
9.40298e-05
0.00251848
0.0481673
0.431312
1.19485
1.03539
1.50428e-11
2.42232e-09
1.14443e-07
3.40642e-06
9.6015e-05
0.00259852
0.0505143
0.45503
1.22994
1.02806
1.4459e-11
2.37064e-09
1.13838e-07
3.43792e-06
9.78071e-05
0.00265997
0.051933
0.454149
1.16437
1.0327
5.66728e-13
1.32819e-10
9.06679e-09
3.70621e-07
1.26853e-05
0.000371194
0.00774285
0.101966
0.677801
1.21122
3.66271e-13
9.37907e-11
7.06304e-09
3.16957e-07
1.13531e-05
0.000336043
0.00716549
0.100518
0.77569
1.43859
1.24961e-11
2.24781e-09
1.20938e-07
4.01855e-06
0.000115667
0.00301328
0.0550813
0.463589
1.27182
1.20736
1.67585e-11
2.90186e-09
1.5013e-07
4.82459e-06
0.000136233
0.00351556
0.0630602
0.514465
1.3389
1.13273
1.6933e-11
2.92624e-09
1.50723e-07
4.82158e-06
0.000135898
0.00348566
0.0616305
0.50156
1.31645
1.10999
1.65246e-11
2.85929e-09
1.47072e-07
4.69229e-06
0.000132146
0.00337966
0.0594013
0.485307
1.28503
1.08731
1.60269e-11
2.77407e-09
1.42328e-07
4.52232e-06
0.000127198
0.00325464
0.0573184
0.471749
1.25115
1.0576
1.54724e-11
2.67438e-09
1.36604e-07
4.31446e-06
0.000121157
0.00311354
0.0554229
0.461455
1.21752
1.02964
1.4873e-11
2.56225e-09
1.30029e-07
4.07572e-06
0.000114339
0.00297088
0.0541655
0.459235
1.20205
1.03406
1.40993e-11
2.44532e-09
1.24692e-07
3.93356e-06
0.000111952
0.00298205
0.0561174
0.470258
1.18345
1.10689
5.85029e-13
1.41676e-10
1.01255e-08
4.35611e-07
1.53038e-05
0.000447238
0.0091836
0.118179
0.756981
1.31291
1.00864
1.39695
0.928014
0.822606
1.02296
1.19218
0.82315
0.997075
1.05395
1.00346
1.38429
1.12599
0.700694
1.03747
1.09313
1.05649
0.815842
1.10391
0.984216
1.01803
1.40092
1.0998
0.697566
1.0501
1.08731
1.0573
0.818751
1.10324
0.979365
1.02167
1.40109
1.10714
0.700565
1.04206
1.08694
1.0625
0.819428
1.09816
0.981432
1.02194
1.40257
1.11148
0.702501
1.03723
1.08782
1.0638
0.820541
1.09527
0.982912
1.02175
1.40543
1.1112
0.703377
1.03632
1.08885
1.06228
0.822157
1.09425
0.983341
1.02152
1.40971
1.10608
0.703163
1.03942
1.08984
1.05825
0.824069
1.09517
0.982729
1.02125
1.41472
1.09749
0.702101
1.04585
1.09163
1.05095
0.825907
1.09855
0.981382
1.02061
1.40026
1.11909
0.707296
1.03475
1.0967
1.04855
0.825216
1.09846
0.985651
1.01738
0.998971
1.39477
0.93436
0.81623
1.03313
1.18119
0.829618
0.996565
1.05311
1.00297
1.11894
0.89738
1.10524
0.961313
1.00439
0.999208
0.950647
1.05406
0.951503
1.03697
1.12437
0.92412
1.0762
0.940299
1.03872
0.952253
0.99307
1.03349
0.948941
1.04941
1.12761
0.924023
1.07133
0.944694
1.03855
0.949412
0.995523
1.03071
0.949043
1.05087
1.13276
0.918733
1.07662
0.942187
1.03987
0.949561
0.994582
1.0308
0.949437
1.05059
1.13855
0.912243
1.08318
0.938173
1.0422
0.948842
0.9948
1.03035
0.9503
1.04998
1.14417
0.905798
1.08967
0.933579
1.04527
0.947209
0.996083
1.02941
0.951268
1.04934
1.14887
0.900042
1.09556
0.928737
1.04894
0.94466
0.998441
1.02801
0.952274
1.04874
1.15255
0.894835
1.10092
0.923855
1.05273
0.94144
1.00198
1.02609
0.953521
1.04799
1.15799
0.886425
1.11172
0.916718
1.05524
0.942042
1.00163
1.02744
0.954295
1.04623
1.16799
0.863731
1.12249
0.953525
1.01157
0.992642
0.957084
1.04896
0.955572
1.03492
0.959374
1.04148
1.12491
0.841585
1.07073
0.963291
1.00963
1.01404
0.960911
1.03095
1.02367
1.05754
0.939351
0.978184
1.05736
0.914782
1.06225
0.966592
0.98976
1.02795
1.03112
1.05168
0.929604
0.997058
1.04611
0.914092
1.06492
0.963956
0.991766
1.02764
1.03201
1.05063
0.935304
0.991816
1.04816
0.913832
1.06396
0.965418
0.991017
1.02771
1.03326
1.04815
0.941236
0.986151
1.05105
0.913021
1.06382
0.966032
0.990814
1.02765
1.03491
1.0446
0.946274
0.981838
1.0536
0.911867
1.06445
0.965746
0.991192
1.02745
1.03666
1.04052
0.949871
0.979217
1.0556
0.910445
1.06584
0.964536
0.992128
1.02716
1.0384
1.03587
0.952238
0.977686
1.0574
0.908896
1.068
0.962371
0.99366
1.02673
1.03607
1.03322
0.969002
0.95695
1.06848
0.908915
1.06665
0.963917
0.992554
1.0268
0.992633
1.0021
1.1497
0.833456
1.07587
0.95867
1.0126
1.01218
0.962653
1.0305
0.904339
1.15182
1.06186
0.828581
1.10355
0.941656
1.02531
1.00158
0.971462
1.02455
1.01246
1.09734
0.857859
1.04234
1.03756
0.908249
1.07944
0.949692
1.00611
1.0175
1.02245
1.08401
0.852675
1.06414
1.02169
0.909954
1.08137
0.947156
1.00866
1.01675
1.0225
1.08511
0.856961
1.05859
1.02417
0.909343
1.08056
0.948536
1.00795
1.01683
1.02254
1.08466
0.860915
1.05364
1.02674
0.908445
1.08055
0.948992
1.00777
1.01682
1.02275
1.08246
0.864384
1.05071
1.02807
0.907707
1.08115
0.94849
1.00823
1.01666
1.02284
1.07903
0.866935
1.04999
1.02801
0.907261
1.08232
0.947011
1.00933
1.01639
1.02261
1.07477
0.868168
1.05092
1.02721
0.907024
1.08409
0.944582
1.01103
1.01599
1.01591
1.0801
0.879772
1.02875
1.04083
0.905496
1.08358
0.945507
1.00971
1.01651
0.927536
1.12066
1.0782
0.823871
1.10967
0.93398
1.03007
0.999144
0.972543
1.02487
0.869434
1.20722
1.01743
0.850617
1.10107
0.935814
1.0303
0.998128
0.975697
1.0217
0.999709
1.1223
0.823361
1.0807
1.0114
0.919634
1.07714
0.948765
1.00986
1.01432
1.01083
1.1075
0.818908
1.10472
0.992591
0.924066
1.07743
0.946919
1.01233
1.01346
1.00977
1.1108
0.820484
1.10207
0.993067
0.924616
1.07603
0.948527
1.01161
1.01345
1.00933
1.11193
0.821934
1.10016
0.993294
0.925167
1.07529
0.949291
1.01139
1.01333
1.01016
1.11008
0.823794
1.09995
0.992076
0.926228
1.07494
0.949225
1.01174
1.01307
1.01238
1.10532
0.826146
1.10121
0.989524
0.927854
1.07494
0.948336
1.01262
1.01272
1.01576
1.09789
0.828776
1.10299
0.986651
0.929678
1.0754
0.946678
1.01394
1.0123
1.00838
1.10442
0.838425
1.08141
1.00012
0.927712
1.0752
0.947634
1.01242
1.01279
0.884106
1.1934
1.01321
0.861551
1.09867
0.932208
1.03365
0.996108
0.97778
1.02032
0.892164
1.19495
1.01621
0.848696
1.10994
0.924832
1.03933
0.992135
0.978992
1.02043
1.00978
1.10267
0.838013
1.0721
1.01465
0.914396
1.08475
0.940779
1.01684
1.01121
1.01853
1.08773
0.836102
1.0931
0.997099
0.918072
1.0857
0.938074
1.0201
1.0101
1.01688
1.09115
0.837828
1.08976
0.998419
0.917547
1.08524
0.938891
1.01989
1.01001
1.01485
1.09361
0.8385
1.08787
0.999045
0.91726
1.08535
0.938815
1.02028
1.00975
1.01288
1.09435
0.838736
1.08829
0.997783
0.917759
1.08573
0.937843
1.0214
1.00928
1.01102
1.09362
0.838382
1.09097
0.994596
0.919218
1.08626
0.935997
1.02327
1.00858
1.00974
1.09125
0.837086
1.09544
0.990122
0.921536
1.08689
0.93346
1.02575
1.00769
1.00368
1.09974
0.842172
1.07868
1.00076
0.920681
1.08646
0.934053
1.02481
1.00806
0.89525
1.18973
1.00769
0.858947
1.11122
0.914141
1.04948
0.984007
0.984105
1.01967
0.856807
1.2562
0.946512
0.89803
1.08868
0.934835
1.03844
0.990387
0.981063
1.01704
0.997943
1.12136
0.804861
1.1239
0.969911
0.947361
1.06958
0.946009
1.01613
1.00936
1.01168
1.10123
0.807569
1.14578
0.947956
0.956281
1.06722
0.945448
1.01816
1.00857
1.01124
1.1039
0.809218
1.14396
0.947373
0.957929
1.06534
0.947441
1.01708
1.00862
1.01084
1.10478
0.810987
1.14256
0.946643
0.959659
1.06395
0.948644
1.01645
1.00861
1.01127
1.10294
0.813738
1.1424
0.944489
0.962134
1.06265
0.949148
1.0163
1.00858
1.01238
1.09866
0.817521
1.14313
0.941116
0.965371
1.06141
0.948922
1.01659
1.0086
1.01379
1.09273
0.821323
1.14422
0.937644
0.968683
1.06048
0.947925
1.01722
1.00874
1.00268
1.10476
0.824944
1.12538
0.951828
0.964658
1.06149
0.94806
1.01533
1.00978
0.8722
1.24238
0.937478
0.919698
1.07889
0.935082
1.04035
0.990654
0.979005
1.01696
0.928503
1.20384
0.972765
0.853147
1.13446
0.878805
1.07456
0.962973
0.994
1.01624
1.01133
1.06965
0.84212
1.07604
0.996586
0.901044
1.10296
0.908667
1.04144
1.001
1.01737
1.05438
0.843034
1.09718
0.974211
0.908899
1.10214
0.904644
1.04681
0.998473
1.01637
1.05911
0.842061
1.09686
0.973427
0.909025
1.10199
0.904538
1.0479
0.997409
1.01511
1.06226
0.84073
1.09763
0.971701
0.909885
1.1019
0.903903
1.04963
0.995999
1.01426
1.06269
0.840371
1.09971
0.968041
0.912112
1.10151
0.902789
1.05207
0.994203
1.01437
1.06025
0.841022
1.10276
0.962678
0.915742
1.10066
0.901283
1.05516
0.992036
1.01463
1.05488
0.842758
1.10571
0.956677
0.920348
1.09926
0.899776
1.05851
0.989645
1.01084
1.06394
0.845243
1.09085
0.967451
0.919198
1.09803
0.902215
1.057
0.989562
0.926771
1.20938
0.944854
0.887146
1.11913
0.874046
1.0853
0.949056
1.00962
1.00685
0.807997
1.17192
0.966899
0.943202
1.04594
0.923076
0.993669
1.02619
0.944076
1.05829
0.96341
1.1151
0.837412
1.09795
0.919253
0.962444
0.99643
0.998775
0.959208
1.0636
0.977977
1.09537
0.838048
1.1147
0.900252
0.970482
0.993472
0.993723
0.961624
1.06454
0.97485
1.09432
0.840162
1.11191
0.900807
0.967887
0.993995
0.990922
0.963125
1.06466
0.971253
1.09391
0.841279
1.10906
0.901017
0.965573
0.994625
0.987991
0.965032
1.0646
0.967978
1.09309
0.841511
1.10775
0.899383
0.964405
0.994897
0.984864
0.967224
1.06452
0.964941
1.09247
0.841181
1.10754
0.895975
0.964663
0.994519
0.9818
0.969484
1.06458
0.965496
1.09039
0.840274
1.10821
0.891135
0.96661
0.993125
0.979489
0.971609
1.06483
0.957549
1.09627
0.844818
1.09123
0.90387
0.959069
0.995574
0.979985
0.972317
1.06496
0.814865
1.16487
0.95067
0.944826
1.04795
0.894846
1.01419
1.00055
0.951215
1.06547
0.960397
1.29142
0.699667
1.02199
0.928548
1.25656
0.733246
1.09391
0.960266
1.06363
1.00575
1.0152
0.687068
1.19569
0.951427
1.13223
0.732273
1.19486
0.877841
1.09884
1.01519
0.988106
0.697164
1.20014
0.946806
1.13264
0.733723
1.19545
0.870306
1.10528
1.01748
0.986831
0.698085
1.19444
0.945132
1.13823
0.732113
1.19308
0.86931
1.10786
1.01945
0.98337
0.700428
1.19094
0.944272
1.13983
0.731632
1.19215
0.868159
1.1099
1.02319
0.976099
0.705489
1.18872
0.944256
1.138
0.7325
1.19226
0.866462
1.11175
1.02792
0.966182
0.712357
1.18826
0.944984
1.13278
0.73486
1.19311
0.864576
1.11318
1.02685
0.957439
0.720424
1.18986
0.946532
1.12422
0.738055
1.19547
0.862655
1.11393
1.01057
0.976487
0.716152
1.18642
0.947637
1.12321
0.736276
1.19741
0.86456
1.11243
0.968236
1.23651
0.704392
1.02675
0.924683
1.25135
0.725404
1.11159
0.936935
1.08089
7.68251e-14
2.19215e-11
1.89796e-09
9.69971e-08
3.74698e-06
0.000113958
0.00247083
0.0403633
0.219736
0.68139
3.24608e-12
6.99465e-10
4.62005e-08
1.84639e-06
5.82922e-05
0.00151528
0.0273931
0.250135
0.685656
0.889321
5.01187e-12
1.05317e-09
6.77661e-08
2.65069e-06
8.27588e-05
0.00213897
0.037878
0.324459
0.9186
1.09499
5.70094e-12
1.20134e-09
7.74297e-08
3.04103e-06
9.58435e-05
0.00249643
0.0438212
0.364756
1.05136
1.25151
6.28224e-12
1.33131e-09
8.62011e-08
3.40791e-06
0.000108665
0.00286312
0.0501476
0.409974
1.19102
1.40872
6.91851e-12
1.47359e-09
9.57796e-08
3.80777e-06
0.000122775
0.00327766
0.0575682
0.466235
1.35834
1.58009
7.62226e-12
1.62899e-09
1.06005e-07
4.22195e-06
0.000137113
0.00370734
0.0656385
0.530165
1.53214
1.69014
8.3436e-12
1.7817e-09
1.15445e-07
4.57371e-06
0.000148415
0.00403581
0.0720587
0.583249
1.62368
1.56222
9.32506e-12
1.99802e-09
1.2903e-07
5.07893e-06
0.000163987
0.00444303
0.0782967
0.596018
1.48634
1.27409
2.95488e-13
8.63607e-11
7.55168e-09
3.94304e-07
1.5905e-05
0.000497368
0.0104067
0.128345
0.823423
1.47875
4.8319e-15
1.52531e-12
1.47533e-10
8.35268e-09
3.45122e-07
1.10206e-05
0.000223662
0.00485627
0.0437549
-0.0685214
2.4437e-13
6.09417e-11
4.70434e-09
2.1672e-07
7.44374e-06
0.000200106
0.00371776
0.0466301
0.162563
-0.130859
4.30039e-13
1.05517e-10
8.00763e-09
3.63641e-07
1.23925e-05
0.00033138
0.00615114
0.0695833
0.221169
-0.213688
5.57757e-13
1.37881e-10
1.05415e-08
4.83696e-07
1.67578e-05
0.000455614
0.00854804
0.0910657
0.258609
-0.297505
7.10669e-13
1.77555e-10
1.37265e-08
6.39116e-07
2.26172e-05
0.00062804
0.0118992
0.118639
0.292814
-0.393883
9.17815e-13
2.31888e-10
1.81376e-08
8.57291e-07
3.09912e-05
0.00087952
0.0167285
0.1538
0.31867
-0.509853
1.20034e-12
3.0668e-10
2.42489e-08
1.16195e-06
4.28578e-05
0.00123815
0.0234084
0.19456
0.318237
-0.680723
1.59638e-12
4.1134e-10
3.26985e-08
1.57449e-06
5.85326e-05
0.00170655
0.0313992
0.229818
0.266633
-0.801261
2.16368e-12
5.5978e-10
4.43538e-08
2.11883e-06
7.80054e-05
0.00222159
0.0382675
0.235488
0.0970886
-1.19915
4.5428e-14
1.6282e-11
1.75569e-09
1.12296e-07
5.34577e-06
0.000188551
0.00431868
0.0519353
0.136916
-1.00222
2.10956e-16
7.28385e-14
7.69453e-12
4.76236e-10
2.10374e-08
7.1701e-07
1.3449e-05
0.000327223
0.00400547
-0.000695309
1.2783e-14
3.59174e-12
3.11846e-10
1.6007e-08
5.91453e-07
1.67462e-05
0.000305681
0.00494143
0.0248938
-0.00221133
2.54013e-14
7.06029e-12
6.05614e-10
3.07152e-08
1.1276e-06
3.17476e-05
0.000588609
0.00867502
0.0391221
-0.00386653
3.73017e-14
1.04761e-11
9.0804e-10
4.66931e-08
1.74917e-06
5.02062e-05
0.00095844
0.0135712
0.0530231
-0.00474317
5.45785e-14
1.55423e-11
1.36745e-09
7.16285e-08
2.75102e-06
8.0984e-05
0.00159856
0.0214319
0.0700279
-0.00492657
8.20226e-14
2.37096e-11
2.12075e-09
1.13408e-07
4.47806e-06
0.000135368
0.0027492
0.0338262
0.0878864
-0.00373125
1.2634e-13
3.7141e-11
3.377e-09
1.83731e-07
7.43462e-06
0.000231309
0.00479957
0.0517833
0.100184
-0.00153638
2.0024e-13
5.99911e-11
5.54782e-09
3.08009e-07
1.27694e-05
0.000402653
0.00817392
0.0721911
0.0964147
0.00786339
3.2614e-13
9.78163e-11
8.97369e-09
4.91338e-07
2.0067e-05
0.000618131
0.011717
0.0820723
0.0640098
0.013777
4.27919e-15
1.90002e-12
2.47454e-10
1.83679e-08
9.81522e-07
3.76922e-05
0.000950399
0.0137915
0.0476837
0.0473906
7.32169e-18
2.73997e-15
3.11732e-13
2.08848e-11
9.83057e-10
3.57314e-08
6.66745e-07
1.59403e-05
0.000240946
3.90479e-07
5.32827e-16
1.6608e-13
1.58771e-11
8.92098e-10
3.52523e-08
1.05986e-06
1.91913e-05
0.000353478
0.00246179
1.33215e-05
1.19072e-15
3.68535e-13
3.49035e-11
1.93806e-09
7.61221e-08
2.27814e-06
4.20419e-05
0.000722796
0.00444118
3.55145e-05
1.96988e-15
6.17118e-13
5.91514e-11
3.34195e-09
1.34159e-07
4.09361e-06
7.80358e-05
0.00132507
0.00702166
0.00011598
3.29084e-15
1.04864e-12
1.02397e-10
5.88249e-09
2.42155e-07
7.59617e-06
0.000151076
0.00251814
0.0110299
0.000279864
5.70781e-15
1.85072e-12
1.84062e-10
1.08715e-08
4.61806e-07
1.48626e-05
0.000308511
0.00491005
0.0166391
0.000538754
1.03158e-14
3.411e-12
3.45402e-10
2.06433e-08
8.98393e-07
2.99834e-05
0.000655978
0.00951305
0.0229404
0.000849154
1.90514e-14
6.5084e-12
6.78759e-10
4.20796e-08
1.89915e-06
6.45598e-05
0.00142501
0.0167376
0.0268555
0.000894587
3.72218e-14
1.26426e-11
1.30086e-09
7.87631e-08
3.4862e-06
0.000116187
0.00245402
0.0221771
0.0227498
0.000128708
2.72255e-16
1.6261e-13
2.55584e-11
2.12871e-09
1.21682e-07
4.91076e-06
0.000124156
0.00226229
0.00959701
-0.00489175
2.16261e-19
8.713e-17
1.05855e-14
7.61344e-13
3.81234e-11
1.47799e-09
2.8827e-08
6.57598e-07
1.25063e-05
-9.99641e-08
1.8886e-17
6.47039e-15
6.72168e-13
4.09443e-11
1.72661e-09
5.52392e-08
1.02193e-06
2.01114e-05
0.000187326
1.97405e-06
4.73759e-17
1.6158e-14
1.66534e-12
1.00175e-10
4.19773e-09
1.33769e-07
2.5173e-06
4.71433e-05
0.000385437
4.83538e-06
8.79157e-17
3.03982e-14
3.17621e-12
1.94882e-10
8.35188e-09
2.71177e-07
5.24813e-06
9.8384e-05
0.000703279
1.2385e-05
1.66909e-16
5.89108e-14
6.27955e-12
3.90752e-10
1.71259e-08
5.72668e-07
1.15382e-05
0.000217453
0.00129974
2.98416e-05
3.31735e-16
1.19335e-13
1.2996e-11
8.35192e-10
3.78556e-08
1.29608e-06
2.72062e-05
0.000507365
0.00235613
6.46418e-05
7.01492e-16
2.57204e-13
2.84316e-11
1.83753e-09
8.49748e-08
3.02513e-06
6.76553e-05
0.0012188
0.00399058
0.000120032
1.48242e-15
5.71981e-13
6.6048e-11
4.47758e-09
2.16505e-07
7.8768e-06
0.000182115
0.00277911
0.0059414
0.000184284
3.45306e-15
1.31953e-12
1.49575e-10
9.81575e-09
4.62758e-07
1.6539e-05
0.00037623
0.00447947
0.00628826
0.000166888
1.08791e-17
1.09925e-14
2.17721e-12
2.02286e-10
1.21704e-08
5.1423e-07
1.18819e-05
0.00026329
0.00144123
-1.88076e-05
5.66015e-21
2.44749e-18
3.1508e-16
2.42127e-14
1.28905e-12
5.32202e-11
1.11915e-09
2.49146e-08
5.67021e-07
-2.58754e-09
5.91618e-19
2.21547e-16
2.48022e-14
1.62827e-12
7.32438e-11
2.49516e-09
4.84821e-08
1.00166e-06
1.18076e-05
1.73802e-07
1.66542e-18
6.21781e-16
6.9046e-14
4.47141e-12
1.9974e-10
6.78241e-09
1.33512e-07
2.65885e-06
2.77785e-05
4.36733e-07
3.45143e-18
1.30871e-15
1.47853e-13
9.7892e-12
4.47039e-10
1.54406e-08
3.10454e-07
6.21282e-06
5.80967e-05
1.06288e-06
7.44662e-18
2.88949e-15
3.322e-13
2.22141e-11
1.03421e-09
3.68129e-08
7.66446e-07
1.55559e-05
0.000125043
2.70606e-06
1.67606e-17
6.66547e-15
7.88171e-13
5.46621e-11
2.63241e-09
9.56996e-08
2.05716e-06
4.21635e-05
0.000269972
6.65368e-06
4.15559e-17
1.67384e-14
1.99522e-12
1.38203e-10
6.7532e-09
2.55024e-07
5.81962e-06
0.000119674
0.000555939
1.46195e-05
9.88213e-17
4.30043e-14
5.43537e-12
3.97922e-10
2.04326e-08
7.90723e-07
1.88071e-05
0.000347482
0.00106153
2.77555e-05
2.7405e-16
1.1741e-13
1.45169e-11
1.02265e-09
5.08858e-08
1.93511e-06
4.60121e-05
0.000693755
0.00141599
3.6667e-05
-6.45372e-21
6.0762e-16
1.66187e-13
1.73846e-11
1.1133e-09
5.14009e-08
1.04665e-06
3.06571e-05
0.000209012
1.64941e-06
1.34582e-22
6.23602e-20
8.46107e-18
6.93107e-16
3.93271e-14
1.72071e-12
3.97509e-11
8.97803e-10
2.27412e-08
3.31751e-10
1.67738e-20
6.84818e-18
8.21807e-16
5.79573e-14
2.78343e-12
1.00949e-10
2.10222e-09
4.57582e-08
6.42256e-07
1.67095e-08
5.31105e-20
2.15807e-17
2.56595e-15
1.78294e-13
8.4938e-12
3.07237e-10
6.46008e-09
1.36327e-07
1.72774e-06
4.21717e-08
1.2186e-19
5.06932e-17
6.16254e-15
4.38628e-13
2.13451e-11
7.83814e-10
1.66997e-08
3.54471e-07
4.1227e-06
9.49956e-08
3.01281e-19
1.27394e-16
1.56791e-14
1.12205e-12
5.54629e-11
2.09802e-09
4.60764e-08
9.87861e-07
1.02626e-05
2.41882e-07
7.55458e-19
3.33118e-16
4.25397e-14
3.16797e-12
1.61958e-10
6.24533e-09
1.3996e-07
3.06788e-06
2.62827e-05
6.49646e-07
2.21018e-18
9.71339e-16
1.23983e-13
9.1644e-12
4.72181e-10
1.88462e-08
4.44646e-07
9.8942e-06
6.49351e-05
1.63792e-06
5.82988e-18
2.86782e-15
3.94201e-13
3.09372e-11
1.68129e-09
6.89911e-08
1.68911e-06
3.56683e-05
0.000158771
3.84966e-06
1.92015e-17
9.23292e-15
1.23915e-12
9.33018e-11
4.88884e-09
1.96977e-07
4.8452e-06
8.78757e-05
0.000268872
7.41848e-06
-4.98736e-20
2.70616e-17
1.19832e-14
1.42017e-12
9.79234e-11
5.16049e-09
9.73288e-08
3.85431e-06
3.1865e-05
7.20529e-07
2.95405e-24
1.46391e-21
2.09077e-19
1.82387e-17
1.10413e-15
5.10506e-14
1.30989e-12
3.10544e-11
8.25162e-10
4.91406e-11
4.3723e-22
1.94419e-19
2.49298e-17
1.88609e-15
9.68819e-14
3.74129e-12
8.46179e-11
1.95719e-09
3.10833e-08
1.59129e-09
1.56127e-21
6.87656e-19
8.72207e-17
6.49481e-15
3.30401e-13
1.27248e-11
2.8994e-10
6.51116e-09
9.53532e-08
4.22166e-09
3.93293e-21
1.79939e-18
2.34818e-16
1.79355e-14
9.31503e-13
3.63627e-11
8.3254e-10
1.88246e-08
2.58698e-07
9.30598e-09
1.12194e-20
5.14553e-18
6.75071e-16
5.16293e-14
2.71164e-12
1.08836e-10
2.56349e-09
5.79737e-08
7.38022e-07
2.32546e-08
3.10229e-20
1.52006e-17
2.09066e-15
1.66797e-13
9.06482e-12
3.70667e-10
8.79974e-09
2.04629e-07
2.23453e-06
6.5177e-08
1.07059e-19
5.13465e-17
6.9979e-15
5.51166e-13
2.99539e-11
1.26037e-09
3.12877e-08
7.36034e-07
6.53468e-06
1.79345e-07
3.11436e-19
1.73757e-16
2.58908e-14
2.17043e-12
1.24875e-10
5.42634e-09
1.38278e-07
3.20949e-06
2.0296e-05
5.18561e-07
1.20945e-18
6.56747e-16
9.56167e-14
7.68932e-12
4.24703e-10
1.80945e-08
4.62941e-07
9.68226e-06
4.3613e-05
1.40924e-06
-5.82488e-21
8.3712e-19
8.41532e-16
1.12365e-13
8.39212e-12
5.02653e-10
9.65739e-09
4.62563e-07
4.70096e-06
2.05588e-07
6.03909e-26
3.20341e-23
4.81779e-21
4.46587e-19
2.88535e-17
1.41101e-15
4.03775e-14
1.02841e-12
2.75774e-11
3.93866e-12
1.05872e-23
5.12362e-21
7.00927e-19
5.68835e-17
3.13363e-15
1.29024e-13
3.19489e-12
7.89642e-11
1.36723e-09
1.33256e-10
4.26293e-23
2.03371e-20
2.74806e-18
2.19304e-16
1.19413e-14
4.89761e-13
1.21944e-11
2.93018e-10
4.76558e-09
3.88068e-10
1.17643e-22
5.92256e-20
8.28526e-18
6.78946e-16
3.77511e-14
1.56826e-12
3.89651e-11
9.41518e-10
1.4664e-08
9.07653e-10
3.86962e-22
1.9258e-19
2.69045e-17
2.19962e-15
1.23041e-13
5.23517e-12
1.33615e-10
3.21161e-09
4.7586e-08
2.33966e-09
1.1777e-21
6.41899e-19
9.4923e-17
8.10984e-15
4.70085e-13
2.0398e-11
5.19813e-10
1.28056e-08
1.69344e-07
6.88605e-09
4.76443e-21
2.50376e-18
3.6454e-16
3.06268e-14
1.76008e-12
7.79631e-11
2.06406e-09
5.12463e-08
5.79988e-07
2.00968e-08
1.52735e-20
9.7106e-18
1.56726e-15
1.4019e-13
8.56124e-12
3.94039e-10
1.06127e-08
2.64761e-07
2.26142e-06
7.11605e-08
6.91119e-20
4.28528e-17
6.78658e-15
5.83961e-13
3.41336e-11
1.53577e-09
4.13317e-08
9.67541e-07
6.11203e-06
2.53857e-07
-4.76422e-22
-5.71639e-22
5.81231e-17
8.62118e-15
7.00076e-13
4.64701e-11
9.89053e-10
5.09976e-08
6.38017e-07
4.84454e-08
1.15451e-27
6.5817e-25
1.04506e-22
1.03009e-20
7.09113e-19
3.67332e-17
1.16977e-15
3.24311e-14
8.6159e-13
2.37956e-13
2.39817e-25
1.2612e-22
1.84022e-20
1.60436e-18
9.50508e-17
4.18288e-15
1.13931e-13
3.01154e-12
5.5411e-11
9.54419e-12
1.08513e-24
5.61574e-22
8.08981e-20
6.93115e-18
4.04994e-16
1.77155e-14
4.84066e-13
1.247e-11
2.18884e-10
3.11453e-11
3.28932e-24
1.82021e-21
2.72828e-19
2.40184e-17
1.43435e-15
6.3575e-14
1.72575e-12
4.459e-11
7.61429e-10
8.10033e-11
1.23838e-23
6.71847e-21
1.00142e-18
8.77254e-17
5.2419e-15
2.36671e-13
6.58151e-12
1.69103e-10
2.801e-09
2.27062e-10
4.16964e-23
2.52833e-20
4.01819e-18
3.6795e-16
2.28359e-14
1.05392e-12
2.91182e-11
7.61225e-10
1.16306e-08
7.31514e-10
1.95723e-22
1.13466e-19
1.76896e-17
1.591e-15
9.71469e-14
4.53293e-12
1.29054e-10
3.39488e-09
4.63235e-08
2.28928e-09
6.93164e-22
5.04965e-19
8.8386e-17
8.44949e-15
5.49535e-13
2.68205e-11
7.74194e-10
2.05885e-08
2.24087e-07
9.92324e-09
3.60386e-21
2.58794e-18
4.47872e-16
4.13851e-14
2.57613e-12
1.22494e-10
3.50774e-09
9.00164e-08
7.52939e-07
4.30719e-08
-3.26479e-23
-2.84262e-21
3.93913e-18
6.39017e-16
5.65078e-14
4.06119e-12
1.00563e-10
5.239e-09
7.88389e-08
9.65635e-09
2.06817e-29
1.28359e-26
2.14865e-24
2.26028e-22
1.66029e-20
9.12376e-19
3.22153e-17
9.7435e-16
2.55315e-14
1.18771e-14
5.10071e-27
2.90943e-24
4.5294e-22
4.25478e-20
2.72045e-18
1.28319e-16
3.85296e-15
1.08631e-13
2.08728e-12
5.89402e-13
2.57282e-26
1.45086e-23
2.23398e-21
2.06201e-19
1.29784e-17
6.06997e-16
1.82286e-14
5.02489e-13
9.33314e-12
2.1726e-12
8.6546e-26
5.24548e-23
8.42048e-21
7.98638e-19
5.14267e-17
2.43902e-15
7.26573e-14
2.00362e-12
3.65822e-11
6.40947e-12
3.6686e-25
2.18845e-22
3.49471e-20
3.29488e-18
2.11347e-16
1.01535e-14
3.08413e-13
8.4763e-12
1.52345e-10
2.01211e-11
1.3878e-24
9.32739e-22
1.59346e-19
1.56897e-17
1.04713e-15
5.15432e-14
1.55448e-12
4.3184e-11
7.3346e-10
7.35105e-11
7.383e-24
4.78698e-21
8.03438e-19
7.77415e-17
5.07868e-15
2.50483e-13
7.71056e-12
2.15215e-10
3.37897e-09
2.53422e-10
2.9181e-23
2.45184e-20
4.66943e-18
4.79419e-16
3.33731e-14
1.73076e-12
5.40292e-11
1.5284e-09
2.00755e-08
1.34413e-09
1.70472e-22
1.44823e-19
2.76103e-17
2.75498e-15
1.84025e-13
9.27426e-12
2.85197e-10
7.90136e-09
8.27948e-08
6.76383e-09
-1.98751e-24
-3.31736e-22
2.55256e-19
4.52359e-17
4.37828e-15
3.35917e-13
9.83367e-12
5.06696e-10
8.85341e-09
1.64835e-09
3.44847e-31
2.36934e-28
4.17357e-26
4.7191e-24
3.72e-22
2.18028e-20
8.4746e-19
2.78324e-17
7.21174e-16
5.10165e-16
1.01624e-28
6.28777e-26
1.04627e-23
1.06407e-21
7.37482e-20
3.74102e-18
1.2387e-16
3.70688e-15
7.35091e-14
3.18329e-14
5.66502e-28
3.50568e-25
5.79181e-23
5.78798e-21
3.94405e-19
1.9803e-17
6.53497e-16
1.91798e-14
3.71742e-13
1.3294e-13
2.13563e-27
1.41618e-24
2.43875e-22
2.50402e-20
1.74706e-18
8.89733e-17
2.91395e-15
8.54528e-14
1.63712e-12
4.47835e-13
1.00224e-26
6.65001e-24
1.14399e-21
1.16739e-19
8.09076e-18
4.1553e-16
1.38075e-14
4.04276e-13
7.71167e-12
1.59512e-12
4.3162e-26
3.21753e-23
5.92332e-21
6.30943e-19
4.55422e-17
2.40041e-15
7.92767e-14
2.33835e-12
4.28343e-11
6.73165e-12
2.55112e-25
1.87782e-22
3.41582e-20
3.57741e-18
2.52091e-16
1.32143e-14
4.41742e-13
1.30568e-11
2.2721e-10
2.61216e-11
1.12789e-24
1.108e-21
2.31045e-19
2.56878e-17
1.92867e-15
1.06732e-13
3.6235e-12
1.08736e-10
1.64496e-09
1.68869e-10
7.265e-24
7.5081e-21
1.59139e-18
1.72811e-16
1.24996e-14
6.714e-13
2.23344e-11
6.5987e-10
8.24146e-09
9.68494e-10
-1.08638e-25
-2.78031e-23
1.56958e-20
3.05497e-18
3.26026e-16
2.66093e-14
9.22854e-13
4.67339e-11
9.10311e-10
2.44154e-10
5.31917e-33
4.1489e-30
7.67758e-28
9.39506e-26
8.03104e-24
5.05015e-22
2.14952e-20
7.58852e-19
1.95443e-17
1.93226e-17
1.87329e-30
1.26613e-27
2.26275e-25
2.51018e-23
1.8981e-21
1.04029e-19
3.79301e-18
1.19734e-16
2.42919e-15
1.52277e-15
1.14563e-29
7.88461e-27
1.4069e-24
1.53338e-22
1.13951e-20
6.1733e-19
2.23663e-17
6.94078e-16
1.3891e-14
7.21383e-15
4.87934e-29
3.56014e-26
6.60878e-24
7.40833e-22
5.63895e-20
3.09924e-18
1.1159e-16
3.46002e-15
6.85653e-14
2.77743e-14
2.49833e-28
1.87569e-25
3.50421e-23
3.90221e-21
2.94707e-19
1.62773e-17
5.92081e-16
1.83516e-14
3.6527e-13
1.12887e-13
1.23453e-27
1.02955e-24
2.05629e-22
2.39422e-20
1.88472e-18
1.06974e-16
3.87522e-15
1.20851e-13
2.33079e-12
5.53815e-13
7.95704e-27
6.80601e-24
1.35582e-21
1.55109e-19
1.19005e-17
6.67559e-16
2.4309e-14
7.57757e-13
1.41874e-11
2.452e-12
3.88818e-26
4.6012e-23
1.06546e-20
1.29997e-18
1.06424e-16
6.32303e-15
2.34325e-13
7.42167e-12
1.24316e-10
1.91879e-11
2.64396e-25
3.53916e-22
8.52497e-20
1.02167e-17
8.09649e-16
4.66476e-14
1.68435e-12
5.24393e-11
7.46942e-10
1.25063e-10
-5.21363e-27
-2.15852e-24
8.67517e-22
1.93131e-19
2.32337e-17
2.02717e-15
8.23214e-14
4.0913e-12
8.54113e-11
3.16729e-11
7.59817e-35
6.87122e-32
1.33241e-29
1.78242e-27
1.68347e-25
1.14543e-23
5.2918e-22
1.98823e-20
5.10559e-19
6.60655e-19
3.13797e-32
2.35064e-29
4.54909e-27
5.57467e-25
4.64645e-23
2.7691e-21
1.1096e-19
3.66654e-18
7.54754e-17
6.51205e-17
2.10266e-31
1.63666e-28
3.18177e-26
3.82466e-24
3.13505e-22
1.84606e-20
7.32935e-19
2.38644e-17
4.88187e-16
3.50627e-16
1.00891e-30
8.23215e-28
1.66213e-25
2.06368e-23
1.73278e-21
1.03484e-19
4.09341e-18
1.33145e-16
2.69545e-15
1.5378e-15
5.59788e-30
4.86647e-27
9.97278e-25
1.22652e-22
1.02243e-20
6.12499e-19
2.43823e-17
7.93996e-16
1.62464e-14
7.1703e-15
3.16119e-29
3.01237e-26
6.59823e-24
8.54415e-22
7.43357e-20
4.58183e-18
1.82169e-16
5.96053e-15
1.18688e-13
4.07803e-14
2.19225e-28
2.25672e-25
4.97976e-23
6.30604e-21
5.34427e-19
3.23987e-17
1.28725e-15
4.20696e-14
8.26846e-13
2.08555e-13
1.14548e-27
1.72997e-24
4.51968e-22
6.17551e-20
5.61022e-18
3.61783e-16
1.46772e-14
4.86466e-13
8.72543e-12
1.95331e-12
7.83852e-27
1.51214e-23
4.21038e-21
5.66116e-19
5.00259e-17
3.13146e-15
1.23381e-13
4.00401e-12
6.24924e-11
1.45153e-11
-2.09749e-28
-1.47381e-25
4.25131e-23
1.12764e-20
1.57729e-18
1.50374e-16
7.11898e-15
3.45496e-13
7.42159e-12
3.62615e-12
9.93162e-37
1.06295e-33
2.17723e-31
3.21265e-29
3.44772e-27
2.56871e-25
1.27857e-23
5.08539e-22
1.30221e-20
2.10303e-20
4.62464e-34
3.94955e-31
8.38837e-29
1.15999e-26
1.08456e-24
7.09666e-23
3.11696e-21
1.0673e-19
2.20571e-18
2.50146e-18
3.40931e-33
3.08011e-30
6.6171e-28
8.94153e-26
8.2301e-24
5.32483e-22
2.30963e-20
7.81859e-19
1.61378e-17
1.53665e-17
1.80529e-32
1.71189e-29
3.82314e-27
5.38483e-25
5.08289e-23
3.33108e-21
1.4451e-19
4.88202e-18
9.95236e-17
7.63366e-17
1.08752e-31
1.13673e-28
2.60373e-26
3.61164e-24
3.38507e-22
2.22579e-20
9.68109e-19
3.28379e-17
6.79618e-16
4.1053e-16
6.77958e-31
7.82617e-28
1.92422e-25
2.8511e-23
2.80216e-21
1.89661e-19
8.2759e-18
2.81409e-16
5.66595e-15
2.69057e-15
4.96374e-30
6.63151e-27
1.67133e-24
2.40294e-22
2.29061e-20
1.51843e-18
6.58728e-17
2.24314e-15
4.52491e-14
1.60516e-14
2.3885e-29
5.57741e-26
1.73063e-23
2.74287e-21
2.83516e-19
2.00855e-17
8.93474e-16
3.07305e-14
5.70215e-13
1.7806e-13
1.1886e-28
5.35173e-25
1.86465e-22
2.92813e-20
2.95728e-18
2.03099e-16
8.69563e-15
2.89667e-13
4.7711e-12
1.505e-12
-4.72675e-30
-9.43792e-27
1.52715e-24
5.79756e-22
1.01539e-19
1.08201e-17
5.836e-16
2.73545e-14
5.82097e-13
3.64938e-13
1.10174e-38
1.478e-35
3.23207e-33
5.42306e-31
6.895e-29
5.74329e-27
3.06946e-25
1.27028e-23
3.22207e-22
6.31238e-22
5.70265e-36
5.8529e-33
1.38448e-30
2.23848e-28
2.42119e-26
1.76921e-24
8.49561e-23
2.97759e-21
6.08058e-20
8.67733e-20
4.61098e-35
5.12e-32
1.23634e-29
1.93879e-27
2.06423e-25
1.49492e-23
7.07843e-22
2.4599e-20
5.03228e-19
6.08904e-19
2.643e-34
3.12376e-31
7.83071e-29
1.29903e-26
1.42614e-24
1.04445e-22
4.95868e-21
1.71895e-19
3.46597e-18
3.41993e-18
1.70135e-33
2.32865e-30
6.06633e-28
9.80856e-26
1.0677e-23
7.87351e-22
3.745e-20
1.30528e-18
2.67952e-17
2.12245e-17
1.1132e-32
1.75685e-29
4.92662e-27
8.72056e-25
1.00829e-22
7.65801e-21
3.6622e-19
1.27802e-17
2.54646e-16
1.59862e-16
8.25483e-32
1.69804e-28
4.95191e-26
8.35605e-24
9.29962e-22
6.90732e-20
3.27761e-18
1.14668e-16
2.31918e-15
1.11787e-15
1.70928e-31
1.49236e-27
5.69807e-25
1.10024e-22
1.36247e-20
1.09198e-18
5.3261e-17
1.8696e-15
3.48646e-14
1.4579e-14
-2.37409e-30
1.57601e-26
7.18497e-24
1.36976e-21
1.6591e-19
1.29059e-17
6.05459e-16
2.04299e-14
3.41582e-13
1.39141e-13
1.14206e-31
-4.87799e-28
3.43811e-26
2.42674e-23
6.09204e-21
7.73861e-19
4.75886e-17
2.12338e-15
4.27412e-14
3.21095e-14
7.97897e-41
1.76739e-37
4.37796e-35
8.73263e-33
1.35278e-30
1.29972e-28
7.71035e-27
3.29947e-25
7.84855e-24
1.77215e-23
5.03801e-38
7.19402e-35
1.94252e-32
3.93111e-30
5.21617e-28
4.36609e-26
2.27441e-24
7.98688e-23
1.56988e-21
2.70622e-21
4.27187e-37
6.93902e-34
1.96705e-31
3.84648e-29
4.99901e-27
4.13905e-25
2.12797e-23
7.44515e-22
1.46634e-20
2.16462e-20
2.50041e-36
4.62041e-33
1.35124e-30
2.8475e-28
3.85899e-26
3.24086e-24
1.67231e-22
5.81948e-21
1.12945e-19
1.3766e-19
1.49836e-35
3.74808e-32
1.19016e-29
2.44014e-27
3.25882e-25
2.75012e-23
1.42671e-21
5.03191e-20
9.92298e-19
9.84884e-19
8.10005e-35
3.06113e-31
1.03976e-28
2.41131e-26
3.50009e-24
3.06361e-22
1.59825e-20
5.60431e-19
1.07179e-17
8.50829e-18
2.15336e-34
3.21156e-30
1.22434e-27
2.67488e-25
3.66606e-23
3.11182e-21
1.62083e-19
5.79747e-18
1.13422e-16
7.03818e-17
-1.27589e-32
2.57536e-29
1.48816e-26
3.98027e-24
6.33901e-22
5.90016e-20
3.15096e-18
1.10694e-16
1.98498e-15
1.06478e-15
-2.57195e-31
2.42389e-28
2.17078e-25
5.74473e-23
8.92473e-21
8.00444e-19
4.05679e-17
1.35119e-15
2.1912e-14
1.12786e-14
2.36873e-32
-1.91951e-29
-3.69535e-28
5.90582e-25
3.35311e-22
5.40545e-20
3.66089e-18
1.50754e-16
2.73442e-15
2.40949e-15
-1.74217e-43
1.66506e-39
4.3071e-37
1.11002e-34
2.57571e-32
3.04454e-30
1.93538e-28
8.07375e-27
1.80067e-25
4.62376e-25
1.49046e-40
7.33535e-37
2.11853e-34
5.86889e-32
1.08088e-29
1.09621e-27
6.21853e-26
2.14475e-24
3.91825e-23
7.5883e-23
9.10396e-40
7.67689e-36
2.46864e-33
6.49555e-31
1.16409e-28
1.16869e-26
6.54656e-25
2.25788e-23
4.12792e-22
6.89226e-22
-8.58411e-40
5.68828e-35
1.78647e-32
5.19633e-30
9.97143e-28
1.02056e-25
5.7522e-24
1.96825e-22
3.54949e-21
4.96974e-21
-9.45194e-38
4.80438e-34
1.7909e-31
5.04746e-29
9.48341e-27
9.76139e-25
5.53635e-23
1.92467e-21
3.52409e-20
4.09094e-20
-1.95124e-36
4.37773e-33
1.61281e-30
5.30398e-28
1.1447e-25
1.23833e-23
7.07945e-22
2.43454e-20
4.3102e-19
4.03854e-19
-3.37397e-35
4.55202e-32
2.24349e-29
6.91526e-27
1.367e-24
1.4203e-22
8.11508e-21
2.85864e-19
5.23135e-18
3.98271e-18
-5.9211e-34
2.53206e-31
2.63993e-28
1.06334e-25
2.74249e-23
3.21466e-21
1.88194e-19
6.41355e-18
1.06419e-16
6.83997e-17
-7.20142e-33
-6.44574e-31
4.48205e-27
1.80913e-24
4.45465e-22
4.94477e-20
2.72361e-18
8.79001e-17
1.32959e-15
7.87071e-16
2.01662e-33
-9.19968e-31
5.89027e-29
-2.10733e-26
1.53314e-23
3.80051e-21
2.81434e-19
1.05096e-17
1.64476e-16
1.49759e-16
-1.68462e-44
1.05456e-41
4.3214e-39
1.00453e-36
6.7376e-34
1.10098e-31
7.53194e-30
2.70797e-28
4.65189e-27
1.08686e-26
-5.18194e-42
5.29736e-39
1.47068e-36
6.23261e-34
2.21888e-31
2.93749e-29
1.76389e-27
5.61279e-26
8.82453e-25
1.81896e-24
-5.83461e-41
5.30692e-38
1.97101e-35
7.93773e-33
2.67848e-30
3.50853e-28
2.08394e-26
6.65191e-25
1.04433e-23
1.87035e-23
-6.61464e-40
4.71562e-37
1.48531e-34
6.60114e-32
2.5367e-29
3.411e-27
2.04678e-25
6.5266e-24
1.01394e-22
1.53575e-22
-6.23497e-39
3.37284e-36
1.69197e-33
7.28167e-31
2.72398e-28
3.71908e-26
2.25696e-24
7.3385e-23
1.15268e-21
1.45778e-21
-8.34554e-38
3.33412e-35
1.71589e-32
7.27381e-30
3.65151e-27
5.31415e-25
3.25412e-23
1.04954e-21
1.60029e-20
1.64515e-20
-8.0501e-37
1.30096e-34
2.63296e-31
1.18746e-28
5.05131e-26
7.12692e-24
4.40342e-22
1.47332e-20
2.31961e-19
1.9541e-19
6.11494e-36
-1.13449e-32
4.62322e-30
1.25791e-27
1.12945e-24
1.84762e-22
1.15511e-20
3.66944e-19
5.21547e-18
3.69689e-18
2.71126e-34
-2.75727e-31
6.96305e-29
2.96259e-26
2.04284e-23
3.05762e-21
1.79041e-19
5.35333e-18
6.99213e-17
4.5071e-17
3.78098e-34
-1.36459e-31
2.005e-29
-3.22826e-27
4.54292e-25
2.59765e-22
2.01298e-20
6.47087e-19
8.10675e-18
7.17988e-18
3.97215e-45
-1.59223e-42
3.45578e-40
-4.71684e-38
1.53902e-35
4.6486e-33
3.0407e-31
8.70189e-30
1.15018e-28
2.34383e-28
4.67155e-43
-1.94286e-40
5.50409e-38
-4.7577e-36
4.34042e-33
9.06062e-31
5.78358e-29
1.68242e-27
2.20845e-26
3.71997e-26
7.043e-42
-2.87121e-39
7.45921e-37
-5.73993e-35
5.82748e-32
1.20047e-29
7.60799e-28
2.20567e-26
2.86887e-25
4.23341e-25
8.55476e-41
-3.40472e-38
8.25878e-36
-8.52137e-34
6.03441e-31
1.29442e-28
8.31027e-27
2.40356e-25
3.08945e-24
3.94186e-24
1.35066e-39
-5.07365e-37
1.06956e-34
-1.06357e-32
7.23798e-30
1.61544e-27
1.05319e-25
3.07497e-24
3.95149e-23
4.28986e-23
2.51042e-38
-9.306e-36
1.84742e-33
-2.35506e-31
1.06262e-28
2.58817e-26
1.7037e-24
4.9219e-23
6.13534e-22
5.50884e-22
5.09565e-37
-1.79304e-34
3.16351e-32
-3.65319e-30
1.7238e-27
4.26205e-25
2.85574e-23
8.35576e-22
1.04394e-20
7.79218e-21
1.51164e-35
-5.47459e-33
9.41827e-31
-1.36823e-28
4.10237e-26
1.16704e-23
7.69412e-22
2.14833e-20
2.47888e-19
1.56203e-19
2.13831e-34
-7.79217e-32
1.32801e-29
-2.01061e-27
8.09736e-25
1.90849e-22
1.17369e-20
3.14628e-19
3.44603e-18
1.99164e-18
6.75883e-35
-1.66301e-32
1.63542e-30
-9.33134e-29
-1.48704e-26
1.75556e-23
1.37989e-21
3.76501e-20
3.75814e-19
2.50816e-19
2.97132e-47
-5.12351e-44
1.45039e-41
-2.52479e-39
3.48723e-37
2.47132e-34
1.75033e-32
4.42835e-31
4.68578e-30
6.17762e-30
5.37058e-47
-5.2196e-42
2.02088e-39
-2.82367e-37
9.93527e-35
3.50788e-32
2.4339e-30
6.82248e-29
7.41654e-28
8.32446e-28
1.1679e-45
-7.37844e-41
2.80128e-38
-3.59421e-36
1.44451e-33
4.90578e-31
3.37934e-29
9.55274e-28
1.03033e-26
1.00604e-26
3.36806e-45
-8.76818e-40
3.29805e-37
-4.83562e-35
1.56356e-32
5.61865e-30
3.94759e-28
1.12698e-26
1.21136e-25
1.03691e-25
-1.86855e-43
-1.31925e-38
4.55351e-36
-6.45924e-34
1.97283e-31
7.60504e-29
5.45341e-27
1.58618e-25
1.70986e-24
1.2622e-24
-2.29977e-41
-2.37911e-37
8.15137e-35
-1.34831e-32
2.9445e-30
1.29936e-27
9.4841e-26
2.76338e-24
2.91212e-23
1.80419e-23
-1.13214e-39
-4.68132e-36
1.50835e-33
-2.42458e-31
5.25791e-29
2.41488e-26
1.80096e-24
5.3381e-23
5.60258e-22
2.90154e-22
-5.36223e-38
-1.36188e-34
4.23405e-32
-8.19643e-30
1.25496e-27
6.62812e-25
4.81902e-23
1.36424e-21
1.35322e-20
6.04341e-21
-8.57606e-37
-1.9167e-33
5.54674e-31
-1.08949e-28
3.06685e-26
1.05698e-23
7.09592e-22
1.92739e-20
1.86734e-19
7.98715e-20
1.46236e-36
-6.94469e-34
8.22e-32
-1.20742e-30
-3.43798e-27
9.05321e-25
8.31313e-23
2.13967e-21
1.7034e-20
7.18513e-21
-1.5327e-48
-2.53681e-45
7.73981e-43
-1.79834e-40
-3.76586e-39
1.79703e-35
1.45186e-33
3.60804e-32
3.83621e-31
3.42613e-31
-2.40397e-46
-1.59767e-43
7.96885e-41
-2.32064e-38
3.15086e-36
2.33385e-33
1.84314e-31
5.13545e-30
5.21254e-29
4.1527e-29
-3.30623e-45
-2.01685e-42
1.06325e-39
-3.04536e-37
5.02261e-35
3.30365e-32
2.58929e-30
7.30697e-29
7.2818e-28
5.0779e-28
-4.2496e-44
-2.41718e-41
1.13836e-38
-3.95689e-36
5.24849e-34
3.81246e-31
3.07331e-29
8.81444e-28
8.80704e-27
5.46317e-27
-7.22536e-43
-3.75694e-40
1.51975e-37
-5.43942e-35
6.17963e-33
5.25331e-30
4.35287e-28
1.27808e-26
1.28364e-25
6.94686e-26
-1.54099e-41
-7.20134e-39
2.23051e-36
-1.09892e-33
7.6722e-32
9.01748e-29
7.67967e-27
2.27761e-25
2.23902e-24
1.02734e-24
-3.8041e-40
-1.54928e-37
3.55719e-35
-2.10083e-32
1.32604e-30
1.72338e-27
1.50827e-25
4.56364e-24
4.43152e-23
1.70107e-23
-1.34791e-38
-5.05752e-36
6.6271e-34
-6.67128e-31
2.63772e-29
4.67319e-26
3.96467e-24
1.1557e-22
1.06455e-21
3.50394e-22
-1.98823e-37
-7.04576e-35
9.3067e-33
-8.36765e-30
1.32782e-27
7.26709e-25
5.57699e-23
1.56245e-21
1.43428e-20
4.6408e-21
4.27428e-38
-4.04693e-35
4.23811e-33
6.72298e-31
-4.08365e-28
5.51622e-26
6.29879e-24
1.55252e-22
1.07564e-21
3.5818e-22
-4.37626e-49
-3.00586e-46
6.82269e-44
-7.24451e-42
-3.50631e-39
1.17442e-36
1.18083e-34
3.00013e-33
2.56647e-32
1.88402e-32
-8.07981e-47
-4.0157e-44
1.00069e-41
-1.38237e-39
-2.14362e-37
1.52639e-34
1.43897e-32
4.02235e-31
3.47684e-30
2.36894e-30
-1.08132e-45
-5.14624e-43
1.3398e-40
-1.92263e-38
-2.58463e-36
2.17843e-33
2.02098e-31
5.72538e-30
4.89249e-29
2.93572e-29
-1.30501e-44
-5.92176e-42
1.58048e-39
-2.53641e-37
-3.32654e-35
2.50903e-32
2.41124e-30
7.00014e-29
6.04456e-28
3.25837e-28
-1.92502e-43
-8.08541e-41
2.14807e-38
-3.57185e-36
-5.41013e-34
3.47353e-31
3.45002e-29
1.03213e-27
8.97745e-27
4.26318e-27
-3.44764e-42
-1.35006e-39
3.68703e-37
-7.27896e-35
-1.11977e-32
5.91526e-30
6.09361e-28
1.85265e-26
1.58083e-25
6.42944e-26
-6.74475e-41
-2.40482e-38
6.53915e-36
-1.46429e-33
-2.22289e-31
1.13161e-28
1.20291e-26
3.73978e-25
3.14322e-24
1.07449e-24
-1.92317e-39
-6.33594e-37
1.70126e-34
-4.69369e-32
-6.54518e-30
3.0871e-27
3.17845e-25
9.53538e-24
7.57054e-23
2.19926e-23
-2.71568e-38
-8.47723e-36
2.23652e-33
-6.32413e-31
-2.19889e-29
4.80117e-26
4.36484e-24
1.26631e-22
1.01742e-21
2.95397e-22
5.64025e-40
8.93927e-38
-4.81907e-34
1.65908e-31
-4.176e-29
3.24604e-27
4.90904e-25
1.1634e-23
6.99001e-23
2.17473e-23
-2.44391e-50
-1.12766e-47
3.56093e-45
-9.40883e-44
-4.13531e-40
6.05995e-38
8.88111e-36
2.29653e-34
2.00762e-33
1.16418e-33
-4.07175e-48
-1.04123e-45
3.61019e-43
-6.92134e-41
-3.97921e-38
8.32277e-36
1.10184e-33
3.2671e-32
2.84544e-31
1.49551e-31
-5.47604e-47
-1.36661e-44
4.08659e-42
-1.05362e-39
-5.31882e-37
1.20104e-34
1.54295e-32
4.66971e-31
4.00724e-30
1.85761e-30
-6.9637e-46
-1.81355e-43
3.77196e-41
-1.46617e-38
-6.3704e-36
1.35903e-33
1.83853e-31
5.73744e-30
5.00754e-29
2.10423e-29
-1.08004e-44
-2.75755e-42
4.29447e-40
-2.1475e-37
-9.52421e-35
1.86021e-32
2.6324e-30
8.50519e-29
7.50378e-28
2.80203e-28
-2.14553e-43
-5.94124e-41
2.9619e-39
-4.58954e-36
-1.75776e-33
3.09146e-31
4.62229e-29
1.52779e-27
1.32413e-26
4.27452e-27
-4.58007e-42
-1.31612e-39
-2.17549e-38
-9.63452e-35
-3.39217e-32
5.80042e-30
9.00769e-28
3.06061e-26
2.60946e-25
7.14476e-26
-1.49259e-40
-4.69598e-38
-3.92245e-36
-3.22039e-33
-9.78635e-31
1.61627e-28
2.42928e-26
8.01968e-25
6.34497e-24
1.45878e-24
-2.33532e-39
-7.05952e-37
-6.85991e-35
-4.54907e-32
-8.57971e-30
2.66596e-27
3.30775e-25
1.05811e-23
8.66916e-23
2.01894e-23
-3.23028e-41
-3.521e-38
-6.20859e-36
1.97379e-32
-3.59976e-30
1.33447e-28
3.78671e-26
9.37517e-25
5.50802e-24
1.46197e-24
-1.81382e-51
-5.43893e-49
1.04615e-47
4.97452e-44
-3.8738e-41
2.20006e-39
6.60997e-37
1.83295e-35
1.3526e-34
7.05921e-35
-4.57288e-49
-1.33403e-46
1.34078e-44
1.86397e-42
-4.5538e-39
3.42961e-37
8.44174e-35
2.73462e-33
2.05766e-32
1.01347e-32
-6.5181e-48
-1.95493e-45
2.12111e-43
8.02442e-42
-6.24536e-38
5.11772e-36
1.16887e-33
3.88664e-32
2.89017e-31
1.26651e-31
-8.53379e-47
-2.58642e-44
2.87952e-42
-1.47879e-40
-7.25894e-37
5.482e-35
1.37977e-32
4.78977e-31
3.64351e-30
1.45472e-30
-1.27257e-45
-3.70379e-43
4.0304e-41
-3.52539e-39
-1.05686e-35
7.17892e-34
1.95905e-31
7.1148e-30
5.48508e-29
1.95707e-29
-2.39693e-44
-6.82252e-42
7.12235e-40
-1.39835e-37
-1.86794e-34
1.10873e-32
3.40119e-30
1.27374e-28
9.67265e-28
3.00457e-28
-4.62432e-43
-1.251e-40
1.18516e-38
-3.65355e-36
-3.51483e-33
1.99163e-31
6.4646e-29
2.51298e-27
1.88742e-26
5.02154e-27
-1.33726e-41
-3.49563e-39
2.58217e-37
-1.39309e-34
-1.03088e-31
5.66464e-30
1.79309e-27
6.72908e-26
4.61418e-25
1.02159e-25
-2.27297e-40
-5.6822e-38
4.41607e-36
-2.47161e-33
-1.11883e-30
1.16145e-28
2.44528e-26
9.01271e-25
6.47827e-24
1.45455e-24
1.30781e-40
9.33165e-38
-1.3297e-35
2.21477e-33
-2.85048e-31
7.08568e-31
3.00529e-27
7.88213e-26
4.09905e-25
1.08233e-25
-7.34624e-53
-6.98114e-51
2.3077e-47
6.35426e-45
-2.82236e-42
-7.57598e-41
4.67547e-38
1.48678e-36
1.05058e-35
5.17083e-36
-1.63388e-50
1.22836e-51
3.27206e-45
5.74049e-43
-3.77278e-40
-6.40464e-39
6.15218e-36
2.3603e-34
1.85063e-33
7.63022e-34
-2.5006e-49
-1.25201e-47
3.94056e-44
5.98535e-42
-5.26299e-39
-5.06416e-38
8.3827e-35
3.3277e-33
2.5965e-32
9.48344e-33
-3.62041e-48
-4.21318e-46
3.94863e-43
4.73904e-41
-5.97064e-38
-1.024e-36
9.73446e-34
4.08458e-32
3.28164e-31
1.09486e-31
-5.715e-47
-7.76485e-45
4.89421e-42
5.12835e-40
-8.60757e-37
-1.8522e-35
1.35817e-32
6.03729e-31
4.93286e-30
1.47826e-30
-1.19502e-45
-2.25486e-43
5.48151e-41
1.73001e-39
-1.48503e-35
-4.27067e-34
2.31717e-31
1.07661e-29
8.66322e-29
2.27626e-29
-2.47822e-44
-5.32781e-42
4.96068e-40
-6.72355e-38
-2.74745e-34
-8.16714e-33
4.25033e-30
2.08601e-28
1.67094e-27
3.80255e-28
-7.56182e-43
-1.88972e-40
-1.70397e-39
-4.29532e-36
-8.20369e-33
-2.46218e-31
1.21311e-28
5.75615e-27
4.10941e-26
7.71483e-27
-1.57616e-41
-4.14783e-39
-3.38793e-37
-1.32837e-34
-9.80769e-32
-9.26502e-32
1.66438e-27
7.85515e-26
5.94918e-25
1.14079e-25
5.73157e-42
4.26664e-39
-2.94893e-37
2.01604e-34
-1.95688e-32
-1.11173e-30
2.31796e-28
7.10636e-27
3.74431e-26
8.62973e-27
-1.55625e-53
-3.37384e-51
4.84381e-49
5.12378e-46
-1.41338e-43
-2.52327e-41
3.01598e-39
1.16948e-37
7.95516e-37
4.10763e-37
-2.35798e-51
-4.27849e-49
6.74529e-47
6.35785e-44
-2.09017e-41
-3.34363e-39
3.94818e-37
2.13561e-35
1.55543e-34
6.31742e-35
-3.6807e-50
-7.12869e-48
1.04499e-45
6.87398e-43
-3.09917e-40
-4.11015e-38
5.21105e-36
2.99531e-34
2.16962e-33
7.82031e-34
-5.14711e-49
-1.02774e-46
1.33814e-44
5.81234e-42
-3.37965e-39
-5.02375e-37
5.81085e-35
3.66899e-33
2.74218e-32
9.07074e-33
-7.73144e-48
-1.52115e-45
1.86261e-43
6.57934e-41
-4.9234e-38
-7.15389e-36
7.76175e-34
5.39726e-32
4.11065e-31
1.2277e-31
-1.38181e-46
-2.62422e-44
2.56595e-42
5.09408e-40
-8.27658e-37
-1.28983e-34
1.27424e-32
9.57963e-31
7.19455e-30
1.89513e-30
-2.45476e-45
-4.34696e-43
3.06575e-41
6.05438e-40
-1.55598e-35
-2.25871e-33
2.18869e-31
1.8278e-29
1.37739e-28
3.17824e-29
-5.87783e-44
-9.38129e-42
7.50304e-41
-1.25121e-37
-4.64498e-34
-6.90777e-32
6.52455e-30
5.13993e-28
3.38873e-27
6.45608e-28
-1.10217e-42
-1.49561e-40
-9.11082e-39
-8.93913e-36
-6.25678e-33
-6.68814e-31
8.87677e-29
7.18433e-27
5.06921e-26
9.83537e-27
2.20142e-42
6.84895e-40
-6.9352e-38
1.62741e-35
-8.98319e-34
-1.97206e-31
1.6396e-29
6.67425e-28
3.29541e-27
7.91172e-28
-4.14931e-55
4.09275e-53
2.45029e-49
3.60795e-47
-1.55439e-45
-3.39235e-42
1.54418e-40
9.68323e-39
7.82955e-38
4.0093e-38
8.16304e-53
3.98874e-50
3.82817e-47
5.16247e-45
-2.89242e-43
-4.71635e-40
1.58025e-38
1.8753e-36
1.58339e-35
6.10183e-36
2.30893e-52
3.92167e-49
4.23495e-46
5.35276e-44
-8.27952e-42
-5.74278e-39
1.88265e-37
2.6004e-35
2.18725e-34
7.49884e-35
-1.30814e-50
1.87834e-48
3.93236e-45
4.48517e-43
-8.16544e-41
-6.51882e-38
1.74616e-36
3.1557e-34
2.75595e-33
8.71191e-34
-3.21602e-49
3.3182e-48
4.51531e-44
4.77245e-42
-1.47333e-39
-8.66398e-37
1.81633e-35
4.59906e-33
4.1091e-32
1.18148e-32
-8.79652e-48
-6.44816e-46
4.11577e-43
3.23267e-41
-2.44458e-38
-1.46072e-35
2.19246e-34
8.13311e-32
7.15844e-31
1.82879e-31
-1.97363e-46
-2.08944e-44
1.58572e-42
-1.78699e-40
-5.85616e-37
-2.33803e-34
1.70986e-33
1.52969e-30
1.36341e-29
3.0782e-30
-5.18971e-45
-6.50737e-43
-7.23325e-41
-1.45777e-38
-1.59778e-35
-7.45353e-33
7.602e-32
4.43952e-29
3.35391e-28
6.28279e-29
-1.55772e-43
-2.3634e-41
-6.7816e-39
-8.97008e-37
-3.03321e-34
-7.49612e-32
5.48742e-31
6.32576e-28
5.1772e-27
9.83058e-28
2.13246e-43
3.43476e-41
2.09795e-39
1.21527e-36
6.45578e-36
-2.5061e-32
8.57664e-31
6.34684e-29
3.53157e-28
8.361e-29
-8.53347e-55
-6.72011e-53
3.55729e-50
4.53423e-48
8.34919e-46
-2.99374e-43
4.99873e-43
7.9882e-40
7.27711e-39
4.24951e-39
-1.5432e-52
-1.166e-50
5.23531e-48
6.41741e-46
1.21048e-43
-3.5956e-41
-1.18612e-39
1.69184e-37
1.65243e-36
6.95218e-37
-1.5413e-51
-1.13613e-49
5.60161e-47
6.27486e-45
8.88199e-43
-3.89527e-40
-1.932e-38
2.3219e-36
2.27189e-35
8.56437e-36
-1.6069e-50
-1.138e-48
5.29411e-46
5.71689e-44
8.70613e-42
-3.74713e-39
-2.87138e-37
2.7889e-35
2.86272e-34
1.00163e-34
-1.80363e-49
-1.25794e-47
5.75621e-45
5.41748e-43
4.47443e-41
-3.96149e-38
-4.85616e-36
4.02413e-34
4.25558e-33
1.36487e-33
-2.31501e-48
-1.52671e-46
5.42085e-44
4.49758e-42
3.22144e-40
-5.33417e-37
-9.54352e-35
7.09466e-33
7.38785e-32
2.12675e-32
-2.09844e-47
-1.23435e-45
1.21915e-43
-4.23274e-41
-2.86409e-38
-3.5955e-36
-2.02145e-33
1.32054e-31
1.40645e-30
3.61625e-31
-3.77909e-46
-1.97924e-44
-5.88795e-42
-1.24782e-39
-4.45367e-37
-1.85981e-34
-5.75199e-32
3.96818e-30
3.45569e-29
7.47052e-30
8.97594e-45
8.5207e-43
-9.28425e-40
-1.19765e-37
-2.84301e-35
1.43808e-33
-9.29313e-31
5.72965e-29
5.444e-28
1.18797e-28
2.38462e-45
-1.41775e-43
5.83374e-40
1.07257e-37
8.25093e-36
-2.14027e-33
-2.09147e-32
6.26749e-30
3.95126e-29
1.08751e-29
2.92417e-54
1.65642e-52
1.77801e-50
8.37903e-49
8.22579e-47
-6.43357e-45
-1.41668e-42
5.37555e-41
7.44375e-40
5.32911e-40
5.33732e-52
2.73753e-50
2.59906e-48
1.09979e-46
8.14778e-45
1.54527e-42
-3.85114e-40
1.05137e-38
1.97377e-37
9.60146e-38
5.10533e-51
2.49326e-49
2.156e-47
7.66653e-46
1.31515e-44
3.2888e-41
-5.44522e-39
1.40702e-37
2.70982e-36
1.19082e-36
4.51866e-50
2.08836e-48
1.65754e-46
4.60586e-45
-3.84066e-43
5.32837e-40
-6.8934e-38
1.60429e-36
3.41567e-35
1.40503e-35
2.779e-49
1.00983e-47
4.88068e-46
-2.90916e-44
-1.79217e-41
9.67032e-39
-1.04207e-36
2.23176e-35
5.06663e-34
1.92915e-34
1.15343e-49
-7.42324e-47
-1.47859e-44
-1.56926e-42
-4.25887e-40
1.96542e-37
-1.92496e-35
3.95299e-34
8.7926e-33
3.03976e-33
-1.51561e-46
-9.77404e-45
-1.06965e-42
-6.94643e-41
-1.31239e-38
4.48717e-36
-3.75123e-34
7.08631e-33
1.67749e-31
5.24912e-32
-4.03472e-45
-2.62249e-43
-2.91571e-41
-1.87672e-39
-3.63347e-37
1.34801e-34
-1.18853e-32
2.54484e-31
4.14299e-30
1.1059e-30
-1.94149e-43
-1.11541e-41
-1.12337e-39
-6.09813e-38
-9.36064e-36
2.649e-33
-1.86565e-31
3.55173e-30
6.6088e-29
1.7683e-29
5.01467e-44
2.5805e-42
2.61994e-40
1.18065e-38
6.29145e-37
1.45112e-35
-1.53371e-32
4.9833e-31
5.04043e-30
1.71634e-30
2.29822e-55
-6.5955e-54
1.10945e-51
1.26508e-50
7.37518e-48
-6.05849e-46
-8.91271e-44
5.99697e-42
6.40125e-41
5.47858e-41
9.30542e-53
-2.48682e-51
1.94346e-49
1.86024e-48
7.13127e-46
5.82026e-44
-2.21255e-41
1.44007e-39
2.34232e-38
1.35604e-38
7.69269e-52
-1.59708e-50
1.41334e-48
5.42901e-47
-5.96019e-46
1.75231e-42
-3.25771e-40
1.89298e-38
3.21458e-37
1.69444e-37
5.79738e-51
-7.37709e-50
8.42159e-48
8.85376e-46
-7.95042e-44
3.22378e-41
-4.36432e-39
2.18984e-37
4.05451e-36
2.00698e-36
1.5471e-50
1.01002e-48
-4.54855e-47
1.63655e-44
-2.54194e-42
6.25268e-40
-6.83555e-38
3.06518e-36
5.99324e-35
2.74686e-35
-5.50974e-49
4.14106e-47
-2.77212e-45
3.1701e-43
-5.87106e-41
1.30377e-38
-1.28327e-36
5.3575e-35
1.03791e-33
4.30771e-34
-3.75426e-47
1.61287e-45
-1.212e-43
7.45855e-42
-1.68185e-39
3.10675e-37
-2.56821e-35
9.74582e-34
1.98821e-32
7.42005e-33
-1.11442e-45
4.85256e-44
-3.50057e-42
2.25267e-40
-4.80715e-38
9.1988e-36
-7.89165e-34
3.23216e-32
4.91334e-31
1.5439e-31
-4.50156e-44
1.6759e-42
-1.20634e-40
5.19742e-39
-1.23507e-36
1.97609e-34
-1.31667e-32
4.82728e-31
7.89537e-30
2.43911e-30
5.17719e-45
-9.72208e-44
1.49204e-41
5.77221e-40
4.53337e-38
-1.37063e-37
-9.90248e-34
6.13559e-32
6.3654e-31
2.62444e-31
2.08416e-57
-4.28097e-55
7.48478e-53
-1.96809e-51
6.14903e-49
-5.04073e-47
-4.69443e-45
6.30984e-43
3.26156e-42
1.37572e-42
1.01937e-53
-3.59589e-52
1.83943e-50
-4.98898e-49
7.29755e-47
2.0827e-45
-6.50578e-43
1.76453e-40
2.74747e-39
1.84084e-39
8.39201e-53
-2.51934e-51
1.22373e-49
1.63891e-48
1.42985e-47
1.02769e-43
-1.24528e-41
2.27484e-39
3.79524e-38
2.36998e-38
6.34309e-52
-1.46279e-50
5.79646e-49
8.58596e-47
-7.49721e-45
2.10912e-42
-2.04499e-40
2.6366e-38
4.7954e-37
2.84873e-37
1.93682e-51
6.34801e-50
-8.044e-48
2.34392e-45
-2.45724e-43
4.31184e-41
-3.57195e-39
3.68719e-37
7.07069e-36
3.92145e-36
-5.26985e-50
4.30255e-48
-3.32188e-46
5.24574e-44
-5.77756e-42
9.17086e-40
-7.08249e-38
6.39331e-36
1.22398e-34
6.19391e-35
-3.84525e-48
1.91894e-46
-1.30659e-44
1.44806e-42
-1.65842e-40
2.25955e-38
-1.49988e-36
1.17637e-34
2.3649e-33
1.08335e-33
-1.20652e-46
5.90718e-45
-3.88253e-43
4.2499e-41
-4.76777e-39
6.63278e-37
-4.40282e-35
3.76055e-33
5.86739e-32
2.27567e-32
-4.93629e-45
2.22219e-43
-1.35081e-41
1.16427e-39
-1.28125e-37
1.54531e-35
-7.94776e-34
5.89801e-32
9.44988e-31
3.47827e-31
4.08321e-46
-1.09301e-44
9.63209e-43
3.14347e-41
3.08116e-39
-2.97957e-38
-5.82981e-35
6.96246e-33
7.84869e-32
3.93144e-32
-1.00509e-57
5.73775e-57
4.38268e-54
-2.60667e-52
4.56613e-50
-3.75178e-48
-1.67296e-46
6.46748e-44
-1.082e-43
-6.81289e-43
6.80478e-55
-2.7588e-53
1.57023e-51
-8.57555e-50
7.19083e-48
1.20948e-46
5.81542e-44
1.95428e-41
2.97147e-40
2.04762e-40
5.71721e-54
-2.01008e-52
1.06665e-50
-1.96776e-49
1.58373e-47
7.18514e-45
3.04294e-43
2.47353e-40
4.1462e-39
2.74667e-39
4.45483e-53
-1.29074e-51
5.5483e-50
5.38315e-48
-4.82866e-46
1.52862e-43
-2.64745e-42
2.85579e-39
5.24922e-38
3.35976e-38
1.84087e-52
3.7336e-52
-4.86067e-49
2.06448e-46
-1.87018e-44
3.19493e-42
-1.07486e-40
3.97712e-38
7.727e-37
4.6694e-37
-2.27803e-51
2.27193e-49
-2.35977e-47
5.00293e-45
-4.5719e-43
6.85997e-41
-2.70147e-39
6.85796e-37
1.33876e-35
7.47319e-36
-2.22274e-49
1.18945e-47
-9.82824e-46
1.48013e-43
-1.35036e-41
1.72037e-39
-6.67258e-38
1.27559e-35
2.6174e-34
1.3422e-34
-7.45513e-48
3.84237e-46
-3.00926e-44
4.31515e-42
-3.88016e-40
5.02616e-38
-1.73858e-36
4.00737e-34
6.52235e-33
2.87409e-33
-3.12266e-46
1.55759e-44
-1.11604e-42
1.28858e-40
-1.11066e-38
1.24952e-36
-3.66832e-35
6.53287e-33
1.05144e-31
4.21512e-32
2.04996e-47
-5.30793e-46
6.42382e-44
2.07521e-42
1.92923e-40
2.17391e-39
-3.71637e-36
7.1855e-34
8.86119e-33
4.74383e-33
-7.71058e-59
1.69627e-57
2.16015e-55
-2.05433e-53
2.96011e-51
-2.64164e-49
1.34831e-48
6.16583e-45
-4.50607e-44
-1.30442e-43
3.26916e-56
-1.64347e-54
1.1461e-52
-8.91694e-51
6.38206e-49
6.70481e-48
1.34357e-44
1.97983e-42
2.95948e-41
1.91243e-41
2.79623e-55
-1.22671e-53
8.10347e-52
-3.88013e-50
2.5511e-48
4.91461e-46
1.25877e-43
2.46947e-41
4.16939e-40
2.67539e-40
2.22763e-54
-8.36322e-53
4.75745e-51
2.02257e-49
-2.07411e-47
1.09045e-44
8.52667e-43
2.83802e-40
5.27688e-39
3.3135e-39
1.1255e-53
-1.7867e-52
-1.65556e-50
1.3985e-47
-1.18788e-45
2.33722e-43
5.13859e-42
3.93459e-39
7.74738e-38
4.64142e-38
-5.25254e-53
8.70135e-51
-1.29118e-48
3.66772e-46
-3.08252e-44
5.08256e-42
1.13502e-41
6.75314e-38
1.34237e-36
7.5258e-37
-8.98731e-51
5.67215e-49
-5.98602e-47
1.15141e-44
-9.52739e-43
1.29552e-40
-1.11217e-39
1.26944e-36
2.65276e-35
1.38901e-35
-3.23918e-49
1.94343e-47
-1.89922e-45
3.35279e-43
-2.73238e-41
3.76511e-39
-8.91629e-40
3.93536e-35
6.63331e-34
3.03405e-34
-1.40189e-47
8.46077e-46
-7.5086e-44
1.07065e-41
-8.36504e-40
9.88341e-38
-6.56974e-37
6.63251e-34
1.07277e-32
4.29599e-33
7.23494e-49
-1.66381e-47
3.94301e-45
1.42495e-43
1.14979e-41
7.28245e-40
-2.81674e-37
6.70142e-35
8.98439e-34
4.58984e-34
-3.17857e-60
1.10108e-58
9.29412e-57
-1.23405e-54
1.66417e-52
-1.77228e-50
8.14068e-49
5.342e-46
-5.83921e-45
-1.43735e-44
1.26005e-57
-8.46682e-56
7.46265e-54
-7.32667e-52
4.96802e-50
-1.40416e-49
1.71378e-45
1.85739e-43
2.69639e-42
1.56513e-42
1.09962e-56
-6.47123e-55
5.47431e-53
-4.10424e-51
2.66933e-49
2.59303e-47
1.76042e-44
2.29666e-42
3.83001e-41
2.28869e-41
8.86053e-56
-4.55521e-54
3.4091e-52
-1.26234e-51
-2.22324e-49
6.75298e-46
1.48848e-43
2.63141e-41
4.84044e-40
2.85913e-40
5.11291e-55
-1.62898e-53
-3.2805e-52
7.77741e-49
-6.26102e-47
1.54318e-44
1.46755e-42
3.63509e-40
7.08613e-39
4.02674e-39
-1.45945e-55
2.76679e-52
-6.7089e-50
2.24981e-47
-1.77485e-45
3.45412e-43
1.86485e-41
6.21895e-39
1.22766e-37
6.60727e-38
-2.88409e-52
2.41242e-50
-3.42594e-48
7.50925e-46
-5.82927e-44
9.0379e-42
2.56974e-40
1.18292e-37
2.44843e-36
1.25033e-36
-1.12234e-50
8.80986e-49
-1.12548e-46
2.19866e-44
-1.67177e-42
2.60726e-40
1.08019e-38
3.60803e-36
6.1223e-35
2.77658e-35
-5.01955e-49
4.03256e-47
-4.57176e-45
7.41914e-43
-5.47973e-41
7.24958e-39
1.39759e-37
6.25616e-35
9.95782e-34
3.80852e-34
1.93898e-50
-2.73178e-49
2.14119e-46
8.99776e-45
7.21637e-43
1.06092e-40
-2.3993e-38
5.70262e-36
8.26189e-35
3.77555e-35
-8.61844e-62
4.44983e-60
3.55719e-58
-5.8283e-56
8.10252e-54
-1.08759e-51
7.8282e-50
4.05477e-47
-5.32614e-46
-1.19693e-45
4.01076e-59
-3.7816e-57
4.22129e-55
-4.91253e-53
3.37156e-51
-8.39209e-50
1.6883e-46
1.59303e-44
2.27993e-43
1.18261e-43
3.57146e-58
-2.96594e-56
3.23004e-54
-3.1746e-52
2.14811e-50
6.95607e-49
1.80632e-45
1.96548e-43
3.26005e-42
1.79921e-42
2.89047e-57
-2.12652e-55
2.08636e-53
-9.02855e-52
5.59488e-50
3.3724e-47
1.64033e-44
2.24704e-42
4.10462e-41
2.25548e-41
1.83699e-56
-9.61089e-55
9.9788e-54
3.55601e-50
-2.72413e-48
8.87262e-46
1.78802e-43
3.09484e-41
5.98349e-40
3.18306e-40
4.8636e-56
6.83936e-54
-3.20342e-51
1.16858e-48
-8.82313e-47
2.09324e-44
2.54977e-42
5.27765e-40
1.03453e-38
5.26368e-39
-7.43258e-54
9.12028e-52
-1.77386e-49
4.15262e-47
-3.12292e-45
5.69823e-43
4.22183e-41
1.01454e-38
2.07565e-37
1.01446e-37
-3.14088e-52
3.54163e-50
-5.98539e-48
1.22891e-45
-8.99277e-44
1.62978e-41
1.50131e-39
3.03902e-37
5.17892e-36
2.27996e-36
-1.46568e-50
1.6777e-48
-2.44016e-46
4.329e-44
-3.14508e-42
4.81804e-40
2.33966e-38
5.40115e-36
8.4953e-35
3.05628e-35
4.05261e-52
2.13799e-51
9.74684e-48
4.89127e-46
4.66437e-44
1.05471e-41
-1.90842e-39
4.35254e-37
6.84234e-36
2.76735e-36
-1.64238e-63
1.35896e-61
1.2024e-59
-2.26751e-57
3.46335e-55
-6.15125e-53
5.43906e-51
2.75815e-48
-4.11247e-47
-8.51064e-47
1.02107e-60
-1.43354e-58
2.06254e-56
-2.74723e-54
1.94481e-52
-1.19878e-50
1.42528e-47
1.25073e-45
1.76877e-44
8.21966e-45
9.39157e-60
-1.16392e-57
1.64695e-55
-1.94425e-53
1.36523e-51
-5.12024e-50
1.56503e-46
1.54325e-44
2.54898e-43
1.30599e-43
7.58892e-59
-8.42942e-57
1.09665e-54
-8.41407e-53
6.15094e-51
1.01833e-48
1.47763e-45
1.76147e-43
3.19951e-42
1.64327e-42
5.14603e-58
-4.38137e-56
1.74243e-54
1.30356e-51
-9.25096e-50
4.05804e-47
1.68759e-44
2.41924e-42
4.64385e-41
2.32138e-41
2.36729e-57
9.25493e-56
-1.32184e-52
5.12913e-50
-3.69235e-48
1.06569e-45
2.51985e-43
4.11252e-41
8.00487e-40
3.8623e-40
-1.5273e-55
2.9695e-53
-8.00191e-51
1.95081e-48
-1.43107e-46
3.09564e-44
4.46422e-42
7.97646e-40
1.61148e-38
7.55324e-39
-7.09929e-54
1.23266e-51
-2.77207e-49
5.86924e-47
-4.17308e-45
8.80093e-43
1.48451e-40
2.34386e-38
4.00339e-37
1.71036e-37
-3.40409e-52
5.91862e-50
-1.12735e-47
2.14901e-45
-1.5558e-43
2.8096e-41
2.51003e-39
4.26893e-37
6.62437e-36
2.23686e-36
6.49539e-54
4.31617e-52
3.75657e-49
2.29879e-47
3.01939e-45
8.43464e-43
-1.36846e-40
3.02028e-38
5.15477e-37
1.82485e-37
-1.86791e-65
2.96194e-63
3.14054e-61
-6.89632e-59
1.24086e-56
-2.88054e-54
2.74537e-52
1.57894e-49
-2.72239e-48
-5.08999e-48
1.87356e-62
-4.19375e-60
8.22049e-58
-1.27683e-55
9.60451e-54
-1.04545e-51
1.03462e-48
8.85269e-47
1.25926e-45
5.25586e-46
1.79541e-61
-3.5561e-59
6.89454e-57
-9.67659e-55
7.16908e-53
-7.85065e-51
1.16276e-47
1.09703e-45
1.82821e-44
8.66334e-45
1.4474e-60
-2.59904e-58
4.76905e-56
-5.16262e-54
4.02779e-52
-1.35676e-51
1.12385e-46
1.25058e-44
2.28649e-43
1.08999e-43
1.03433e-59
-1.49885e-57
1.32473e-55
3.55939e-53
-2.41879e-51
1.47036e-48
1.31632e-45
1.71285e-43
3.30369e-42
1.53767e-42
6.31312e-59
-1.8546e-57
-4.07674e-54
1.87852e-51
-1.35945e-49
4.66438e-47
2.00893e-44
2.90131e-42
5.67019e-41
2.56389e-41
-2.1746e-57
7.36625e-55
-2.87198e-52
7.73361e-50
-5.82123e-48
1.47798e-45
3.68693e-43
5.66584e-41
1.1423e-39
5.05864e-40
-1.14046e-55
3.3017e-53
-1.02874e-50
2.37762e-48
-1.73273e-46
4.22027e-44
1.17407e-41
1.63398e-39
2.82251e-38
1.15089e-38
-5.59373e-54
1.58902e-51
-4.17172e-49
8.95822e-47
-6.76366e-45
1.44743e-42
2.08204e-40
3.04088e-38
4.71442e-37
1.47943e-37
7.60665e-56
1.84583e-53
1.16765e-50
8.90706e-49
1.65554e-46
5.28496e-44
-8.27844e-42
1.85638e-39
3.46725e-38
1.07539e-38
-1.00457e-67
4.21416e-65
7.39824e-63
-1.70408e-60
3.81946e-58
-1.15675e-55
1.21323e-53
8.68608e-51
-1.52985e-49
-2.73591e-49
2.22628e-64
-8.97185e-62
2.57211e-59
-4.87409e-57
3.95266e-55
-6.80448e-53
6.53326e-50
5.63297e-48
8.16198e-47
3.07273e-47
2.2309e-63
-7.90168e-61
2.2636e-58
-3.91431e-56
3.06957e-54
-6.08469e-52
7.51226e-49
7.00104e-47
1.19178e-45
5.25513e-46
1.78839e-62
-5.78938e-60
1.6253e-57
-2.40196e-55
1.9501e-53
-2.79984e-51
7.4003e-48
7.96469e-46
1.48513e-44
6.61428e-45
1.32825e-61
-3.63185e-59
6.27112e-57
5.02997e-55
-3.43562e-53
3.31027e-50
8.83471e-47
1.08725e-44
2.13453e-43
9.30442e-44
9.62487e-61
-1.3853e-58
-8.70095e-56
5.44302e-53
-4.17105e-51
1.63949e-48
1.36819e-45
1.83442e-43
3.64493e-42
1.55165e-42
-1.87947e-59
1.25817e-56
-7.88208e-54
2.49489e-51
-2.00645e-49
5.91377e-47
2.57026e-44
3.59841e-42
7.33444e-41
3.07956e-41
-1.1751e-57
6.29317e-55
-2.94869e-52
7.89975e-50
-6.1432e-48
1.72226e-45
7.88141e-43
1.01856e-40
1.80014e-39
7.02273e-40
-5.85779e-56
3.064e-53
-1.19522e-50
3.05086e-48
-2.4897e-46
6.3706e-44
1.44831e-41
1.94132e-39
3.04306e-38
8.8842e-39
6.34418e-58
5.11522e-55
2.93652e-52
2.85987e-50
7.65264e-48
2.73672e-45
-4.38352e-43
1.02172e-40
2.11092e-39
5.67936e-40
3.20838e-71
2.95107e-67
1.00225e-64
-3.12274e-62
9.41911e-60
-3.81469e-57
4.13402e-55
3.65448e-52
-7.02222e-51
-1.17985e-50
1.21456e-66
-1.21181e-63
5.75239e-61
-1.43249e-58
1.31274e-56
-3.6111e-54
3.33409e-51
3.03918e-49
4.53795e-48
1.53227e-48
1.27285e-65
-1.12105e-62
5.33015e-60
-1.21033e-57
1.0522e-55
-3.51917e-53
3.90769e-50
3.80231e-48
6.6709e-47
2.69689e-47
1.00997e-64
-8.22202e-62
3.96555e-59
-8.1639e-57
7.23581e-55
-2.37174e-52
3.88163e-49
4.31857e-47
8.28865e-46
3.38704e-46
7.64808e-64
-5.50567e-61
1.92535e-58
-6.29777e-57
5.29602e-55
-3.30731e-52
4.67116e-48
5.8756e-46
1.18545e-44
4.74437e-45
6.03561e-63
-3.13237e-60
-9.64022e-58
1.17902e-54
-1.01126e-52
3.98819e-50
7.27002e-47
9.86937e-45
2.01146e-43
7.88181e-44
-7.32011e-62
1.30113e-58
-1.49654e-55
6.21373e-53
-5.63752e-51
1.87037e-48
1.38422e-45
1.94026e-43
4.03446e-42
1.56575e-42
-5.70268e-60
7.53987e-57
-5.94679e-54
2.04147e-51
-1.78934e-49
5.68615e-47
4.13322e-44
5.40026e-42
9.82954e-41
3.57158e-41
-2.84421e-58
3.65963e-55
-2.40367e-52
8.01233e-50
-7.4393e-48
2.29851e-45
7.79522e-43
1.04978e-40
1.67948e-39
4.47646e-40
2.72379e-60
8.06884e-57
5.43488e-54
7.47758e-52
2.78724e-49
1.12931e-46
-2.00941e-44
4.7066e-42
1.07565e-40
2.50953e-41
)
;

boundaryField
{
    flowInlet
    {
        type            fixedValue;
        value           uniform 0;
    }
    flowOutlet
    {
        type            zeroGradient;
    }
    minorInlet
    {
        type            fixedValue;
        value           uniform 1;
    }
    pipe
    {
        type            zeroGradient;
    }
    topSurf
    {
        type            zeroGradient;
    }
    bottomSurf
    {
        type            zeroGradient;
    }
    innerSurf
    {
        type            zeroGradient;
    }
    outerSurf
    {
        type            zeroGradient;
    }
}


// ************************************************************************* //
