/*--------------------------------*- C++ -*----------------------------------*\
| =========                 |                                                 |
| \\      /  F ield         | OpenFOAM: The Open Source CFD Toolbox           |
|  \\    /   O peration     | Version:  1.7.x                                 |
|   \\  /    A nd           | Web:      www.OpenFOAM.com                      |
|    \\/     M anipulation  |                                                 |
\*---------------------------------------------------------------------------*/
FoamFile
{
    version     2.0;
    format      ascii;
    class       volScalarField;
    location    "0.2";
    object      conc;
}
// * * * * * * * * * * * * * * * * * * * * * * * * * * * * * * * * * * * * * //

dimensions      [0 -3 0 0 1 0 0];

internalField   nonuniform List<scalar> 
8000
(
-2.94694e-23
-1.01183e-21
1.11965e-19
1.62778e-18
5.40874e-17
4.08804e-16
8.22763e-16
-3.4558e-17
-1.96226e-16
8.16125e-18
1.35343e-21
3.32027e-19
-8.53759e-18
-2.40458e-16
-1.34888e-14
-1.39784e-13
-4.5586e-13
-2.64165e-13
4.64339e-14
-1.12606e-15
6.7139e-22
4.31884e-19
-1.06849e-17
-2.92438e-16
-1.67337e-14
-1.72855e-13
-5.58517e-13
-3.16277e-13
5.64181e-14
-1.39498e-15
6.18461e-21
3.58663e-19
-9.96011e-18
-2.93122e-16
-1.64323e-14
-1.69741e-13
-5.48691e-13
-3.09819e-13
5.48433e-14
-1.33343e-15
1.31171e-20
3.00191e-19
-9.24141e-18
-2.89479e-16
-1.63717e-14
-1.70301e-13
-5.53449e-13
-3.14949e-13
5.54573e-14
-1.31707e-15
2.18085e-20
2.52674e-19
-8.56121e-18
-2.82286e-16
-1.66738e-14
-1.75924e-13
-5.7733e-13
-3.33969e-13
5.86484e-14
-1.36979e-15
3.30221e-20
2.06703e-19
-7.86398e-18
-2.7008e-16
-1.72815e-14
-1.86133e-13
-6.18921e-13
-3.65749e-13
6.41862e-14
-1.48354e-15
4.75042e-20
1.49622e-19
-7.05879e-18
-2.49745e-16
-1.79726e-14
-1.98666e-13
-6.71349e-13
-4.07101e-13
7.14787e-14
-1.62074e-15
5.58092e-20
-2.51607e-20
-4.11375e-18
-1.89508e-16
-1.49442e-14
-1.70458e-13
-5.91427e-13
-3.74342e-13
6.45056e-14
-1.36057e-15
-2.86376e-22
3.65313e-21
3.27017e-19
6.89682e-18
1.55179e-16
1.10926e-15
2.61169e-15
1.03644e-15
-4.44314e-16
1.7171e-17
-1.48687e-21
5.25173e-20
-1.16842e-18
-7.80065e-18
-5.33446e-16
-4.35484e-15
-9.01664e-15
2.8835e-16
2.25053e-15
-1.05589e-16
2.54514e-19
-8.27236e-18
1.65019e-16
3.85497e-15
1.91364e-13
1.80801e-12
5.40544e-12
2.76732e-12
-5.56716e-13
1.63183e-14
3.59379e-19
-1.07532e-17
2.07579e-16
4.71297e-15
2.39164e-13
2.25421e-12
6.6774e-12
3.33163e-12
-6.80559e-13
2.06291e-14
2.80205e-19
-9.5707e-18
2.00769e-16
4.81557e-15
2.36987e-13
2.22658e-12
6.58649e-12
3.27376e-12
-6.63602e-13
1.99883e-14
1.99649e-19
-8.92197e-18
1.96615e-16
4.88197e-15
2.39014e-13
2.25216e-12
6.68366e-12
3.34792e-12
-6.74381e-13
2.01349e-14
1.16869e-19
-8.79209e-18
1.9587e-16
4.92161e-15
2.47161e-13
2.35099e-12
7.02886e-12
3.58102e-12
-7.18338e-13
2.13669e-14
2.21548e-20
-9.08328e-18
1.97817e-16
4.90943e-15
2.60797e-13
2.51868e-12
7.61096e-12
3.96567e-12
-7.93952e-13
2.36276e-14
-9.67283e-20
-9.68185e-18
2.00842e-16
4.78992e-15
2.76764e-13
2.72601e-12
8.34898e-12
4.47053e-12
-8.94817e-13
2.65347e-14
-2.75485e-19
-6.74362e-18
1.55849e-16
3.95929e-15
2.36139e-13
2.37101e-12
7.41761e-12
4.15316e-12
-8.14813e-13
2.30154e-14
1.51462e-21
1.10436e-20
-3.256e-18
-5.11283e-17
-1.3183e-15
-9.40707e-15
-2.06696e-14
-5.91574e-15
4.43997e-15
-1.95451e-16
4.82266e-20
-1.0633e-18
9.87004e-18
-5.3971e-17
3.55282e-15
3.07617e-14
5.43511e-14
-2.05525e-14
-1.84661e-14
1.05645e-15
-6.74662e-18
1.37054e-16
-2.51853e-15
-4.99092e-14
-2.25674e-12
-1.96161e-11
-5.37651e-11
-2.36623e-11
5.2162e-12
-1.75847e-13
-9.43751e-18
1.7973e-16
-3.20055e-15
-6.14641e-14
-2.85106e-12
-2.47424e-11
-6.71776e-11
-2.8677e-11
6.42196e-12
-2.24932e-13
-8.50808e-18
1.64207e-16
-3.15608e-15
-6.364e-14
-2.84522e-12
-2.45618e-11
-6.65073e-11
-2.82527e-11
6.28031e-12
-2.19053e-13
-7.82242e-18
1.58787e-16
-3.16821e-15
-6.55376e-14
-2.89297e-12
-2.49861e-11
-6.77835e-11
-2.90308e-11
6.4083e-12
-2.22516e-13
-7.44827e-18
1.64021e-16
-3.25219e-15
-6.72752e-14
-3.02085e-12
-2.62713e-11
-7.17072e-11
-3.12808e-11
6.86692e-12
-2.38497e-13
-7.29525e-18
1.79281e-16
-3.39979e-15
-6.85041e-14
-3.22289e-12
-2.83845e-11
-7.82137e-11
-3.4974e-11
7.65192e-12
-2.66874e-13
-7.19004e-18
2.03916e-16
-3.58455e-15
-6.84209e-14
-3.45898e-12
-3.09852e-11
-8.64402e-11
-3.98384e-11
8.70536e-12
-3.04293e-13
-4.03122e-18
1.6253e-16
-2.959e-15
-5.84227e-14
-2.97908e-12
-2.7045e-11
-7.68901e-11
-3.72382e-11
7.97023e-12
-2.67113e-13
3.13344e-20
-9.06154e-19
2.74901e-17
2.08475e-16
7.94094e-15
5.50371e-14
9.66713e-14
-4.82412e-15
-3.34276e-14
1.82918e-15
-1.01254e-18
1.74729e-17
-6.64126e-17
2.00614e-15
-7.82813e-15
-9.77566e-14
-1.28744e-14
3.83117e-13
1.31543e-13
-9.90165e-15
1.3377e-16
-2.03033e-15
3.24253e-14
5.66059e-13
2.39054e-11
1.92791e-10
4.86054e-10
1.8089e-10
-4.56459e-11
1.83009e-12
1.90712e-16
-2.71334e-15
4.17443e-14
7.04625e-13
3.05972e-11
2.46436e-10
6.14974e-10
2.20419e-10
-5.68954e-11
2.3899e-12
1.79602e-16
-2.51402e-15
4.16319e-14
7.38498e-13
3.07385e-11
2.45898e-10
6.11357e-10
2.17779e-10
-5.58593e-11
2.33815e-12
1.74585e-16
-2.47201e-15
4.23414e-14
7.68833e-13
3.14343e-11
2.51209e-10
6.25206e-10
2.2476e-10
-5.71894e-11
2.38634e-12
1.78143e-16
-2.60728e-15
4.41401e-14
7.97318e-13
3.30224e-11
2.65369e-10
6.64049e-10
2.43788e-10
-6.15632e-11
2.57361e-12
1.89491e-16
-2.9185e-15
4.6942e-14
8.19565e-13
3.54473e-11
2.8814e-10
7.27567e-10
2.74858e-10
-6.90133e-11
2.9026e-12
2.05495e-16
-3.4e-15
5.03465e-14
8.24989e-13
3.82242e-11
3.15721e-10
8.0693e-10
3.15715e-10
-7.89717e-11
3.3362e-12
1.46872e-16
-2.79026e-15
4.23591e-14
7.11592e-13
3.29181e-11
2.7483e-10
7.15584e-10
2.96622e-10
-7.2185e-11
2.91008e-12
-1.09291e-18
1.96115e-17
-1.92046e-16
1.15974e-15
-1.70025e-14
-9.5777e-14
1.83214e-13
5.34488e-13
2.21281e-13
-1.6511e-14
1.63437e-17
-2.28637e-16
2.27188e-16
-3.24951e-14
-1.77432e-13
-7.86452e-13
-3.68699e-12
-4.56347e-12
-7.70209e-13
8.22838e-14
-1.98328e-15
2.46122e-14
-3.75404e-13
-5.54812e-12
-2.28667e-10
-1.73417e-09
-4.03524e-09
-1.22133e-09
3.38631e-10
-1.56609e-11
-2.87294e-15
3.34774e-14
-4.90311e-13
-6.95386e-12
-2.96469e-10
-2.2469e-09
-5.17165e-09
-1.49068e-09
4.25712e-10
-2.07311e-11
-2.76246e-15
3.13057e-14
-4.93573e-13
-7.37869e-12
-2.99817e-10
-2.25424e-09
-5.16423e-09
-1.47637e-09
4.19188e-10
-2.03424e-11
-2.74942e-15
3.10628e-14
-5.06354e-13
-7.75271e-12
-3.08033e-10
-2.31123e-09
-5.2968e-09
-1.53056e-09
4.30066e-10
-2.08249e-11
-2.88202e-15
3.31197e-14
-5.32535e-13
-8.0896e-12
-3.2483e-10
-2.44893e-09
-5.64127e-09
-1.67161e-09
4.6437e-10
-2.25584e-11
-3.15566e-15
3.752e-14
-5.71158e-13
-8.34001e-12
-3.49682e-10
-2.66548e-09
-6.19619e-09
-1.90087e-09
5.2283e-10
-2.55951e-11
-3.52131e-15
4.41748e-14
-6.16647e-13
-8.39029e-12
-3.77361e-10
-2.92224e-09
-6.87886e-09
-2.20243e-09
6.01005e-10
-2.96087e-11
-2.64368e-15
3.64843e-14
-5.20609e-13
-7.27925e-12
-3.23808e-10
-2.53024e-09
-6.06905e-09
-2.08527e-09
5.49949e-10
-2.5757e-11
2.06978e-17
-2.89319e-16
8.92631e-16
-4.01043e-14
-3.8019e-13
-2.65373e-12
-9.61179e-12
-7.56228e-12
-1.15965e-12
1.33703e-13
-2.64579e-16
2.85053e-15
8.57382e-16
3.99082e-13
3.81459e-12
2.15026e-11
6.14356e-11
4.2818e-11
4.24621e-12
-7.34551e-13
2.92899e-14
-2.83899e-13
3.64889e-12
4.58762e-11
1.96545e-09
1.40978e-08
3.01668e-08
6.97122e-09
-2.38878e-09
1.42853e-10
4.32905e-14
-3.92339e-13
4.81079e-12
5.74599e-11
2.5712e-09
1.84373e-08
3.89555e-08
8.388e-09
-3.01989e-09
1.92821e-10
4.22081e-14
-3.69556e-13
4.85322e-12
6.1852e-11
2.6144e-09
1.85794e-08
3.90336e-08
8.30649e-09
-2.97986e-09
1.89948e-10
4.25528e-14
-3.68851e-13
4.99744e-12
6.55799e-11
2.69552e-09
1.91013e-08
4.01264e-08
8.6596e-09
-3.05999e-09
1.94857e-10
4.521e-14
-3.95715e-13
5.28749e-12
6.8642e-11
2.84908e-09
2.02777e-08
4.28135e-08
9.55163e-09
-3.30951e-09
2.11642e-10
5.01691e-14
-4.51093e-13
5.71576e-12
7.05504e-11
3.07038e-09
2.20946e-08
4.70904e-08
1.10006e-08
-3.73654e-09
2.41007e-10
5.65872e-14
-5.33459e-13
6.225e-12
7.03625e-11
3.31113e-09
2.42142e-08
5.23021e-08
1.29314e-08
-4.31033e-09
2.79589e-10
4.2893e-14
-4.40103e-13
5.27417e-12
6.15414e-11
2.8359e-09
2.09105e-08
4.61043e-08
1.25317e-08
-3.96075e-09
2.4093e-10
-3.62456e-16
3.85253e-15
-2.55066e-16
5.88252e-13
7.92621e-12
5.18252e-11
1.40193e-10
7.48665e-11
5.01649e-12
-1.18077e-12
3.57707e-15
-3.0451e-14
-3.6562e-14
-4.14996e-12
-5.231e-11
-3.08777e-10
-7.32028e-10
-3.44798e-10
-1.84447e-11
5.19619e-12
-3.4017e-13
2.7931e-12
-3.31829e-11
-3.20736e-10
-1.51363e-08
-1.04355e-07
-2.06593e-07
-3.30209e-08
1.38688e-08
-1.02881e-09
-5.08404e-13
3.91338e-12
-4.41946e-11
-3.98012e-10
-1.98779e-08
-1.3705e-07
-2.67533e-07
-3.82743e-08
1.74988e-08
-1.39735e-09
-4.9901e-13
3.70721e-12
-4.46938e-11
-4.35694e-10
-2.02877e-08
-1.38504e-07
-2.68585e-07
-3.77351e-08
1.7225e-08
-1.37387e-09
-5.06466e-13
3.71339e-12
-4.61392e-11
-4.66513e-10
-2.09632e-08
-1.42621e-07
-2.76434e-07
-3.96672e-08
1.76419e-08
-1.40789e-09
-5.42272e-13
3.99679e-12
-4.89959e-11
-4.89e-10
-2.21836e-08
-1.5155e-07
-2.95259e-07
-4.45171e-08
1.90746e-08
-1.53093e-09
-6.06732e-13
4.56959e-12
-5.32028e-11
-4.98964e-10
-2.39115e-08
-1.65198e-07
-3.25091e-07
-5.2466e-08
2.15924e-08
-1.75006e-09
-6.89425e-13
5.40998e-12
-5.81903e-11
-4.90321e-10
-2.57627e-08
-1.80976e-07
-3.61337e-07
-6.33444e-08
2.50496e-08
-2.04351e-09
-5.25715e-13
4.44554e-12
-4.92596e-11
-4.34689e-10
-2.2105e-08
-1.56513e-07
-3.19511e-07
-6.41545e-08
2.33113e-08
-1.76569e-09
5.12967e-15
-4.2912e-14
-6.75378e-14
-6.53362e-12
-1.04443e-10
-6.65621e-10
-1.55664e-09
-6.14745e-10
-8.82111e-12
8.40501e-12
-4.99696e-14
2.86624e-13
4.20437e-13
3.68474e-11
6.12516e-10
3.71371e-09
8.03514e-09
2.57546e-09
-2.50569e-11
-4.48149e-11
4.21541e-12
-2.6482e-11
2.53273e-10
1.47763e-09
1.05951e-07
7.11859e-07
1.29301e-06
1.01364e-07
-7.74916e-08
8.68679e-09
6.32684e-12
-3.7186e-11
3.38223e-10
1.7216e-09
1.38918e-07
9.3394e-07
1.66743e-06
9.90399e-08
-9.63459e-08
1.18158e-08
6.21907e-12
-3.53484e-11
3.38821e-10
1.9764e-09
1.42126e-07
9.45494e-07
1.67491e-06
9.48287e-08
-9.41242e-08
1.15769e-08
6.32646e-12
-3.54814e-11
3.48371e-10
2.16811e-09
1.47029e-07
9.74354e-07
1.72459e-06
1.02905e-07
-9.58005e-08
1.18237e-08
6.80201e-12
-3.82433e-11
3.71126e-10
2.26278e-09
1.55618e-07
1.03559e-06
1.84289e-06
1.23625e-07
-1.03342e-07
1.28336e-08
7.65504e-12
-4.37705e-11
4.07014e-10
2.23074e-09
1.67634e-07
1.12866e-06
2.03046e-06
1.58496e-07
-1.1723e-07
1.46744e-08
8.75667e-12
-5.18407e-11
4.51888e-10
2.05963e-09
1.80393e-07
1.23591e-06
2.25944e-06
2.09538e-07
-1.37106e-07
1.71923e-08
6.72323e-12
-4.27912e-11
3.85061e-10
1.93514e-09
1.55737e-07
1.07517e-06
2.01723e-06
2.43695e-07
-1.31337e-07
1.4962e-08
-7.35985e-14
4.09141e-13
9.02008e-13
5.88228e-11
1.16597e-09
7.38924e-09
1.59351e-08
4.66644e-09
-2.72312e-10
-7.40122e-11
5.81941e-13
-2.56872e-12
-2.46893e-12
-2.62468e-10
-5.75447e-09
-3.52703e-08
-6.83921e-08
-1.40115e-08
-2.64822e-10
3.58214e-10
-4.0345e-11
2.269e-10
-1.88456e-09
-2.432e-09
-6.71346e-07
-4.49824e-06
-7.56782e-06
1.24224e-08
3.29973e-07
-5.33523e-08
-6.06522e-11
3.19071e-10
-2.53777e-09
-1.53635e-09
-8.75097e-07
-5.86862e-06
-9.68169e-06
2.16e-07
4.0127e-07
-7.19667e-08
-5.95934e-11
3.0508e-10
-2.5214e-09
-2.95671e-09
-8.96801e-07
-5.94795e-06
-9.72791e-06
2.4287e-07
3.84758e-07
-6.95598e-08
-6.07149e-11
3.07099e-10
-2.5816e-09
-3.88309e-09
-9.28258e-07
-6.1318e-06
-1.00188e-05
2.17071e-07
3.85596e-07
-7.03696e-08
-6.54395e-11
3.30869e-10
-2.75562e-09
-3.90647e-09
-9.81762e-07
-6.51352e-06
-1.07041e-05
1.503e-07
4.13213e-07
-7.60006e-08
-7.38706e-11
3.77521e-10
-3.04538e-09
-2.83975e-09
-1.05566e-06
-7.09006e-06
-1.17901e-05
3.1768e-08
4.69942e-07
-8.69088e-08
-8.49306e-11
4.45008e-10
-3.42018e-09
-8.67265e-10
-1.13378e-06
-7.75544e-06
-1.3126e-05
-1.66905e-07
5.57172e-07
-1.02674e-07
-6.56391e-11
3.68386e-10
-2.91418e-09
-2.06664e-09
-9.88084e-07
-6.81268e-06
-1.18714e-05
-5.10797e-07
5.59385e-07
-9.08514e-08
8.75873e-13
-3.70745e-12
-6.73463e-12
-4.12187e-10
-1.06783e-08
-6.78066e-08
-1.32835e-07
-2.59174e-08
1.52156e-09
6.31656e-10
-6.69973e-12
1.79671e-11
-3.81183e-12
1.11036e-09
4.41124e-08
2.7722e-07
5.00456e-07
5.0289e-08
-1.0959e-09
-2.94064e-09
4.20374e-10
-1.89496e-09
1.29876e-08
-7.52839e-08
3.79683e-06
2.6196e-05
4.03299e-05
-4.17208e-06
-1.18897e-06
4.41381e-07
6.20507e-10
-2.64429e-09
1.75815e-08
-1.10859e-07
4.89822e-06
3.38335e-05
5.08845e-05
-6.45605e-06
-1.34366e-06
5.73376e-07
6.05732e-10
-2.5383e-09
1.72056e-08
-1.06949e-07
5.0225e-06
3.42929e-05
5.10659e-05
-6.61513e-06
-1.20646e-06
5.4128e-07
6.15498e-10
-2.55883e-09
1.74581e-08
-1.06417e-07
5.1976e-06
3.53465e-05
5.25697e-05
-6.61719e-06
-1.15106e-06
5.38292e-07
6.63808e-10
-2.75394e-09
1.86649e-08
-1.13773e-07
5.4876e-06
3.75015e-05
5.61296e-05
-6.61058e-06
-1.21661e-06
5.74918e-07
7.52193e-10
-3.13325e-09
2.08715e-08
-1.29832e-07
5.88288e-06
4.07382e-05
6.17876e-05
-6.5243e-06
-1.40971e-06
6.53743e-07
8.71645e-10
-3.67758e-09
2.38464e-08
-1.50519e-07
6.30252e-06
4.45129e-05
6.88767e-05
-6.10017e-06
-1.75896e-06
7.77972e-07
6.89124e-10
-3.0778e-09
2.03891e-08
-1.20382e-07
5.56382e-06
3.96375e-05
6.34708e-05
-3.42353e-06
-2.03545e-06
7.22014e-07
-1.00863e-11
2.51458e-11
2.09171e-11
1.52816e-09
8.07876e-08
5.24716e-07
9.59443e-07
1.02519e-07
-1.98402e-08
-5.57676e-09
3.93175e-11
-8.93232e-11
2.45465e-10
1.00066e-09
-2.14387e-07
-1.44924e-06
-2.33663e-06
2.00955e-08
-2.97698e-08
6.10022e-09
-2.37314e-09
1.04156e-08
-7.40129e-08
7.56642e-07
-1.34519e-05
-9.99183e-05
-0.000140973
2.99141e-05
3.90377e-07
-1.35857e-06
-3.4257e-09
1.43985e-08
-1.01226e-07
1.0189e-06
-1.70822e-05
-0.000126831
-0.000174314
4.16224e-05
-6.53479e-08
-1.6975e-06
-3.33021e-09
1.39149e-08
-9.92084e-08
1.0213e-06
-1.75029e-05
-0.000128324
-0.000174375
4.19918e-05
-7.06872e-07
-1.50858e-06
-3.37976e-09
1.4053e-08
-1.00431e-07
1.04222e-06
-1.8087e-05
-0.000132088
-0.000179232
4.23753e-05
-1.14647e-06
-1.43205e-06
-3.64351e-09
1.50923e-08
-1.07225e-07
1.10487e-06
-1.90356e-05
-0.000139831
-0.000191088
4.35264e-05
-1.31462e-06
-1.49218e-06
-4.13007e-09
1.70807e-08
-1.1989e-07
1.21034e-06
-2.03149e-05
-0.000151471
-0.000210132
4.51406e-05
-1.24171e-06
-1.6932e-06
-4.8028e-09
1.98733e-08
-1.36572e-07
1.33553e-06
-2.16876e-05
-0.000165364
-0.000234772
4.60205e-05
-7.99475e-07
-2.06433e-06
-3.89534e-09
1.68102e-08
-1.16141e-07
1.14428e-06
-1.94758e-05
-0.000150228
-0.00022181
3.46183e-05
9.20077e-07
-2.05171e-06
5.91661e-11
-1.19341e-10
1.84343e-10
4.15851e-09
-3.84897e-07
-2.6901e-06
-4.45493e-06
-4.442e-08
4.51382e-08
1.64372e-08
2.01934e-13
6.58168e-11
-6.56239e-10
6.13972e-09
5.67963e-07
3.84174e-06
6.07438e-06
-1.17248e-07
2.22361e-07
9.23985e-08
-1.02751e-10
-1.71318e-09
3.73811e-08
-7.61459e-07
2.55084e-05
0.000191241
0.00029949
-4.77215e-05
-5.67057e-06
1.29129e-06
-1.52086e-10
-2.65269e-09
5.33045e-08
-1.03677e-06
3.1776e-05
0.000237818
0.000364333
-6.66739e-05
-8.40026e-06
1.53718e-06
-1.77933e-10
-2.22382e-09
4.97879e-08
-1.01953e-06
3.24999e-05
0.000240215
0.000363479
-6.66845e-05
-6.4556e-06
1.19802e-06
-1.91086e-10
-2.11457e-09
4.92726e-08
-1.02878e-06
3.34882e-05
0.000246654
0.000372575
-6.64761e-05
-4.9815e-06
1.00428e-06
-1.93647e-10
-2.42458e-09
5.34412e-08
-1.09262e-06
3.507e-05
0.00025989
0.000395656
-6.71477e-05
-4.34904e-06
9.00181e-07
-1.82405e-10
-3.19741e-09
6.26379e-08
-1.21269e-06
3.71868e-05
0.00027976
0.000433108
-6.79285e-05
-4.10483e-06
8.66444e-07
-1.47204e-10
-4.45037e-09
7.60498e-08
-1.36623e-06
3.94879e-05
0.000303886
0.000482561
-6.63798e-05
-3.95598e-06
9.19355e-07
-8.91081e-11
-3.80866e-09
6.47612e-08
-1.17579e-06
3.61328e-05
0.000281842
0.000464177
-4.51957e-05
-3.67642e-06
7.1733e-07
-9.76806e-13
1.06253e-10
-8.86533e-10
5.34057e-09
9.89871e-07
6.95176e-06
1.15708e-05
3.2086e-07
3.56427e-08
3.16196e-08
-1.50128e-12
-8.91481e-11
1.56724e-09
-3.30808e-08
-1.6775e-06
-1.15092e-05
-1.79159e-05
1.11287e-06
-1.23361e-06
-6.1732e-06
-1.01365e-12
6.18779e-10
-2.71756e-08
1.00731e-06
-5.88055e-05
-0.000451067
-0.000746939
0.000106049
2.87992e-05
-1.75174e-05
-5.86865e-12
1.55134e-09
-4.51783e-08
1.43086e-06
-7.22128e-05
-0.000552872
-0.000896427
0.000144516
4.45934e-05
-1.8767e-05
-3.92685e-12
1.04533e-09
-3.91501e-08
1.37397e-06
-7.37315e-05
-0.000557594
-0.000891715
0.000142174
3.57565e-05
-1.47898e-05
-3.1207e-12
9.1666e-10
-3.76172e-08
1.3705e-06
-7.57737e-05
-0.000571195
-0.000911484
0.000140052
2.94341e-05
-1.19872e-05
-3.44778e-12
1.26706e-09
-4.26723e-08
1.4677e-06
-7.90216e-05
-0.000599443
-0.00096462
0.000139901
2.70667e-05
-9.64206e-06
-6.23219e-12
2.15413e-09
-5.48793e-08
1.66831e-06
-8.3359e-05
-0.000641993
-0.00105203
0.000139841
2.57918e-05
-7.7477e-06
-1.27442e-11
3.60692e-09
-7.35076e-08
1.93834e-06
-8.81305e-05
-0.000694354
-0.00116966
0.000134344
2.3099e-05
-6.40929e-06
-2.83764e-12
2.80552e-09
-5.95935e-08
1.64154e-06
-8.17099e-05
-0.00065284
-0.00114088
8.59138e-05
1.47014e-05
-4.14384e-06
-2.34566e-12
-1.54946e-10
2.3605e-09
-4.13193e-08
-2.84503e-06
-2.0342e-05
-3.38871e-05
-8.17933e-07
-4.32749e-07
-1.08534e-06
1.63843e-12
6.37074e-11
-2.87602e-09
1.23326e-07
4.59903e-06
3.27965e-05
5.29539e-05
-6.47926e-06
5.81418e-05
0.000208884
7.14823e-11
3.23531e-09
-2.9479e-08
-5.99629e-07
0.000123722
0.000996027
0.00177546
-0.000226328
-0.000211429
0.000426344
7.05666e-11
3.65416e-09
-2.27789e-08
-1.07425e-06
0.000149411
0.00120063
0.00209299
-0.000288259
-0.000320663
0.0004223
8.06421e-11
4.0483e-09
-3.07834e-08
-9.31013e-07
0.000152255
0.00120868
0.00207398
-0.000276359
-0.000256609
0.000317226
8.63345e-11
4.18519e-09
-3.36932e-08
-8.84693e-07
0.000155943
0.00123419
0.0021119
-0.000267203
-0.000211303
0.000197116
8.40925e-11
4.08801e-09
-3.03429e-08
-9.96348e-07
0.000161767
0.00128839
0.00222451
-0.000261473
-0.000195745
6.4159e-05
7.29787e-11
3.70138e-09
-2.00112e-08
-1.26955e-06
0.000169535
0.00137061
0.00241352
-0.000255757
-0.000184496
-5.89522e-05
5.48377e-11
2.90781e-09
-2.3063e-09
-1.66648e-06
0.000178212
0.00147344
0.00267391
-0.000239594
-0.000157079
-0.000160317
5.84901e-11
2.76981e-09
-1.00644e-08
-1.31197e-06
0.00016774
0.00140662
0.00265237
-0.000140589
-9.36753e-05
-0.00022027
3.53457e-12
1.35567e-10
-4.80153e-09
1.65276e-07
7.55473e-06
5.6398e-05
9.82991e-05
1.63043e-06
1.32249e-05
-3.03204e-05
8.14381e-13
-4.04184e-12
3.28742e-09
-3.71614e-07
-1.18292e-05
-8.98175e-05
-0.000160989
4.7123e-05
0.00140325
-8.11711e-05
-1.53386e-10
-4.36579e-09
1.08661e-07
-1.01036e-06
-0.000245499
-0.00213278
-0.00422077
0.000426256
0.00903518
0.00431544
-1.94533e-10
-5.65321e-09
1.18913e-07
-6.07531e-07
-0.000291799
-0.00253112
-0.0048786
0.000460595
0.0108135
0.00615154
-2.04526e-10
-5.81648e-09
1.27448e-07
-8.99882e-07
-0.000296826
-0.00254325
-0.00481339
0.000425878
0.011654
0.00843244
-2.09268e-10
-5.83751e-09
1.30862e-07
-1.02288e-06
-0.000302888
-0.00258695
-0.00487809
0.000401488
0.0104941
0.0106894
-2.11071e-10
-5.88254e-09
1.29734e-07
-9.10444e-07
-0.000312394
-0.00268438
-0.00510772
0.000374876
0.00816144
0.0128006
-2.08494e-10
-5.91522e-09
1.23199e-07
-5.5993e-07
-0.000325086
-0.00283427
-0.00550473
0.000347341
0.00549076
0.0143394
-1.96562e-10
-5.73671e-09
1.09546e-07
-1.1412e-08
-0.000339475
-0.00302501
-0.00606676
0.000307298
0.00313049
0.0150972
-1.72691e-10
-4.97483e-09
1.09508e-07
-4.11701e-07
-0.000324068
-0.00292772
-0.00612081
0.00013092
0.00193289
0.0146746
1.41489e-13
-2.84732e-11
6.8986e-09
-4.99385e-07
-1.87098e-05
-0.000149416
-0.000289394
-1.68972e-06
0.000320399
0.00212631
2.82195e-12
1.09699e-10
2.4559e-09
9.54457e-07
2.82352e-05
0.00023717
0.000505983
0.000180823
0.0103728
-0.0348012
3.60244e-11
1.48429e-09
-1.85733e-07
5.06928e-06
0.000455228
0.00439644
0.010096
0.00165849
0.110111
-0.200245
8.10439e-11
2.83075e-09
-2.20227e-07
5.08126e-06
0.000533587
0.0051408
0.0114258
0.00229163
0.147555
-0.240522
7.53423e-11
2.67318e-09
-2.26262e-07
5.62468e-06
0.000542275
0.00515638
0.0112219
0.00269407
0.150495
-0.261032
7.04931e-11
2.5368e-09
-2.2896e-07
5.89076e-06
0.000551419
0.00522186
0.0113068
0.0024846
0.137062
-0.274106
7.36573e-11
2.63433e-09
-2.31275e-07
5.83113e-06
0.000565435
0.00538117
0.0117471
0.00195762
0.115822
-0.282022
8.47567e-11
2.96606e-09
-2.32162e-07
5.44984e-06
0.000584144
0.00563257
0.012547
0.00133632
0.0916084
-0.282914
9.80153e-11
3.36797e-09
-2.28627e-07
4.7843e-06
0.00060562
0.00595889
0.0137187
0.000815541
0.0677116
-0.275628
6.09717e-11
2.32727e-09
-2.16627e-07
5.16037e-06
0.000585522
0.00583845
0.0140708
0.000834665
0.0447378
-0.247089
-5.16079e-13
9.55872e-12
-2.78081e-09
1.25316e-06
4.27175e-05
0.000378279
0.00086134
0.000117334
0.00417227
-0.0229048
-2.0949e-11
-8.52887e-10
-2.39909e-08
-2.08129e-06
-6.14277e-05
-0.000594964
-0.00151506
0.000615648
0.0399209
0.335089
6.59567e-11
1.97041e-09
1.73057e-07
-1.19851e-05
-0.000782139
-0.00871299
-0.023954
0.0186398
0.441565
2.1526
7.89409e-11
2.02708e-09
2.22295e-07
-1.28598e-05
-0.000908546
-0.0100684
-0.0264952
0.0245401
0.600379
2.55975
8.35054e-11
2.07481e-09
2.20265e-07
-1.38395e-05
-0.000924881
-0.0100905
-0.025828
0.0230973
0.586663
2.61956
8.80697e-11
2.14418e-09
2.19309e-07
-1.43932e-05
-0.000938753
-0.0101739
-0.0259064
0.02059
0.510979
2.59925
9.25799e-11
2.19329e-09
2.23766e-07
-1.452e-05
-0.000958236
-0.0104072
-0.0267972
0.0177885
0.410368
2.54237
9.49873e-11
2.17353e-09
2.32505e-07
-1.42455e-05
-0.000983628
-0.0107898
-0.0284682
0.014619
0.304101
2.45224
9.10706e-11
2.0333e-09
2.42213e-07
-1.35925e-05
-0.00101251
-0.0112967
-0.0309498
0.0109692
0.201922
2.31696
9.15228e-11
2.33711e-09
2.20266e-07
-1.39565e-05
-0.000988318
-0.0111678
-0.0322441
0.00579268
0.0963087
1.94275
-1.61482e-11
-6.50529e-10
-1.82204e-08
-2.62448e-06
-8.85055e-05
-0.000903643
-0.00250372
0.000149545
0.00770937
0.0171391
3.74742e-11
2.30014e-09
6.92822e-08
3.88493e-06
0.000119674
0.00139807
0.00460993
-0.00729363
0.290714
-1.18416
1.21061e-10
4.13525e-09
2.60608e-08
2.30155e-05
0.00123013
0.0164069
0.0608515
-0.0303427
2.26185
-11.2846
1.33921e-10
4.33595e-09
1.11942e-08
2.61164e-05
0.00143004
0.0188482
0.0670173
-0.0496721
2.9162
-13.459
1.57228e-10
5.33182e-09
4.09553e-08
2.81623e-05
0.00146689
0.0189327
0.0649666
-0.05749
2.90219
-13.2286
1.64488e-10
5.84113e-09
6.06085e-08
2.95811e-05
0.00149297
0.0190206
0.0642597
-0.0518454
2.67824
-12.5942
1.57904e-10
5.88691e-09
6.77164e-08
3.05235e-05
0.00152306
0.0193005
0.0651284
-0.0402406
2.37551
-11.8677
1.40906e-10
5.57013e-09
6.3165e-08
3.10381e-05
0.00155838
0.019783
0.067515
-0.0261481
2.04246
-11.123
1.14377e-10
4.92249e-09
4.69493e-08
3.10176e-05
0.00159444
0.0204272
0.0715104
-0.0116192
1.69229
-10.285
1.03974e-10
4.85193e-09
6.2008e-08
3.12009e-05
0.00156442
0.0202609
0.0740716
-0.00165784
1.20293
-8.00855
3.2212e-11
2.02359e-09
6.40437e-08
4.76001e-06
0.000164408
0.00200352
0.00709305
-0.000889388
0.0643066
1.19047
-3.10458e-11
-3.70115e-09
-1.33612e-07
-6.00604e-06
-0.000201806
-0.00298426
-0.0144944
-0.0292452
0.347904
-0.279419
-2.50988e-10
-2.09139e-08
-5.37511e-07
-3.77477e-05
-0.00173714
-0.0285282
-0.15281
-0.228129
3.62422
35.6549
-3.3333e-10
-2.68727e-08
-7.1351e-07
-4.6522e-05
-0.00205829
-0.0328669
-0.169527
-0.312781
5.00171
43.2629
-3.78403e-10
-3.06492e-08
-8.44391e-07
-5.16682e-05
-0.00215223
-0.0332981
-0.165446
-0.315876
4.73878
41.0549
-4.01373e-10
-3.34044e-08
-9.5168e-07
-5.58378e-05
-0.00221785
-0.0334813
-0.161658
-0.282019
4.02157
37.5754
-4.12345e-10
-3.56345e-08
-1.04478e-06
-5.95431e-05
-0.00228067
-0.0338121
-0.159891
-0.23091
3.19469
34.1415
-4.14362e-10
-3.7467e-08
-1.12202e-06
-6.26991e-05
-0.00234114
-0.0343275
-0.160592
-0.169501
2.37559
31.0766
-3.97678e-10
-3.83602e-08
-1.16321e-06
-6.45825e-05
-0.00238497
-0.0349177
-0.164237
-0.101551
1.6144
28.031
-3.41449e-10
-3.62881e-08
-1.12506e-06
-6.39625e-05
-0.00233952
-0.0345644
-0.168004
-0.032532
0.762435
19.3927
-2.51359e-11
-3.47116e-09
-1.39258e-07
-7.6424e-06
-0.000271156
-0.00404639
-0.0198355
-0.00638787
0.349351
-10.629
9.25269e-12
4.64287e-09
2.17988e-07
7.96533e-06
0.00027452
0.00542542
0.0388985
-0.185124
1.00949
19.2661
1.34989e-10
5.4013e-08
2.09381e-06
7.14727e-05
0.00221177
0.0434278
0.352871
0.139542
9.95626
-63.1828
2.19588e-10
7.91558e-08
3.0479e-06
9.7328e-05
0.00276172
0.0508953
0.387402
0.564748
12.5919
-80.1276
2.64437e-10
9.2265e-08
3.58466e-06
0.00011141
0.00299614
0.0525346
0.377024
0.482821
12.2878
-72.8968
2.88026e-10
1.03568e-07
4.0605e-06
0.000123429
0.00317081
0.053369
0.367537
0.268155
10.6363
-63.088
3.00332e-10
1.14978e-07
4.52722e-06
0.000134686
0.00332365
0.0540826
0.362092
-0.00325119
8.45839
-54.2455
3.00823e-10
1.26311e-07
4.95775e-06
0.000144275
0.00344408
0.05467
0.361338
-0.264241
6.1211
-47.0788
2.75248e-10
1.35125e-07
5.24248e-06
0.00014932
0.0034854
0.0547204
0.365431
-0.459802
3.87556
-40.5309
1.91924e-10
1.26236e-07
5.00699e-06
0.000144586
0.00338394
0.053599
0.372122
-0.613704
1.8088
-20.5878
2.8734e-12
5.6891e-09
3.32123e-07
1.31216e-05
0.000398556
0.00717432
0.0530472
-0.0426137
-1.3009
45.4523
-5.84776e-11
-9.8988e-09
-3.73359e-07
-9.45769e-06
-0.000258945
-0.00754058
-0.150442
0.0600736
-36.3124
-103.374
-1.41643e-09
-2.20856e-07
-8.0054e-06
-0.000162593
-0.00274585
-0.0535378
-0.98964
5.69325
-39.6942
56.1219
-2.22957e-09
-3.46009e-07
-1.19612e-05
-0.000231409
-0.00373656
-0.066955
-1.09028
9.53692
-28.4619
78.6734
-2.63165e-09
-4.11471e-07
-1.4015e-05
-0.000267326
-0.00424811
-0.0723993
-1.0844
9.18052
-30.6348
65.9401
-3.01063e-09
-4.71582e-07
-1.5831e-05
-0.000297284
-0.00463964
-0.075505
-1.06847
7.6213
-38.9924
50.5366
-3.428e-09
-5.3359e-07
-1.75728e-05
-0.000323617
-0.00495428
-0.0774086
-1.05346
5.41919
-49.7748
37.9048
-3.87659e-09
-5.93703e-07
-1.9054e-05
-0.000342431
-0.00514234
-0.0778517
-1.03663
2.80787
-62.5913
29.3128
-4.29543e-09
-6.38425e-07
-1.9791e-05
-0.000344944
-0.00508133
-0.0755734
-1.01025
-0.00639678
-76.7994
22.1961
-4.08411e-09
-6.02007e-07
-1.86954e-05
-0.000325412
-0.00479657
-0.0715138
-0.976406
-3.94524
-94.8479
-6.94131
-1.135e-10
-2.45358e-08
-1.14661e-06
-2.83216e-05
-0.000555584
-0.0103322
-0.154639
-0.492366
-51.654
-142.223
-4.22085e-11
-4.52872e-09
2.19333e-08
4.46866e-06
0.000169745
0.0072647
0.385654
20.5752
288.291
602.686
1.70204e-09
3.41653e-07
1.40007e-05
0.000283928
0.00471135
0.0806952
2.84585
161.33
646.186
657.746
3.13162e-09
5.42357e-07
2.00711e-05
0.000390506
0.0064668
0.108855
3.49506
183.401
718.101
649.766
3.89972e-09
6.40716e-07
2.28303e-05
0.000440395
0.00734489
0.12158
3.52314
176.021
707.493
634.776
4.64055e-09
7.27624e-07
2.50059e-05
0.000477126
0.00798608
0.129012
3.35427
164.593
679.83
620.043
5.39793e-09
8.07293e-07
2.66613e-05
0.000501102
0.00840908
0.132968
3.10242
152.267
645.569
607.274
6.09462e-09
8.66486e-07
2.73219e-05
0.000502969
0.00846724
0.132397
2.80225
139.678
607.366
598.514
6.56873e-09
8.80058e-07
2.61696e-05
0.000467224
0.00789819
0.124085
2.45304
127.118
563.502
593.655
6.1425e-09
8.00785e-07
2.33212e-05
0.000411964
0.00707759
0.113659
2.06025
105.821
471.62
581.856
1.46646e-10
3.4213e-08
1.76657e-06
4.57769e-05
0.000942675
0.0167956
0.312189
11.8063
181.296
480.278
-6.74839e-11
-1.93295e-08
-1.20274e-06
-3.00689e-05
-0.000360768
0.0122202
1.00182
40.1544
463.214
1010.45
-6.41578e-09
-8.66897e-07
-2.87192e-05
-0.000548857
-0.0087571
-0.0311406
6.22144
246.357
911.341
976.813
-9.02023e-09
-1.15363e-06
-3.60861e-05
-0.000677187
-0.0110094
-0.0539067
6.8544
272.593
989.305
959.356
-9.8443e-09
-1.2413e-06
-3.81359e-05
-0.000715844
-0.01194
-0.0764119
6.2662
262.052
978.231
953.117
-1.03893e-08
-1.28397e-06
-3.85437e-05
-0.000722274
-0.0124156
-0.0999723
5.42174
248.472
956.099
947.808
-1.07404e-08
-1.28826e-06
-3.73891e-05
-0.000695843
-0.0123561
-0.119823
4.506
235.105
932.696
942.865
-1.07586e-08
-1.235e-06
-3.40459e-05
-0.000622974
-0.0114546
-0.129146
3.61725
222.322
909.708
939.224
-1.02096e-08
-1.09368e-06
-2.75838e-05
-0.000484433
-0.00928959
-0.119001
2.87112
210.292
884.264
937.398
-8.67774e-09
-8.84788e-07
-2.06911e-05
-0.0003471
-0.00710783
-0.10919
1.86115
184.346
795.394
940.343
-3.69832e-10
-6.85633e-08
-3.00352e-06
-7.24854e-05
-0.00149512
-0.021099
0.195983
24.7068
364.561
931.826
4.49798e-10
8.15731e-08
3.92067e-06
0.000121039
0.00381538
0.122576
3.27371
68.316
590.721
1147.11
8.05059e-09
9.19613e-07
2.92411e-05
0.000741674
0.023025
0.775221
22.5975
347.68
1050.38
1063.54
9.96833e-09
1.08926e-06
3.30555e-05
0.000833211
0.0260959
0.881869
25.4488
384.235
1125.3
1039.91
1.00146e-08
1.08248e-06
3.22581e-05
0.000815095
0.0258691
0.879599
25.0706
377.715
1116.95
1035.96
9.44593e-09
9.94465e-07
2.86578e-05
0.000730621
0.0239635
0.836498
24.1087
368.772
1100.6
1033.96
8.40594e-09
8.38102e-07
2.26018e-05
0.000588857
0.0206788
0.763245
22.8403
360.831
1084.09
1032.73
6.81636e-09
6.03928e-07
1.38226e-05
0.000384591
0.0159051
0.657214
21.1928
353.346
1067.95
1033.34
4.51066e-09
2.72899e-07
1.78044e-06
0.000107095
0.00940657
0.512126
19.0163
345.116
1049.39
1036.87
2.19082e-09
-1.72488e-08
-7.93445e-06
-0.000118861
0.00378221
0.370707
16.3472
321
971.239
1049.25
3.58202e-10
5.31743e-08
1.90193e-06
5.35642e-05
0.00205755
0.0851612
2.73652
64.5033
531.6
1091.3
4.043e-10
7.37643e-08
3.68691e-06
0.000116074
0.0036253
0.115843
3.10614
66.3489
643.349
1253.83
6.17848e-09
7.19128e-07
2.40025e-05
0.000608366
0.0194623
0.702173
21.6653
346.97
1159.37
1115.07
7.04875e-09
7.90146e-07
2.53042e-05
0.000636608
0.0208811
0.769869
23.84
379.598
1244.99
1086.35
7.01557e-09
7.98888e-07
2.58197e-05
0.000651313
0.0212997
0.775913
23.4052
371.718
1242.82
1085.61
7.07719e-09
8.25234e-07
2.71189e-05
0.000685092
0.0220902
0.78711
23.1259
365.595
1235.91
1084.66
7.35858e-09
8.7874e-07
2.93464e-05
0.000741507
0.0234727
0.814355
23.3264
365.612
1233.25
1080.6
7.96654e-09
9.70778e-07
3.28288e-05
0.000828214
0.0256688
0.864172
24.1464
373.013
1235.67
1073.28
9.06259e-09
1.1198e-06
3.81604e-05
0.000958239
0.0289712
0.943341
25.748
388.51
1238.23
1064.5
9.47083e-09
1.18174e-06
4.02474e-05
0.000999411
0.0299016
0.965481
26.2035
382.633
1161.15
1080.32
4.71597e-10
9.29143e-08
4.94807e-06
0.000162536
0.00513762
0.159098
3.96433
76.1202
651.718
1217.04
6.08225e-10
1.19324e-07
6.56406e-06
0.00022439
0.00720063
0.221594
5.33217
88.3376
652.991
1196.05
1.22545e-08
1.59899e-06
6.17743e-05
0.00168756
0.0502618
1.54561
37.1511
401.595
1104.65
1094.94
1.4687e-08
1.85608e-06
7.0001e-05
0.00189897
0.0565024
1.7293
41.0419
438.246
1176.91
1073.67
1.42898e-08
1.81437e-06
6.88034e-05
0.00187588
0.0558028
1.69489
39.6673
427.943
1174.63
1075.3
1.33371e-08
1.70279e-06
6.5021e-05
0.00178105
0.0529626
1.60391
37.5227
414.132
1167.23
1079.38
1.21702e-08
1.5607e-06
5.99777e-05
0.00164675
0.0488773
1.48187
35.0918
400.732
1161.02
1083.59
1.08718e-08
1.39953e-06
5.40892e-05
0.00148258
0.0437879
1.33387
32.4018
387.85
1156.9
1087.73
9.4499e-09
1.22009e-06
4.73777e-05
0.00129014
0.0377888
1.16274
29.5008
376.132
1154.26
1091.2
8.28694e-09
1.13084e-06
4.60678e-05
0.00126413
0.0363595
1.10627
28.4671
367.87
1110.08
1100.18
4.35123e-10
8.45434e-08
4.77241e-06
0.00017176
0.00574791
0.180609
4.45202
79.8944
635.41
1199.72
6.56667e-10
1.37853e-07
8.13618e-06
0.000285359
0.00875782
0.247767
5.45955
86.4635
714.902
1332.21
1.52787e-08
2.07434e-06
8.0346e-05
0.00205541
0.0562785
1.63121
37.2238
408.783
1218.2
1129.62
1.8361e-08
2.35125e-06
8.56593e-05
0.00212875
0.0593334
1.76915
40.8371
446.201
1294.44
1091.36
1.78749e-08
2.26108e-06
8.1266e-05
0.00202611
0.0576566
1.74392
40.121
439.172
1287.28
1091.36
1.69225e-08
2.12083e-06
7.56228e-05
0.00190421
0.0555334
1.71004
39.5324
434.358
1277.84
1092.44
1.58209e-08
1.96221e-06
6.95778e-05
0.00178063
0.053516
1.68644
39.499
436.167
1275.44
1091.14
1.46151e-08
1.79367e-06
6.35305e-05
0.00166445
0.0517401
1.67339
39.9827
444.211
1280.18
1088.13
1.3417e-08
1.63394e-06
5.83064e-05
0.00157497
0.0505305
1.6729
40.9562
457.358
1286.66
1084.96
1.09389e-08
1.33422e-06
4.85549e-05
0.00136501
0.0454307
1.54748
38.9875
434.833
1206.11
1114.83
5.98407e-10
1.12532e-07
6.00381e-06
0.000208346
0.00708318
0.230697
5.66203
92.782
711.038
1304.75
5.27524e-10
1.22923e-07
8.28807e-06
0.000331731
0.0111307
0.326505
7.06592
99.7358
700.938
1227.26
1.66771e-08
2.68907e-06
0.000126965
0.00373791
0.102821
2.72996
53.2092
467.061
1225.9
1123.48
2.21059e-08
3.43269e-06
0.000155744
0.00444841
0.120656
3.17552
60.8108
522.992
1326.46
1095.49
2.26946e-08
3.50623e-06
0.0001577
0.00447827
0.121382
3.17567
59.9772
517.882
1334.53
1096.07
2.25446e-08
3.46667e-06
0.00015467
0.00436885
0.118385
3.09063
58.1503
508.174
1332.46
1097.78
2.21692e-08
3.38138e-06
0.000149214
0.00418447
0.113362
2.96571
56.1209
499.318
1327.29
1096.58
2.1575e-08
3.25092e-06
0.000141423
0.003931
0.106575
2.80912
54.0227
492.352
1319.6
1091.56
2.06998e-08
3.06678e-06
0.000131041
0.00360537
0.0980339
2.62398
52.0221
489.217
1313.45
1087.09
1.90909e-08
2.82724e-06
0.000120899
0.0033563
0.0930889
2.56628
52.7725
495.668
1275.8
1099.17
8.28357e-10
1.81128e-07
1.12852e-05
0.000424175
0.0138141
0.397595
8.39839
116.496
762.309
1239.24
4.12308e-10
9.61822e-08
6.53935e-06
0.000264624
0.00877816
0.249567
5.23793
74.7614
584.018
1189.7
1.16702e-08
1.89975e-06
9.13713e-05
0.00272302
0.0743103
1.94988
37.7022
346.242
1003.68
1032.87
1.48881e-08
2.33972e-06
0.000108545
0.0031456
0.0850486
2.23181
42.7773
385.603
1086.99
1009.57
1.51106e-08
2.38393e-06
0.000110842
0.00322369
0.08775
2.30169
43.571
389.862
1103.37
1014.56
1.50219e-08
2.38739e-06
0.000111652
0.00326892
0.0897434
2.3615
44.5052
396.888
1122.41
1021.94
1.49579e-08
2.39241e-06
0.000112459
0.00331433
0.0918526
2.43455
46.0467
410.668
1152.87
1029.84
1.4952e-08
2.40266e-06
0.00011336
0.00336066
0.0940298
2.51848
48.1673
431.312
1194.85
1035.39
1.50428e-08
2.42232e-06
0.000114443
0.00340642
0.096015
2.59852
50.5143
455.03
1229.94
1028.06
1.4459e-08
2.37064e-06
0.000113838
0.00343792
0.0978071
2.65997
51.933
454.149
1164.37
1032.7
5.66728e-10
1.32819e-07
9.06679e-06
0.000370621
0.0126853
0.371194
7.74285
101.966
677.801
1211.22
3.66271e-10
9.37907e-08
7.06304e-06
0.000316957
0.0113531
0.336043
7.16549
100.518
775.69
1438.59
1.24961e-08
2.24781e-06
0.000120938
0.00401855
0.115667
3.01328
55.0813
463.589
1271.82
1207.36
1.67585e-08
2.90186e-06
0.00015013
0.00482459
0.136233
3.51556
63.0602
514.465
1338.9
1132.73
1.6933e-08
2.92624e-06
0.000150723
0.00482158
0.135898
3.48566
61.6305
501.56
1316.45
1109.99
1.65246e-08
2.85929e-06
0.000147072
0.00469229
0.132146
3.37966
59.4013
485.307
1285.03
1087.31
1.60269e-08
2.77407e-06
0.000142328
0.00452232
0.127198
3.25464
57.3184
471.749
1251.15
1057.6
1.54724e-08
2.67438e-06
0.000136604
0.00431446
0.121157
3.11354
55.4229
461.455
1217.52
1029.64
1.4873e-08
2.56225e-06
0.000130029
0.00407572
0.114339
2.97088
54.1655
459.235
1202.05
1034.06
1.40993e-08
2.44532e-06
0.000124692
0.00393356
0.111952
2.98205
56.1174
470.258
1183.45
1106.89
5.85029e-10
1.41676e-07
1.01255e-05
0.000435611
0.0153038
0.447238
9.1836
118.179
756.981
1312.91
1008.64
1396.95
928.014
822.606
1022.96
1192.18
823.15
997.075
1053.95
1003.46
1384.29
1125.99
700.694
1037.47
1093.13
1056.49
815.842
1103.91
984.216
1018.03
1400.92
1099.8
697.566
1050.1
1087.31
1057.3
818.751
1103.24
979.365
1021.67
1401.09
1107.14
700.565
1042.06
1086.94
1062.5
819.428
1098.16
981.432
1021.94
1402.57
1111.48
702.501
1037.23
1087.82
1063.8
820.541
1095.27
982.912
1021.75
1405.43
1111.2
703.377
1036.32
1088.85
1062.28
822.157
1094.25
983.341
1021.52
1409.71
1106.08
703.163
1039.42
1089.84
1058.25
824.069
1095.17
982.729
1021.25
1414.72
1097.49
702.101
1045.85
1091.63
1050.95
825.907
1098.55
981.382
1020.61
1400.26
1119.09
707.296
1034.75
1096.7
1048.55
825.216
1098.46
985.651
1017.38
998.971
1394.77
934.36
816.23
1033.13
1181.19
829.618
996.565
1053.11
1002.97
1118.94
897.38
1105.24
961.313
1004.39
999.208
950.647
1054.06
951.503
1036.97
1124.37
924.12
1076.2
940.299
1038.72
952.253
993.07
1033.49
948.941
1049.41
1127.61
924.023
1071.33
944.694
1038.55
949.412
995.523
1030.71
949.043
1050.87
1132.76
918.733
1076.62
942.187
1039.87
949.561
994.582
1030.8
949.437
1050.59
1138.55
912.243
1083.18
938.173
1042.2
948.842
994.8
1030.35
950.3
1049.98
1144.17
905.798
1089.67
933.579
1045.27
947.209
996.083
1029.41
951.268
1049.34
1148.87
900.042
1095.56
928.737
1048.94
944.66
998.441
1028.01
952.274
1048.74
1152.55
894.835
1100.92
923.855
1052.73
941.44
1001.98
1026.09
953.521
1047.99
1157.99
886.425
1111.72
916.718
1055.24
942.042
1001.63
1027.44
954.295
1046.23
1167.99
863.731
1122.49
953.525
1011.57
992.642
957.084
1048.96
955.572
1034.92
959.374
1041.48
1124.91
841.585
1070.73
963.291
1009.63
1014.04
960.911
1030.95
1023.67
1057.54
939.351
978.184
1057.36
914.782
1062.25
966.592
989.76
1027.95
1031.12
1051.68
929.604
997.058
1046.11
914.092
1064.92
963.956
991.766
1027.64
1032.01
1050.63
935.304
991.816
1048.16
913.832
1063.96
965.418
991.017
1027.71
1033.26
1048.15
941.236
986.151
1051.05
913.021
1063.82
966.032
990.814
1027.65
1034.91
1044.6
946.274
981.838
1053.6
911.867
1064.45
965.746
991.192
1027.45
1036.66
1040.52
949.871
979.217
1055.6
910.445
1065.84
964.536
992.128
1027.16
1038.4
1035.87
952.238
977.686
1057.4
908.896
1068
962.371
993.66
1026.73
1036.07
1033.22
969.002
956.95
1068.48
908.915
1066.65
963.917
992.554
1026.8
992.633
1002.1
1149.7
833.456
1075.87
958.67
1012.6
1012.18
962.653
1030.5
904.339
1151.82
1061.86
828.581
1103.55
941.656
1025.31
1001.58
971.462
1024.55
1012.46
1097.34
857.859
1042.34
1037.56
908.249
1079.44
949.692
1006.11
1017.5
1022.45
1084.01
852.675
1064.14
1021.69
909.954
1081.37
947.156
1008.66
1016.75
1022.5
1085.11
856.961
1058.59
1024.17
909.343
1080.56
948.536
1007.95
1016.83
1022.54
1084.66
860.915
1053.64
1026.74
908.445
1080.55
948.992
1007.77
1016.82
1022.75
1082.46
864.384
1050.71
1028.07
907.707
1081.15
948.49
1008.23
1016.66
1022.84
1079.03
866.935
1049.99
1028.01
907.261
1082.32
947.011
1009.33
1016.39
1022.61
1074.77
868.168
1050.92
1027.21
907.024
1084.09
944.582
1011.03
1015.99
1015.91
1080.1
879.772
1028.75
1040.83
905.496
1083.58
945.507
1009.71
1016.51
927.536
1120.66
1078.2
823.871
1109.67
933.98
1030.07
999.144
972.543
1024.87
869.434
1207.22
1017.43
850.617
1101.07
935.814
1030.3
998.128
975.697
1021.7
999.709
1122.3
823.361
1080.7
1011.4
919.634
1077.14
948.765
1009.86
1014.32
1010.83
1107.5
818.908
1104.72
992.591
924.066
1077.43
946.919
1012.33
1013.46
1009.77
1110.8
820.484
1102.07
993.067
924.616
1076.03
948.527
1011.61
1013.45
1009.33
1111.93
821.934
1100.16
993.294
925.167
1075.29
949.291
1011.39
1013.33
1010.16
1110.08
823.794
1099.95
992.076
926.228
1074.94
949.225
1011.74
1013.07
1012.38
1105.32
826.146
1101.21
989.524
927.854
1074.94
948.336
1012.62
1012.72
1015.76
1097.89
828.776
1102.99
986.651
929.678
1075.4
946.678
1013.94
1012.3
1008.38
1104.42
838.425
1081.41
1000.12
927.712
1075.2
947.634
1012.42
1012.79
884.106
1193.4
1013.21
861.551
1098.67
932.208
1033.65
996.108
977.78
1020.32
892.164
1194.95
1016.21
848.696
1109.94
924.832
1039.33
992.135
978.992
1020.43
1009.78
1102.67
838.013
1072.1
1014.65
914.396
1084.75
940.779
1016.84
1011.21
1018.53
1087.73
836.102
1093.1
997.099
918.072
1085.7
938.074
1020.1
1010.1
1016.88
1091.15
837.828
1089.76
998.419
917.547
1085.24
938.891
1019.89
1010.01
1014.85
1093.61
838.5
1087.87
999.045
917.26
1085.35
938.815
1020.28
1009.75
1012.88
1094.35
838.736
1088.29
997.783
917.759
1085.73
937.843
1021.4
1009.28
1011.02
1093.62
838.382
1090.97
994.596
919.218
1086.26
935.997
1023.27
1008.58
1009.74
1091.25
837.086
1095.44
990.122
921.536
1086.89
933.46
1025.75
1007.69
1003.68
1099.74
842.172
1078.68
1000.76
920.681
1086.46
934.053
1024.81
1008.06
895.25
1189.73
1007.69
858.947
1111.22
914.141
1049.48
984.007
984.105
1019.67
856.807
1256.2
946.512
898.03
1088.68
934.835
1038.44
990.387
981.063
1017.04
997.943
1121.36
804.861
1123.9
969.911
947.361
1069.58
946.009
1016.13
1009.36
1011.68
1101.23
807.569
1145.78
947.956
956.281
1067.22
945.448
1018.16
1008.57
1011.24
1103.9
809.218
1143.96
947.373
957.929
1065.34
947.441
1017.08
1008.62
1010.84
1104.78
810.987
1142.56
946.643
959.659
1063.95
948.644
1016.45
1008.61
1011.27
1102.94
813.738
1142.4
944.489
962.134
1062.65
949.148
1016.3
1008.58
1012.38
1098.66
817.521
1143.13
941.116
965.371
1061.41
948.922
1016.59
1008.6
1013.79
1092.73
821.323
1144.22
937.644
968.683
1060.48
947.925
1017.22
1008.74
1002.68
1104.76
824.944
1125.38
951.828
964.658
1061.49
948.06
1015.33
1009.78
872.2
1242.38
937.478
919.698
1078.89
935.082
1040.35
990.654
979.005
1016.96
928.503
1203.84
972.765
853.147
1134.46
878.805
1074.56
962.973
994
1016.24
1011.33
1069.65
842.12
1076.04
996.586
901.044
1102.96
908.667
1041.44
1001
1017.37
1054.38
843.034
1097.18
974.211
908.899
1102.14
904.644
1046.81
998.473
1016.37
1059.11
842.061
1096.86
973.427
909.025
1101.99
904.538
1047.9
997.409
1015.11
1062.26
840.73
1097.63
971.701
909.885
1101.9
903.903
1049.63
995.999
1014.26
1062.69
840.371
1099.71
968.041
912.112
1101.51
902.789
1052.07
994.203
1014.37
1060.25
841.022
1102.76
962.678
915.742
1100.66
901.283
1055.16
992.036
1014.63
1054.88
842.758
1105.71
956.677
920.348
1099.26
899.776
1058.51
989.645
1010.84
1063.94
845.243
1090.85
967.451
919.198
1098.03
902.215
1057
989.562
926.771
1209.38
944.854
887.146
1119.13
874.046
1085.3
949.056
1009.62
1006.85
807.997
1171.92
966.899
943.202
1045.94
923.076
993.669
1026.19
944.076
1058.29
963.41
1115.1
837.412
1097.95
919.253
962.444
996.43
998.775
959.208
1063.6
977.977
1095.37
838.048
1114.7
900.252
970.482
993.472
993.723
961.624
1064.54
974.85
1094.32
840.162
1111.91
900.807
967.887
993.995
990.922
963.125
1064.66
971.253
1093.91
841.279
1109.06
901.017
965.573
994.625
987.991
965.032
1064.6
967.978
1093.09
841.511
1107.75
899.383
964.405
994.897
984.864
967.224
1064.52
964.941
1092.47
841.181
1107.54
895.975
964.663
994.519
981.8
969.484
1064.58
965.496
1090.39
840.274
1108.21
891.135
966.61
993.125
979.489
971.609
1064.83
957.549
1096.27
844.818
1091.23
903.87
959.069
995.574
979.985
972.317
1064.96
814.865
1164.87
950.67
944.826
1047.95
894.846
1014.19
1000.55
951.215
1065.47
960.397
1291.42
699.667
1021.99
928.548
1256.56
733.246
1093.91
960.266
1063.63
1005.75
1015.2
687.068
1195.69
951.427
1132.23
732.273
1194.86
877.841
1098.84
1015.19
988.106
697.164
1200.14
946.806
1132.64
733.723
1195.45
870.306
1105.28
1017.48
986.831
698.085
1194.44
945.132
1138.23
732.113
1193.08
869.31
1107.86
1019.45
983.37
700.428
1190.94
944.272
1139.83
731.632
1192.15
868.159
1109.9
1023.19
976.099
705.489
1188.72
944.256
1138
732.5
1192.26
866.462
1111.75
1027.92
966.182
712.357
1188.26
944.984
1132.78
734.86
1193.11
864.576
1113.18
1026.85
957.439
720.424
1189.86
946.532
1124.22
738.055
1195.47
862.655
1113.93
1010.57
976.487
716.152
1186.42
947.637
1123.21
736.276
1197.41
864.56
1112.43
968.236
1236.51
704.392
1026.75
924.683
1251.35
725.404
1111.59
936.935
1080.89
7.68251e-11
2.19215e-08
1.89796e-06
9.69971e-05
0.00374698
0.113958
2.47083
40.3633
219.736
681.39
3.24608e-09
6.99465e-07
4.62005e-05
0.00184639
0.0582922
1.51528
27.3931
250.135
685.656
889.321
5.01187e-09
1.05317e-06
6.77661e-05
0.00265069
0.0827588
2.13897
37.878
324.459
918.6
1094.99
5.70094e-09
1.20134e-06
7.74297e-05
0.00304103
0.0958435
2.49643
43.8212
364.756
1051.36
1251.51
6.28224e-09
1.33131e-06
8.62011e-05
0.00340791
0.108665
2.86312
50.1476
409.974
1191.02
1408.72
6.91851e-09
1.47359e-06
9.57796e-05
0.00380777
0.122775
3.27766
57.5682
466.235
1358.34
1580.09
7.62226e-09
1.62899e-06
0.000106005
0.00422195
0.137113
3.70734
65.6385
530.165
1532.14
1690.14
8.3436e-09
1.7817e-06
0.000115445
0.00457371
0.148415
4.03581
72.0587
583.249
1623.68
1562.22
9.32506e-09
1.99802e-06
0.00012903
0.00507893
0.163987
4.44303
78.2967
596.018
1486.34
1274.09
2.95488e-10
8.63607e-08
7.55168e-06
0.000394304
0.015905
0.497368
10.4067
128.345
823.423
1478.75
4.8319e-12
1.52531e-09
1.47533e-07
8.35268e-06
0.000345122
0.0110206
0.223662
4.85627
43.7549
-68.5214
2.4437e-10
6.09417e-08
4.70434e-06
0.00021672
0.00744374
0.200106
3.71776
46.6301
162.563
-130.859
4.30039e-10
1.05517e-07
8.00763e-06
0.000363641
0.0123925
0.33138
6.15114
69.5833
221.169
-213.688
5.57757e-10
1.37881e-07
1.05415e-05
0.000483696
0.0167578
0.455614
8.54804
91.0657
258.609
-297.505
7.10669e-10
1.77555e-07
1.37265e-05
0.000639116
0.0226172
0.62804
11.8992
118.639
292.814
-393.883
9.17815e-10
2.31888e-07
1.81376e-05
0.000857291
0.0309912
0.87952
16.7285
153.8
318.67
-509.853
1.20034e-09
3.0668e-07
2.42489e-05
0.00116195
0.0428578
1.23815
23.4084
194.56
318.237
-680.723
1.59638e-09
4.1134e-07
3.26985e-05
0.00157449
0.0585326
1.70655
31.3992
229.818
266.633
-801.261
2.16368e-09
5.5978e-07
4.43538e-05
0.00211883
0.0780054
2.22159
38.2675
235.488
97.0886
-1199.15
4.5428e-11
1.6282e-08
1.75569e-06
0.000112296
0.00534577
0.188551
4.31868
51.9353
136.916
-1002.22
2.10956e-13
7.28385e-11
7.69453e-09
4.76236e-07
2.10374e-05
0.00071701
0.013449
0.327223
4.00547
-0.695309
1.2783e-11
3.59174e-09
3.11846e-07
1.6007e-05
0.000591453
0.0167462
0.305681
4.94143
24.8938
-2.21133
2.54013e-11
7.06029e-09
6.05614e-07
3.07152e-05
0.0011276
0.0317476
0.588609
8.67502
39.1221
-3.86653
3.73017e-11
1.04761e-08
9.0804e-07
4.66931e-05
0.00174917
0.0502062
0.95844
13.5712
53.0231
-4.74317
5.45785e-11
1.55423e-08
1.36745e-06
7.16285e-05
0.00275102
0.080984
1.59856
21.4319
70.0279
-4.92657
8.20226e-11
2.37096e-08
2.12075e-06
0.000113408
0.00447806
0.135368
2.7492
33.8262
87.8864
-3.73125
1.2634e-10
3.7141e-08
3.377e-06
0.000183731
0.00743462
0.231309
4.79957
51.7833
100.184
-1.53638
2.0024e-10
5.99911e-08
5.54782e-06
0.000308009
0.0127694
0.402653
8.17392
72.1911
96.4147
7.86339
3.2614e-10
9.78163e-08
8.97369e-06
0.000491338
0.020067
0.618131
11.717
82.0723
64.0098
13.777
4.27919e-12
1.90002e-09
2.47454e-07
1.83679e-05
0.000981522
0.0376922
0.950399
13.7915
47.6837
47.3906
7.32169e-15
2.73997e-12
3.11732e-10
2.08848e-08
9.83057e-07
3.57314e-05
0.000666745
0.0159403
0.240946
0.000390479
5.32827e-13
1.6608e-10
1.58771e-08
8.92098e-07
3.52523e-05
0.00105986
0.0191913
0.353478
2.46179
0.0133215
1.19072e-12
3.68535e-10
3.49035e-08
1.93806e-06
7.61221e-05
0.00227814
0.0420419
0.722796
4.44118
0.0355145
1.96988e-12
6.17118e-10
5.91514e-08
3.34195e-06
0.000134159
0.00409361
0.0780358
1.32507
7.02166
0.11598
3.29084e-12
1.04864e-09
1.02397e-07
5.88249e-06
0.000242155
0.00759617
0.151076
2.51814
11.0299
0.279864
5.70781e-12
1.85072e-09
1.84062e-07
1.08715e-05
0.000461806
0.0148626
0.308511
4.91005
16.6391
0.538754
1.03158e-11
3.411e-09
3.45402e-07
2.06433e-05
0.000898393
0.0299834
0.655978
9.51305
22.9404
0.849154
1.90514e-11
6.5084e-09
6.78759e-07
4.20796e-05
0.00189915
0.0645598
1.42501
16.7376
26.8555
0.894587
3.72218e-11
1.26426e-08
1.30086e-06
7.87631e-05
0.0034862
0.116187
2.45402
22.1771
22.7498
0.128708
2.72255e-13
1.6261e-10
2.55584e-08
2.12871e-06
0.000121682
0.00491076
0.124156
2.26229
9.59701
-4.89175
2.16261e-16
8.713e-14
1.05855e-11
7.61344e-10
3.81234e-08
1.47799e-06
2.8827e-05
0.000657598
0.0125063
-9.99641e-05
1.8886e-14
6.47039e-12
6.72168e-10
4.09443e-08
1.72661e-06
5.52392e-05
0.00102193
0.0201114
0.187326
0.00197405
4.73759e-14
1.6158e-11
1.66534e-09
1.00175e-07
4.19773e-06
0.000133769
0.0025173
0.0471433
0.385437
0.00483538
8.79157e-14
3.03982e-11
3.17621e-09
1.94882e-07
8.35188e-06
0.000271177
0.00524813
0.098384
0.703279
0.012385
1.66909e-13
5.89108e-11
6.27955e-09
3.90752e-07
1.71259e-05
0.000572668
0.0115382
0.217453
1.29974
0.0298416
3.31735e-13
1.19335e-10
1.2996e-08
8.35192e-07
3.78556e-05
0.00129608
0.0272062
0.507365
2.35613
0.0646418
7.01492e-13
2.57204e-10
2.84316e-08
1.83753e-06
8.49748e-05
0.00302513
0.0676553
1.2188
3.99058
0.120032
1.48242e-12
5.71981e-10
6.6048e-08
4.47758e-06
0.000216505
0.0078768
0.182115
2.77911
5.9414
0.184284
3.45306e-12
1.31953e-09
1.49575e-07
9.81575e-06
0.000462758
0.016539
0.37623
4.47947
6.28826
0.166888
1.08791e-14
1.09925e-11
2.17721e-09
2.02286e-07
1.21704e-05
0.00051423
0.0118819
0.26329
1.44123
-0.0188076
5.66015e-18
2.44749e-15
3.1508e-13
2.42127e-11
1.28905e-09
5.32202e-08
1.11915e-06
2.49146e-05
0.000567021
-2.58754e-06
5.91618e-16
2.21547e-13
2.48022e-11
1.62827e-09
7.32438e-08
2.49516e-06
4.84821e-05
0.00100166
0.0118076
0.000173802
1.66542e-15
6.21781e-13
6.9046e-11
4.47141e-09
1.9974e-07
6.78241e-06
0.000133512
0.00265885
0.0277785
0.000436733
3.45143e-15
1.30871e-12
1.47853e-10
9.7892e-09
4.47039e-07
1.54406e-05
0.000310454
0.00621282
0.0580967
0.00106288
7.44662e-15
2.88949e-12
3.322e-10
2.22141e-08
1.03421e-06
3.68129e-05
0.000766446
0.0155559
0.125043
0.00270606
1.67606e-14
6.66547e-12
7.88171e-10
5.46621e-08
2.63241e-06
9.56996e-05
0.00205716
0.0421635
0.269972
0.00665368
4.15559e-14
1.67384e-11
1.99522e-09
1.38203e-07
6.7532e-06
0.000255024
0.00581962
0.119674
0.555939
0.0146195
9.88213e-14
4.30043e-11
5.43537e-09
3.97922e-07
2.04326e-05
0.000790723
0.0188071
0.347482
1.06153
0.0277555
2.7405e-13
1.1741e-10
1.45169e-08
1.02265e-06
5.08858e-05
0.00193511
0.0460121
0.693755
1.41599
0.036667
-6.45372e-18
6.0762e-13
1.66187e-10
1.73846e-08
1.1133e-06
5.14009e-05
0.00104665
0.0306571
0.209012
0.00164941
1.34582e-19
6.23602e-17
8.46107e-15
6.93107e-13
3.93271e-11
1.72071e-09
3.97509e-08
8.97803e-07
2.27412e-05
3.31751e-07
1.67738e-17
6.84818e-15
8.21807e-13
5.79573e-11
2.78343e-09
1.00949e-07
2.10222e-06
4.57582e-05
0.000642256
1.67095e-05
5.31105e-17
2.15807e-14
2.56595e-12
1.78294e-10
8.4938e-09
3.07237e-07
6.46008e-06
0.000136327
0.00172774
4.21717e-05
1.2186e-16
5.06932e-14
6.16254e-12
4.38628e-10
2.13451e-08
7.83814e-07
1.66997e-05
0.000354471
0.0041227
9.49956e-05
3.01281e-16
1.27394e-13
1.56791e-11
1.12205e-09
5.54629e-08
2.09802e-06
4.60764e-05
0.000987861
0.0102626
0.000241882
7.55458e-16
3.33118e-13
4.25397e-11
3.16797e-09
1.61958e-07
6.24533e-06
0.00013996
0.00306788
0.0262827
0.000649646
2.21018e-15
9.71339e-13
1.23983e-10
9.1644e-09
4.72181e-07
1.88462e-05
0.000444646
0.0098942
0.0649351
0.00163792
5.82988e-15
2.86782e-12
3.94201e-10
3.09372e-08
1.68129e-06
6.89911e-05
0.00168911
0.0356683
0.158771
0.00384966
1.92015e-14
9.23292e-12
1.23915e-09
9.33018e-08
4.88884e-06
0.000196977
0.0048452
0.0878757
0.268872
0.00741848
-4.98736e-17
2.70616e-14
1.19832e-11
1.42017e-09
9.79234e-08
5.16049e-06
9.73288e-05
0.00385431
0.031865
0.000720529
2.95405e-21
1.46391e-18
2.09077e-16
1.82387e-14
1.10413e-12
5.10506e-11
1.30989e-09
3.10544e-08
8.25162e-07
4.91406e-08
4.3723e-19
1.94419e-16
2.49298e-14
1.88609e-12
9.68819e-11
3.74129e-09
8.46179e-08
1.95719e-06
3.10833e-05
1.59129e-06
1.56127e-18
6.87656e-16
8.72207e-14
6.49481e-12
3.30401e-10
1.27248e-08
2.8994e-07
6.51116e-06
9.53532e-05
4.22166e-06
3.93293e-18
1.79939e-15
2.34818e-13
1.79355e-11
9.31503e-10
3.63627e-08
8.3254e-07
1.88246e-05
0.000258698
9.30598e-06
1.12194e-17
5.14553e-15
6.75071e-13
5.16293e-11
2.71164e-09
1.08836e-07
2.56349e-06
5.79737e-05
0.000738022
2.32546e-05
3.10229e-17
1.52006e-14
2.09066e-12
1.66797e-10
9.06482e-09
3.70667e-07
8.79974e-06
0.000204629
0.00223453
6.5177e-05
1.07059e-16
5.13465e-14
6.9979e-12
5.51166e-10
2.99539e-08
1.26037e-06
3.12877e-05
0.000736034
0.00653468
0.000179345
3.11436e-16
1.73757e-13
2.58908e-11
2.17043e-09
1.24875e-07
5.42634e-06
0.000138278
0.00320949
0.020296
0.000518561
1.20945e-15
6.56747e-13
9.56167e-11
7.68932e-09
4.24703e-07
1.80945e-05
0.000462941
0.00968226
0.043613
0.00140924
-5.82488e-18
8.3712e-16
8.41532e-13
1.12365e-10
8.39212e-09
5.02653e-07
9.65739e-06
0.000462563
0.00470096
0.000205588
6.03909e-23
3.20341e-20
4.81779e-18
4.46587e-16
2.88535e-14
1.41101e-12
4.03775e-11
1.02841e-09
2.75774e-08
3.93866e-09
1.05872e-20
5.12362e-18
7.00927e-16
5.68835e-14
3.13363e-12
1.29024e-10
3.19489e-09
7.89642e-08
1.36723e-06
1.33256e-07
4.26293e-20
2.03371e-17
2.74806e-15
2.19304e-13
1.19413e-11
4.89761e-10
1.21944e-08
2.93018e-07
4.76558e-06
3.88068e-07
1.17643e-19
5.92256e-17
8.28526e-15
6.78946e-13
3.77511e-11
1.56826e-09
3.89651e-08
9.41518e-07
1.4664e-05
9.07653e-07
3.86962e-19
1.9258e-16
2.69045e-14
2.19962e-12
1.23041e-10
5.23517e-09
1.33615e-07
3.21161e-06
4.7586e-05
2.33966e-06
1.1777e-18
6.41899e-16
9.4923e-14
8.10984e-12
4.70085e-10
2.0398e-08
5.19813e-07
1.28056e-05
0.000169344
6.88605e-06
4.76443e-18
2.50376e-15
3.6454e-13
3.06268e-11
1.76008e-09
7.79631e-08
2.06406e-06
5.12463e-05
0.000579988
2.00968e-05
1.52735e-17
9.7106e-15
1.56726e-12
1.4019e-10
8.56124e-09
3.94039e-07
1.06127e-05
0.000264761
0.00226142
7.11605e-05
6.91119e-17
4.28528e-14
6.78658e-12
5.83961e-10
3.41336e-08
1.53577e-06
4.13317e-05
0.000967541
0.00611203
0.000253857
-4.76422e-19
-5.71639e-19
5.81231e-14
8.62118e-12
7.00076e-10
4.64701e-08
9.89053e-07
5.09976e-05
0.000638017
4.84454e-05
1.15451e-24
6.5817e-22
1.04506e-19
1.03009e-17
7.09113e-16
3.67332e-14
1.16977e-12
3.24311e-11
8.6159e-10
2.37956e-10
2.39817e-22
1.2612e-19
1.84022e-17
1.60436e-15
9.50508e-14
4.18288e-12
1.13931e-10
3.01154e-09
5.5411e-08
9.54419e-09
1.08513e-21
5.61574e-19
8.08981e-17
6.93115e-15
4.04994e-13
1.77155e-11
4.84066e-10
1.247e-08
2.18884e-07
3.11453e-08
3.28932e-21
1.82021e-18
2.72828e-16
2.40184e-14
1.43435e-12
6.3575e-11
1.72575e-09
4.459e-08
7.61429e-07
8.10033e-08
1.23838e-20
6.71847e-18
1.00142e-15
8.77254e-14
5.2419e-12
2.36671e-10
6.58151e-09
1.69103e-07
2.801e-06
2.27062e-07
4.16964e-20
2.52833e-17
4.01819e-15
3.6795e-13
2.28359e-11
1.05392e-09
2.91182e-08
7.61225e-07
1.16306e-05
7.31514e-07
1.95723e-19
1.13466e-16
1.76896e-14
1.591e-12
9.71469e-11
4.53293e-09
1.29054e-07
3.39488e-06
4.63235e-05
2.28928e-06
6.93164e-19
5.04965e-16
8.8386e-14
8.44949e-12
5.49535e-10
2.68205e-08
7.74194e-07
2.05885e-05
0.000224087
9.92324e-06
3.60386e-18
2.58794e-15
4.47872e-13
4.13851e-11
2.57613e-09
1.22494e-07
3.50774e-06
9.00164e-05
0.000752939
4.30719e-05
-3.26479e-20
-2.84262e-18
3.93913e-15
6.39017e-13
5.65078e-11
4.06119e-09
1.00563e-07
5.239e-06
7.88389e-05
9.65635e-06
2.06817e-26
1.28359e-23
2.14865e-21
2.26028e-19
1.66029e-17
9.12376e-16
3.22153e-14
9.7435e-13
2.55315e-11
1.18771e-11
5.10071e-24
2.90943e-21
4.5294e-19
4.25478e-17
2.72045e-15
1.28319e-13
3.85296e-12
1.08631e-10
2.08728e-09
5.89402e-10
2.57282e-23
1.45086e-20
2.23398e-18
2.06201e-16
1.29784e-14
6.06997e-13
1.82286e-11
5.02489e-10
9.33314e-09
2.1726e-09
8.6546e-23
5.24548e-20
8.42048e-18
7.98638e-16
5.14267e-14
2.43902e-12
7.26573e-11
2.00362e-09
3.65822e-08
6.40947e-09
3.6686e-22
2.18845e-19
3.49471e-17
3.29488e-15
2.11347e-13
1.01535e-11
3.08413e-10
8.4763e-09
1.52345e-07
2.01211e-08
1.3878e-21
9.32739e-19
1.59346e-16
1.56897e-14
1.04713e-12
5.15432e-11
1.55448e-09
4.3184e-08
7.3346e-07
7.35105e-08
7.383e-21
4.78698e-18
8.03438e-16
7.77415e-14
5.07868e-12
2.50483e-10
7.71056e-09
2.15215e-07
3.37897e-06
2.53422e-07
2.9181e-20
2.45184e-17
4.66943e-15
4.79419e-13
3.33731e-11
1.73076e-09
5.40292e-08
1.5284e-06
2.00755e-05
1.34413e-06
1.70472e-19
1.44823e-16
2.76103e-14
2.75498e-12
1.84025e-10
9.27426e-09
2.85197e-07
7.90136e-06
8.27948e-05
6.76383e-06
-1.98751e-21
-3.31736e-19
2.55256e-16
4.52359e-14
4.37828e-12
3.35917e-10
9.83367e-09
5.06696e-07
8.85341e-06
1.64835e-06
3.44847e-28
2.36934e-25
4.17357e-23
4.7191e-21
3.72e-19
2.18028e-17
8.4746e-16
2.78324e-14
7.21174e-13
5.10165e-13
1.01624e-25
6.28777e-23
1.04627e-20
1.06407e-18
7.37482e-17
3.74102e-15
1.2387e-13
3.70688e-12
7.35091e-11
3.18329e-11
5.66502e-25
3.50568e-22
5.79181e-20
5.78798e-18
3.94405e-16
1.9803e-14
6.53497e-13
1.91798e-11
3.71742e-10
1.3294e-10
2.13563e-24
1.41618e-21
2.43875e-19
2.50402e-17
1.74706e-15
8.89733e-14
2.91395e-12
8.54528e-11
1.63712e-09
4.47835e-10
1.00224e-23
6.65001e-21
1.14399e-18
1.16739e-16
8.09076e-15
4.1553e-13
1.38075e-11
4.04276e-10
7.71167e-09
1.59512e-09
4.3162e-23
3.21753e-20
5.92332e-18
6.30943e-16
4.55422e-14
2.40041e-12
7.92767e-11
2.33835e-09
4.28343e-08
6.73165e-09
2.55112e-22
1.87782e-19
3.41582e-17
3.57741e-15
2.52091e-13
1.32143e-11
4.41742e-10
1.30568e-08
2.2721e-07
2.61216e-08
1.12789e-21
1.108e-18
2.31045e-16
2.56878e-14
1.92867e-12
1.06732e-10
3.6235e-09
1.08736e-07
1.64496e-06
1.68869e-07
7.265e-21
7.5081e-18
1.59139e-15
1.72811e-13
1.24996e-11
6.714e-10
2.23344e-08
6.5987e-07
8.24146e-06
9.68494e-07
-1.08638e-22
-2.78031e-20
1.56958e-17
3.05497e-15
3.26026e-13
2.66093e-11
9.22854e-10
4.67339e-08
9.10311e-07
2.44154e-07
5.31917e-30
4.1489e-27
7.67758e-25
9.39506e-23
8.03104e-21
5.05015e-19
2.14952e-17
7.58852e-16
1.95443e-14
1.93226e-14
1.87329e-27
1.26613e-24
2.26275e-22
2.51018e-20
1.8981e-18
1.04029e-16
3.79301e-15
1.19734e-13
2.42919e-12
1.52277e-12
1.14563e-26
7.88461e-24
1.4069e-21
1.53338e-19
1.13951e-17
6.1733e-16
2.23663e-14
6.94078e-13
1.3891e-11
7.21383e-12
4.87934e-26
3.56014e-23
6.60878e-21
7.40833e-19
5.63895e-17
3.09924e-15
1.1159e-13
3.46002e-12
6.85653e-11
2.77743e-11
2.49833e-25
1.87569e-22
3.50421e-20
3.90221e-18
2.94707e-16
1.62773e-14
5.92081e-13
1.83516e-11
3.6527e-10
1.12887e-10
1.23453e-24
1.02955e-21
2.05629e-19
2.39422e-17
1.88472e-15
1.06974e-13
3.87522e-12
1.20851e-10
2.33079e-09
5.53815e-10
7.95704e-24
6.80601e-21
1.35582e-18
1.55109e-16
1.19005e-14
6.67559e-13
2.4309e-11
7.57757e-10
1.41874e-08
2.452e-09
3.88818e-23
4.6012e-20
1.06546e-17
1.29997e-15
1.06424e-13
6.32303e-12
2.34325e-10
7.42167e-09
1.24316e-07
1.91879e-08
2.64396e-22
3.53916e-19
8.52497e-17
1.02167e-14
8.09649e-13
4.66476e-11
1.68435e-09
5.24393e-08
7.46942e-07
1.25063e-07
-5.21363e-24
-2.15852e-21
8.67517e-19
1.93131e-16
2.32337e-14
2.02717e-12
8.23214e-11
4.0913e-09
8.54113e-08
3.16729e-08
7.59817e-32
6.87122e-29
1.33241e-26
1.78242e-24
1.68347e-22
1.14543e-20
5.2918e-19
1.98823e-17
5.10559e-16
6.60655e-16
3.13797e-29
2.35064e-26
4.54909e-24
5.57467e-22
4.64645e-20
2.7691e-18
1.1096e-16
3.66654e-15
7.54754e-14
6.51205e-14
2.10266e-28
1.63666e-25
3.18177e-23
3.82466e-21
3.13505e-19
1.84606e-17
7.32935e-16
2.38644e-14
4.88187e-13
3.50627e-13
1.00891e-27
8.23215e-25
1.66213e-22
2.06368e-20
1.73278e-18
1.03484e-16
4.09341e-15
1.33145e-13
2.69545e-12
1.5378e-12
5.59788e-27
4.86647e-24
9.97278e-22
1.22652e-19
1.02243e-17
6.12499e-16
2.43823e-14
7.93996e-13
1.62464e-11
7.1703e-12
3.16119e-26
3.01237e-23
6.59823e-21
8.54415e-19
7.43357e-17
4.58183e-15
1.82169e-13
5.96053e-12
1.18688e-10
4.07803e-11
2.19225e-25
2.25672e-22
4.97976e-20
6.30604e-18
5.34427e-16
3.23987e-14
1.28725e-12
4.20696e-11
8.26846e-10
2.08555e-10
1.14548e-24
1.72997e-21
4.51968e-19
6.17551e-17
5.61022e-15
3.61783e-13
1.46772e-11
4.86466e-10
8.72543e-09
1.95331e-09
7.83852e-24
1.51214e-20
4.21038e-18
5.66116e-16
5.00259e-14
3.13146e-12
1.23381e-10
4.00401e-09
6.24924e-08
1.45153e-08
-2.09749e-25
-1.47381e-22
4.25131e-20
1.12764e-17
1.57729e-15
1.50374e-13
7.11898e-12
3.45496e-10
7.42159e-09
3.62615e-09
9.93162e-34
1.06295e-30
2.17723e-28
3.21265e-26
3.44772e-24
2.56871e-22
1.27857e-20
5.08539e-19
1.30221e-17
2.10303e-17
4.62464e-31
3.94955e-28
8.38837e-26
1.15999e-23
1.08456e-21
7.09666e-20
3.11696e-18
1.0673e-16
2.20571e-15
2.50146e-15
3.40931e-30
3.08011e-27
6.6171e-25
8.94153e-23
8.2301e-21
5.32483e-19
2.30963e-17
7.81859e-16
1.61378e-14
1.53665e-14
1.80529e-29
1.71189e-26
3.82314e-24
5.38483e-22
5.08289e-20
3.33108e-18
1.4451e-16
4.88202e-15
9.95236e-14
7.63366e-14
1.08752e-28
1.13673e-25
2.60373e-23
3.61164e-21
3.38507e-19
2.22579e-17
9.68109e-16
3.28379e-14
6.79618e-13
4.1053e-13
6.77958e-28
7.82617e-25
1.92422e-22
2.8511e-20
2.80216e-18
1.89661e-16
8.2759e-15
2.81409e-13
5.66595e-12
2.69057e-12
4.96374e-27
6.63151e-24
1.67133e-21
2.40294e-19
2.29061e-17
1.51843e-15
6.58728e-14
2.24314e-12
4.52491e-11
1.60516e-11
2.3885e-26
5.57741e-23
1.73063e-20
2.74287e-18
2.83516e-16
2.00855e-14
8.93474e-13
3.07305e-11
5.70215e-10
1.7806e-10
1.1886e-25
5.35173e-22
1.86465e-19
2.92813e-17
2.95728e-15
2.03099e-13
8.69563e-12
2.89667e-10
4.7711e-09
1.505e-09
-4.72675e-27
-9.43792e-24
1.52715e-21
5.79756e-19
1.01539e-16
1.08201e-14
5.836e-13
2.73545e-11
5.82097e-10
3.64938e-10
1.10174e-35
1.478e-32
3.23207e-30
5.42306e-28
6.895e-26
5.74329e-24
3.06946e-22
1.27028e-20
3.22207e-19
6.31238e-19
5.70265e-33
5.8529e-30
1.38448e-27
2.23848e-25
2.42119e-23
1.76921e-21
8.49561e-20
2.97759e-18
6.08058e-17
8.67733e-17
4.61098e-32
5.12e-29
1.23634e-26
1.93879e-24
2.06423e-22
1.49492e-20
7.07843e-19
2.4599e-17
5.03228e-16
6.08904e-16
2.643e-31
3.12376e-28
7.83071e-26
1.29903e-23
1.42614e-21
1.04445e-19
4.95868e-18
1.71895e-16
3.46597e-15
3.41993e-15
1.70135e-30
2.32865e-27
6.06633e-25
9.80856e-23
1.0677e-20
7.87351e-19
3.745e-17
1.30528e-15
2.67952e-14
2.12245e-14
1.1132e-29
1.75685e-26
4.92662e-24
8.72056e-22
1.00829e-19
7.65801e-18
3.6622e-16
1.27802e-14
2.54646e-13
1.59862e-13
8.25483e-29
1.69804e-25
4.95191e-23
8.35605e-21
9.29962e-19
6.90732e-17
3.27761e-15
1.14668e-13
2.31918e-12
1.11787e-12
1.70928e-28
1.49236e-24
5.69807e-22
1.10024e-19
1.36247e-17
1.09198e-15
5.3261e-14
1.8696e-12
3.48646e-11
1.4579e-11
-2.37409e-27
1.57601e-23
7.18497e-21
1.36976e-18
1.6591e-16
1.29059e-14
6.05459e-13
2.04299e-11
3.41582e-10
1.39141e-10
1.14206e-28
-4.87799e-25
3.43811e-23
2.42674e-20
6.09204e-18
7.73861e-16
4.75886e-14
2.12338e-12
4.27412e-11
3.21095e-11
7.97897e-38
1.76739e-34
4.37796e-32
8.73263e-30
1.35278e-27
1.29972e-25
7.71035e-24
3.29947e-22
7.84855e-21
1.77215e-20
5.03801e-35
7.19402e-32
1.94252e-29
3.93111e-27
5.21617e-25
4.36609e-23
2.27441e-21
7.98688e-20
1.56988e-18
2.70622e-18
4.27187e-34
6.93902e-31
1.96705e-28
3.84648e-26
4.99901e-24
4.13905e-22
2.12797e-20
7.44515e-19
1.46634e-17
2.16462e-17
2.50041e-33
4.62041e-30
1.35124e-27
2.8475e-25
3.85899e-23
3.24086e-21
1.67231e-19
5.81948e-18
1.12945e-16
1.3766e-16
1.49836e-32
3.74808e-29
1.19016e-26
2.44014e-24
3.25882e-22
2.75012e-20
1.42671e-18
5.03191e-17
9.92298e-16
9.84884e-16
8.10005e-32
3.06113e-28
1.03976e-25
2.41131e-23
3.50009e-21
3.06361e-19
1.59825e-17
5.60431e-16
1.07179e-14
8.50829e-15
2.15336e-31
3.21156e-27
1.22434e-24
2.67488e-22
3.66606e-20
3.11182e-18
1.62083e-16
5.79747e-15
1.13422e-13
7.03818e-14
-1.27589e-29
2.57536e-26
1.48816e-23
3.98027e-21
6.33901e-19
5.90016e-17
3.15096e-15
1.10694e-13
1.98498e-12
1.06478e-12
-2.57195e-28
2.42389e-25
2.17078e-22
5.74473e-20
8.92473e-18
8.00444e-16
4.05679e-14
1.35119e-12
2.1912e-11
1.12786e-11
2.36873e-29
-1.91951e-26
-3.69535e-25
5.90582e-22
3.35311e-19
5.40545e-17
3.66089e-15
1.50754e-13
2.73442e-12
2.40949e-12
-1.74217e-40
1.66506e-36
4.3071e-34
1.11002e-31
2.57571e-29
3.04454e-27
1.93538e-25
8.07375e-24
1.80067e-22
4.62376e-22
1.49046e-37
7.33535e-34
2.11853e-31
5.86889e-29
1.08088e-26
1.09621e-24
6.21853e-23
2.14475e-21
3.91825e-20
7.5883e-20
9.10396e-37
7.67689e-33
2.46864e-30
6.49555e-28
1.16409e-25
1.16869e-23
6.54656e-22
2.25788e-20
4.12792e-19
6.89226e-19
-8.58411e-37
5.68828e-32
1.78647e-29
5.19633e-27
9.97143e-25
1.02056e-22
5.7522e-21
1.96825e-19
3.54949e-18
4.96974e-18
-9.45194e-35
4.80438e-31
1.7909e-28
5.04746e-26
9.48341e-24
9.76139e-22
5.53635e-20
1.92467e-18
3.52409e-17
4.09094e-17
-1.95124e-33
4.37773e-30
1.61281e-27
5.30398e-25
1.1447e-22
1.23833e-20
7.07945e-19
2.43454e-17
4.3102e-16
4.03854e-16
-3.37397e-32
4.55202e-29
2.24349e-26
6.91526e-24
1.367e-21
1.4203e-19
8.11508e-18
2.85864e-16
5.23135e-15
3.98271e-15
-5.9211e-31
2.53206e-28
2.63993e-25
1.06334e-22
2.74249e-20
3.21466e-18
1.88194e-16
6.41355e-15
1.06419e-13
6.83997e-14
-7.20142e-30
-6.44574e-28
4.48205e-24
1.80913e-21
4.45465e-19
4.94477e-17
2.72361e-15
8.79001e-14
1.32959e-12
7.87071e-13
2.01662e-30
-9.19968e-28
5.89027e-26
-2.10733e-23
1.53314e-20
3.80051e-18
2.81434e-16
1.05096e-14
1.64476e-13
1.49759e-13
-1.68462e-41
1.05456e-38
4.3214e-36
1.00453e-33
6.7376e-31
1.10098e-28
7.53194e-27
2.70797e-25
4.65189e-24
1.08686e-23
-5.18194e-39
5.29736e-36
1.47068e-33
6.23261e-31
2.21888e-28
2.93749e-26
1.76389e-24
5.61279e-23
8.82453e-22
1.81896e-21
-5.83461e-38
5.30692e-35
1.97101e-32
7.93773e-30
2.67848e-27
3.50853e-25
2.08394e-23
6.65191e-22
1.04433e-20
1.87035e-20
-6.61464e-37
4.71562e-34
1.48531e-31
6.60114e-29
2.5367e-26
3.411e-24
2.04678e-22
6.5266e-21
1.01394e-19
1.53575e-19
-6.23497e-36
3.37284e-33
1.69197e-30
7.28167e-28
2.72398e-25
3.71908e-23
2.25696e-21
7.3385e-20
1.15268e-18
1.45778e-18
-8.34554e-35
3.33412e-32
1.71589e-29
7.27381e-27
3.65151e-24
5.31415e-22
3.25412e-20
1.04954e-18
1.60029e-17
1.64515e-17
-8.0501e-34
1.30096e-31
2.63296e-28
1.18746e-25
5.05131e-23
7.12692e-21
4.40342e-19
1.47332e-17
2.31961e-16
1.9541e-16
6.11494e-33
-1.13449e-29
4.62322e-27
1.25791e-24
1.12945e-21
1.84762e-19
1.15511e-17
3.66944e-16
5.21547e-15
3.69689e-15
2.71126e-31
-2.75727e-28
6.96305e-26
2.96259e-23
2.04284e-20
3.05762e-18
1.79041e-16
5.35333e-15
6.99213e-14
4.5071e-14
3.78098e-31
-1.36459e-28
2.005e-26
-3.22826e-24
4.54292e-22
2.59765e-19
2.01298e-17
6.47087e-16
8.10675e-15
7.17988e-15
3.97215e-42
-1.59223e-39
3.45578e-37
-4.71684e-35
1.53902e-32
4.6486e-30
3.0407e-28
8.70189e-27
1.15018e-25
2.34383e-25
4.67155e-40
-1.94286e-37
5.50409e-35
-4.7577e-33
4.34042e-30
9.06062e-28
5.78358e-26
1.68242e-24
2.20845e-23
3.71997e-23
7.043e-39
-2.87121e-36
7.45921e-34
-5.73993e-32
5.82748e-29
1.20047e-26
7.60799e-25
2.20567e-23
2.86887e-22
4.23341e-22
8.55476e-38
-3.40472e-35
8.25878e-33
-8.52137e-31
6.03441e-28
1.29442e-25
8.31027e-24
2.40356e-22
3.08945e-21
3.94186e-21
1.35066e-36
-5.07365e-34
1.06956e-31
-1.06357e-29
7.23798e-27
1.61544e-24
1.05319e-22
3.07497e-21
3.95149e-20
4.28986e-20
2.51042e-35
-9.306e-33
1.84742e-30
-2.35506e-28
1.06262e-25
2.58817e-23
1.7037e-21
4.9219e-20
6.13534e-19
5.50884e-19
5.09565e-34
-1.79304e-31
3.16351e-29
-3.65319e-27
1.7238e-24
4.26205e-22
2.85574e-20
8.35576e-19
1.04394e-17
7.79218e-18
1.51164e-32
-5.47459e-30
9.41827e-28
-1.36823e-25
4.10237e-23
1.16704e-20
7.69412e-19
2.14833e-17
2.47888e-16
1.56203e-16
2.13831e-31
-7.79217e-29
1.32801e-26
-2.01061e-24
8.09736e-22
1.90849e-19
1.17369e-17
3.14628e-16
3.44603e-15
1.99164e-15
6.75883e-32
-1.66301e-29
1.63542e-27
-9.33134e-26
-1.48704e-23
1.75556e-20
1.37989e-18
3.76501e-17
3.75814e-16
2.50816e-16
2.97132e-44
-5.12351e-41
1.45039e-38
-2.52479e-36
3.48723e-34
2.47132e-31
1.75033e-29
4.42835e-28
4.68578e-27
6.17762e-27
5.37058e-44
-5.2196e-39
2.02088e-36
-2.82367e-34
9.93527e-32
3.50788e-29
2.4339e-27
6.82248e-26
7.41654e-25
8.32446e-25
1.1679e-42
-7.37844e-38
2.80128e-35
-3.59421e-33
1.44451e-30
4.90578e-28
3.37934e-26
9.55274e-25
1.03033e-23
1.00604e-23
3.36806e-42
-8.76818e-37
3.29805e-34
-4.83562e-32
1.56356e-29
5.61865e-27
3.94759e-25
1.12698e-23
1.21136e-22
1.03691e-22
-1.86855e-40
-1.31925e-35
4.55351e-33
-6.45924e-31
1.97283e-28
7.60504e-26
5.45341e-24
1.58618e-22
1.70986e-21
1.2622e-21
-2.29977e-38
-2.37911e-34
8.15137e-32
-1.34831e-29
2.9445e-27
1.29936e-24
9.4841e-23
2.76338e-21
2.91212e-20
1.80419e-20
-1.13214e-36
-4.68132e-33
1.50835e-30
-2.42458e-28
5.25791e-26
2.41488e-23
1.80096e-21
5.3381e-20
5.60258e-19
2.90154e-19
-5.36223e-35
-1.36188e-31
4.23405e-29
-8.19643e-27
1.25496e-24
6.62812e-22
4.81902e-20
1.36424e-18
1.35322e-17
6.04341e-18
-8.57606e-34
-1.9167e-30
5.54674e-28
-1.08949e-25
3.06685e-23
1.05698e-20
7.09592e-19
1.92739e-17
1.86734e-16
7.98715e-17
1.46236e-33
-6.94469e-31
8.22e-29
-1.20742e-27
-3.43798e-24
9.05321e-22
8.31313e-20
2.13967e-18
1.7034e-17
7.18513e-18
-1.5327e-45
-2.53681e-42
7.73981e-40
-1.79834e-37
-3.76586e-36
1.79703e-32
1.45186e-30
3.60804e-29
3.83621e-28
3.42613e-28
-2.40397e-43
-1.59767e-40
7.96885e-38
-2.32064e-35
3.15086e-33
2.33385e-30
1.84314e-28
5.13545e-27
5.21254e-26
4.1527e-26
-3.30623e-42
-2.01685e-39
1.06325e-36
-3.04536e-34
5.02261e-32
3.30365e-29
2.58929e-27
7.30697e-26
7.2818e-25
5.0779e-25
-4.2496e-41
-2.41718e-38
1.13836e-35
-3.95689e-33
5.24849e-31
3.81246e-28
3.07331e-26
8.81444e-25
8.80704e-24
5.46317e-24
-7.22536e-40
-3.75694e-37
1.51975e-34
-5.43942e-32
6.17963e-30
5.25331e-27
4.35287e-25
1.27808e-23
1.28364e-22
6.94686e-23
-1.54099e-38
-7.20134e-36
2.23051e-33
-1.09892e-30
7.6722e-29
9.01748e-26
7.67967e-24
2.27761e-22
2.23902e-21
1.02734e-21
-3.8041e-37
-1.54928e-34
3.55719e-32
-2.10083e-29
1.32604e-27
1.72338e-24
1.50827e-22
4.56364e-21
4.43152e-20
1.70107e-20
-1.34791e-35
-5.05752e-33
6.6271e-31
-6.67128e-28
2.63772e-26
4.67319e-23
3.96467e-21
1.1557e-19
1.06455e-18
3.50394e-19
-1.98823e-34
-7.04576e-32
9.3067e-30
-8.36765e-27
1.32782e-24
7.26709e-22
5.57699e-20
1.56245e-18
1.43428e-17
4.6408e-18
4.27428e-35
-4.04693e-32
4.23811e-30
6.72298e-28
-4.08365e-25
5.51622e-23
6.29879e-21
1.55252e-19
1.07564e-18
3.5818e-19
-4.37626e-46
-3.00586e-43
6.82269e-41
-7.24451e-39
-3.50631e-36
1.17442e-33
1.18083e-31
3.00013e-30
2.56647e-29
1.88402e-29
-8.07981e-44
-4.0157e-41
1.00069e-38
-1.38237e-36
-2.14362e-34
1.52639e-31
1.43897e-29
4.02235e-28
3.47684e-27
2.36894e-27
-1.08132e-42
-5.14624e-40
1.3398e-37
-1.92263e-35
-2.58463e-33
2.17843e-30
2.02098e-28
5.72538e-27
4.89249e-26
2.93572e-26
-1.30501e-41
-5.92176e-39
1.58048e-36
-2.53641e-34
-3.32654e-32
2.50903e-29
2.41124e-27
7.00014e-26
6.04456e-25
3.25837e-25
-1.92502e-40
-8.08541e-38
2.14807e-35
-3.57185e-33
-5.41013e-31
3.47353e-28
3.45002e-26
1.03213e-24
8.97745e-24
4.26318e-24
-3.44764e-39
-1.35006e-36
3.68703e-34
-7.27896e-32
-1.11977e-29
5.91526e-27
6.09361e-25
1.85265e-23
1.58083e-22
6.42944e-23
-6.74475e-38
-2.40482e-35
6.53915e-33
-1.46429e-30
-2.22289e-28
1.13161e-25
1.20291e-23
3.73978e-22
3.14322e-21
1.07449e-21
-1.92317e-36
-6.33594e-34
1.70126e-31
-4.69369e-29
-6.54518e-27
3.0871e-24
3.17845e-22
9.53538e-21
7.57054e-20
2.19926e-20
-2.71568e-35
-8.47723e-33
2.23652e-30
-6.32413e-28
-2.19889e-26
4.80117e-23
4.36484e-21
1.26631e-19
1.01742e-18
2.95397e-19
5.64025e-37
8.93927e-35
-4.81907e-31
1.65908e-28
-4.176e-26
3.24604e-24
4.90904e-22
1.1634e-20
6.99001e-20
2.17473e-20
-2.44391e-47
-1.12766e-44
3.56093e-42
-9.40883e-41
-4.13531e-37
6.05995e-35
8.88111e-33
2.29653e-31
2.00762e-30
1.16418e-30
-4.07175e-45
-1.04123e-42
3.61019e-40
-6.92134e-38
-3.97921e-35
8.32277e-33
1.10184e-30
3.2671e-29
2.84544e-28
1.49551e-28
-5.47604e-44
-1.36661e-41
4.08659e-39
-1.05362e-36
-5.31882e-34
1.20104e-31
1.54295e-29
4.66971e-28
4.00724e-27
1.85761e-27
-6.9637e-43
-1.81355e-40
3.77196e-38
-1.46617e-35
-6.3704e-33
1.35903e-30
1.83853e-28
5.73744e-27
5.00754e-26
2.10423e-26
-1.08004e-41
-2.75755e-39
4.29447e-37
-2.1475e-34
-9.52421e-32
1.86021e-29
2.6324e-27
8.50519e-26
7.50378e-25
2.80203e-25
-2.14553e-40
-5.94124e-38
2.9619e-36
-4.58954e-33
-1.75776e-30
3.09146e-28
4.62229e-26
1.52779e-24
1.32413e-23
4.27452e-24
-4.58007e-39
-1.31612e-36
-2.17549e-35
-9.63452e-32
-3.39217e-29
5.80042e-27
9.00769e-25
3.06061e-23
2.60946e-22
7.14476e-23
-1.49259e-37
-4.69598e-35
-3.92245e-33
-3.22039e-30
-9.78635e-28
1.61627e-25
2.42928e-23
8.01968e-22
6.34497e-21
1.45878e-21
-2.33532e-36
-7.05952e-34
-6.85991e-32
-4.54907e-29
-8.57971e-27
2.66596e-24
3.30775e-22
1.05811e-20
8.66916e-20
2.01894e-20
-3.23028e-38
-3.521e-35
-6.20859e-33
1.97379e-29
-3.59976e-27
1.33447e-25
3.78671e-23
9.37517e-22
5.50802e-21
1.46197e-21
-1.81382e-48
-5.43893e-46
1.04615e-44
4.97452e-41
-3.8738e-38
2.20006e-36
6.60997e-34
1.83295e-32
1.3526e-31
7.05921e-32
-4.57288e-46
-1.33403e-43
1.34078e-41
1.86397e-39
-4.5538e-36
3.42961e-34
8.44174e-32
2.73462e-30
2.05766e-29
1.01347e-29
-6.5181e-45
-1.95493e-42
2.12111e-40
8.02442e-39
-6.24536e-35
5.11772e-33
1.16887e-30
3.88664e-29
2.89017e-28
1.26651e-28
-8.53379e-44
-2.58642e-41
2.87952e-39
-1.47879e-37
-7.25894e-34
5.482e-32
1.37977e-29
4.78977e-28
3.64351e-27
1.45472e-27
-1.27257e-42
-3.70379e-40
4.0304e-38
-3.52539e-36
-1.05686e-32
7.17892e-31
1.95905e-28
7.1148e-27
5.48508e-26
1.95707e-26
-2.39693e-41
-6.82252e-39
7.12235e-37
-1.39835e-34
-1.86794e-31
1.10873e-29
3.40119e-27
1.27374e-25
9.67265e-25
3.00457e-25
-4.62432e-40
-1.251e-37
1.18516e-35
-3.65355e-33
-3.51483e-30
1.99163e-28
6.4646e-26
2.51298e-24
1.88742e-23
5.02154e-24
-1.33726e-38
-3.49563e-36
2.58217e-34
-1.39309e-31
-1.03088e-28
5.66464e-27
1.79309e-24
6.72908e-23
4.61418e-22
1.02159e-22
-2.27297e-37
-5.6822e-35
4.41607e-33
-2.47161e-30
-1.11883e-27
1.16145e-25
2.44528e-23
9.01271e-22
6.47827e-21
1.45455e-21
1.30781e-37
9.33165e-35
-1.3297e-32
2.21477e-30
-2.85048e-28
7.08568e-28
3.00529e-24
7.88213e-23
4.09905e-22
1.08233e-22
-7.34624e-50
-6.98114e-48
2.3077e-44
6.35426e-42
-2.82236e-39
-7.57598e-38
4.67547e-35
1.48678e-33
1.05058e-32
5.17083e-33
-1.63388e-47
1.22836e-48
3.27206e-42
5.74049e-40
-3.77278e-37
-6.40464e-36
6.15218e-33
2.3603e-31
1.85063e-30
7.63022e-31
-2.5006e-46
-1.25201e-44
3.94056e-41
5.98535e-39
-5.26299e-36
-5.06416e-35
8.3827e-32
3.3277e-30
2.5965e-29
9.48344e-30
-3.62041e-45
-4.21318e-43
3.94863e-40
4.73904e-38
-5.97064e-35
-1.024e-33
9.73446e-31
4.08458e-29
3.28164e-28
1.09486e-28
-5.715e-44
-7.76485e-42
4.89421e-39
5.12835e-37
-8.60757e-34
-1.8522e-32
1.35817e-29
6.03729e-28
4.93286e-27
1.47826e-27
-1.19502e-42
-2.25486e-40
5.48151e-38
1.73001e-36
-1.48503e-32
-4.27067e-31
2.31717e-28
1.07661e-26
8.66322e-26
2.27626e-26
-2.47822e-41
-5.32781e-39
4.96068e-37
-6.72355e-35
-2.74745e-31
-8.16714e-30
4.25033e-27
2.08601e-25
1.67094e-24
3.80255e-25
-7.56182e-40
-1.88972e-37
-1.70397e-36
-4.29532e-33
-8.20369e-30
-2.46218e-28
1.21311e-25
5.75615e-24
4.10941e-23
7.71483e-24
-1.57616e-38
-4.14783e-36
-3.38793e-34
-1.32837e-31
-9.80769e-29
-9.26502e-29
1.66438e-24
7.85515e-23
5.94918e-22
1.14079e-22
5.73157e-39
4.26664e-36
-2.94893e-34
2.01604e-31
-1.95688e-29
-1.11173e-27
2.31796e-25
7.10636e-24
3.74431e-23
8.62973e-24
-1.55625e-50
-3.37384e-48
4.84381e-46
5.12378e-43
-1.41338e-40
-2.52327e-38
3.01598e-36
1.16948e-34
7.95516e-34
4.10763e-34
-2.35798e-48
-4.27849e-46
6.74529e-44
6.35785e-41
-2.09017e-38
-3.34363e-36
3.94818e-34
2.13561e-32
1.55543e-31
6.31742e-32
-3.6807e-47
-7.12869e-45
1.04499e-42
6.87398e-40
-3.09917e-37
-4.11015e-35
5.21105e-33
2.99531e-31
2.16962e-30
7.82031e-31
-5.14711e-46
-1.02774e-43
1.33814e-41
5.81234e-39
-3.37965e-36
-5.02375e-34
5.81085e-32
3.66899e-30
2.74218e-29
9.07074e-30
-7.73144e-45
-1.52115e-42
1.86261e-40
6.57934e-38
-4.9234e-35
-7.15389e-33
7.76175e-31
5.39726e-29
4.11065e-28
1.2277e-28
-1.38181e-43
-2.62422e-41
2.56595e-39
5.09408e-37
-8.27658e-34
-1.28983e-31
1.27424e-29
9.57963e-28
7.19455e-27
1.89513e-27
-2.45476e-42
-4.34696e-40
3.06575e-38
6.05438e-37
-1.55598e-32
-2.25871e-30
2.18869e-28
1.8278e-26
1.37739e-25
3.17824e-26
-5.87783e-41
-9.38129e-39
7.50304e-38
-1.25121e-34
-4.64498e-31
-6.90777e-29
6.52455e-27
5.13993e-25
3.38873e-24
6.45608e-25
-1.10217e-39
-1.49561e-37
-9.11082e-36
-8.93913e-33
-6.25678e-30
-6.68814e-28
8.87677e-26
7.18433e-24
5.06921e-23
9.83537e-24
2.20142e-39
6.84895e-37
-6.9352e-35
1.62741e-32
-8.98319e-31
-1.97206e-28
1.6396e-26
6.67425e-25
3.29541e-24
7.91172e-25
-4.14931e-52
4.09275e-50
2.45029e-46
3.60795e-44
-1.55439e-42
-3.39235e-39
1.54418e-37
9.68323e-36
7.82955e-35
4.0093e-35
8.16304e-50
3.98874e-47
3.82817e-44
5.16247e-42
-2.89242e-40
-4.71635e-37
1.58025e-35
1.8753e-33
1.58339e-32
6.10183e-33
2.30893e-49
3.92167e-46
4.23495e-43
5.35276e-41
-8.27952e-39
-5.74278e-36
1.88265e-34
2.6004e-32
2.18725e-31
7.49884e-32
-1.30814e-47
1.87834e-45
3.93236e-42
4.48517e-40
-8.16544e-38
-6.51882e-35
1.74616e-33
3.1557e-31
2.75595e-30
8.71191e-31
-3.21602e-46
3.3182e-45
4.51531e-41
4.77245e-39
-1.47333e-36
-8.66398e-34
1.81633e-32
4.59906e-30
4.1091e-29
1.18148e-29
-8.79652e-45
-6.44816e-43
4.11577e-40
3.23267e-38
-2.44458e-35
-1.46072e-32
2.19246e-31
8.13311e-29
7.15844e-28
1.82879e-28
-1.97363e-43
-2.08944e-41
1.58572e-39
-1.78699e-37
-5.85616e-34
-2.33803e-31
1.70986e-30
1.52969e-27
1.36341e-26
3.0782e-27
-5.18971e-42
-6.50737e-40
-7.23325e-38
-1.45777e-35
-1.59778e-32
-7.45353e-30
7.602e-29
4.43952e-26
3.35391e-25
6.28279e-26
-1.55772e-40
-2.3634e-38
-6.7816e-36
-8.97008e-34
-3.03321e-31
-7.49612e-29
5.48742e-28
6.32576e-25
5.1772e-24
9.83058e-25
2.13246e-40
3.43476e-38
2.09795e-36
1.21527e-33
6.45578e-33
-2.5061e-29
8.57664e-28
6.34684e-26
3.53157e-25
8.361e-26
-8.53347e-52
-6.72011e-50
3.55729e-47
4.53423e-45
8.34919e-43
-2.99374e-40
4.99873e-40
7.9882e-37
7.27711e-36
4.24951e-36
-1.5432e-49
-1.166e-47
5.23531e-45
6.41741e-43
1.21048e-40
-3.5956e-38
-1.18612e-36
1.69184e-34
1.65243e-33
6.95218e-34
-1.5413e-48
-1.13613e-46
5.60161e-44
6.27486e-42
8.88199e-40
-3.89527e-37
-1.932e-35
2.3219e-33
2.27189e-32
8.56437e-33
-1.6069e-47
-1.138e-45
5.29411e-43
5.71689e-41
8.70613e-39
-3.74713e-36
-2.87138e-34
2.7889e-32
2.86272e-31
1.00163e-31
-1.80363e-46
-1.25794e-44
5.75621e-42
5.41748e-40
4.47443e-38
-3.96149e-35
-4.85616e-33
4.02413e-31
4.25558e-30
1.36487e-30
-2.31501e-45
-1.52671e-43
5.42085e-41
4.49758e-39
3.22144e-37
-5.33417e-34
-9.54352e-32
7.09466e-30
7.38785e-29
2.12675e-29
-2.09844e-44
-1.23435e-42
1.21915e-40
-4.23274e-38
-2.86409e-35
-3.5955e-33
-2.02145e-30
1.32054e-28
1.40645e-27
3.61625e-28
-3.77909e-43
-1.97924e-41
-5.88795e-39
-1.24782e-36
-4.45367e-34
-1.85981e-31
-5.75199e-29
3.96818e-27
3.45569e-26
7.47052e-27
8.97594e-42
8.5207e-40
-9.28425e-37
-1.19765e-34
-2.84301e-32
1.43808e-30
-9.29313e-28
5.72965e-26
5.444e-25
1.18797e-25
2.38462e-42
-1.41775e-40
5.83374e-37
1.07257e-34
8.25093e-33
-2.14027e-30
-2.09147e-29
6.26749e-27
3.95126e-26
1.08751e-26
2.92417e-51
1.65642e-49
1.77801e-47
8.37903e-46
8.22579e-44
-6.43357e-42
-1.41668e-39
5.37555e-38
7.44375e-37
5.32911e-37
5.33732e-49
2.73753e-47
2.59906e-45
1.09979e-43
8.14778e-42
1.54527e-39
-3.85114e-37
1.05137e-35
1.97377e-34
9.60146e-35
5.10533e-48
2.49326e-46
2.156e-44
7.66653e-43
1.31515e-41
3.2888e-38
-5.44522e-36
1.40702e-34
2.70982e-33
1.19082e-33
4.51866e-47
2.08836e-45
1.65754e-43
4.60586e-42
-3.84066e-40
5.32837e-37
-6.8934e-35
1.60429e-33
3.41567e-32
1.40503e-32
2.779e-46
1.00983e-44
4.88068e-43
-2.90916e-41
-1.79217e-38
9.67032e-36
-1.04207e-33
2.23176e-32
5.06663e-31
1.92915e-31
1.15343e-46
-7.42324e-44
-1.47859e-41
-1.56926e-39
-4.25887e-37
1.96542e-34
-1.92496e-32
3.95299e-31
8.7926e-30
3.03976e-30
-1.51561e-43
-9.77404e-42
-1.06965e-39
-6.94643e-38
-1.31239e-35
4.48717e-33
-3.75123e-31
7.08631e-30
1.67749e-28
5.24912e-29
-4.03472e-42
-2.62249e-40
-2.91571e-38
-1.87672e-36
-3.63347e-34
1.34801e-31
-1.18853e-29
2.54484e-28
4.14299e-27
1.1059e-27
-1.94149e-40
-1.11541e-38
-1.12337e-36
-6.09813e-35
-9.36064e-33
2.649e-30
-1.86565e-28
3.55173e-27
6.6088e-26
1.7683e-26
5.01467e-41
2.5805e-39
2.61994e-37
1.18065e-35
6.29145e-34
1.45112e-32
-1.53371e-29
4.9833e-28
5.04043e-27
1.71634e-27
2.29822e-52
-6.5955e-51
1.10945e-48
1.26508e-47
7.37518e-45
-6.05849e-43
-8.91271e-41
5.99697e-39
6.40125e-38
5.47858e-38
9.30542e-50
-2.48682e-48
1.94346e-46
1.86024e-45
7.13127e-43
5.82026e-41
-2.21255e-38
1.44007e-36
2.34232e-35
1.35604e-35
7.69269e-49
-1.59708e-47
1.41334e-45
5.42901e-44
-5.96019e-43
1.75231e-39
-3.25771e-37
1.89298e-35
3.21458e-34
1.69444e-34
5.79738e-48
-7.37709e-47
8.42159e-45
8.85376e-43
-7.95042e-41
3.22378e-38
-4.36432e-36
2.18984e-34
4.05451e-33
2.00698e-33
1.5471e-47
1.01002e-45
-4.54855e-44
1.63655e-41
-2.54194e-39
6.25268e-37
-6.83555e-35
3.06518e-33
5.99324e-32
2.74686e-32
-5.50974e-46
4.14106e-44
-2.77212e-42
3.1701e-40
-5.87106e-38
1.30377e-35
-1.28327e-33
5.3575e-32
1.03791e-30
4.30771e-31
-3.75426e-44
1.61287e-42
-1.212e-40
7.45855e-39
-1.68185e-36
3.10675e-34
-2.56821e-32
9.74582e-31
1.98821e-29
7.42005e-30
-1.11442e-42
4.85256e-41
-3.50057e-39
2.25267e-37
-4.80715e-35
9.1988e-33
-7.89165e-31
3.23216e-29
4.91334e-28
1.5439e-28
-4.50156e-41
1.6759e-39
-1.20634e-37
5.19742e-36
-1.23507e-33
1.97609e-31
-1.31667e-29
4.82728e-28
7.89537e-27
2.43911e-27
5.17719e-42
-9.72208e-41
1.49204e-38
5.77221e-37
4.53337e-35
-1.37063e-34
-9.90248e-31
6.13559e-29
6.3654e-28
2.62444e-28
2.08416e-54
-4.28097e-52
7.48478e-50
-1.96809e-48
6.14903e-46
-5.04073e-44
-4.69443e-42
6.30984e-40
3.26156e-39
1.37572e-39
1.01937e-50
-3.59589e-49
1.83943e-47
-4.98898e-46
7.29755e-44
2.0827e-42
-6.50578e-40
1.76453e-37
2.74747e-36
1.84084e-36
8.39201e-50
-2.51934e-48
1.22373e-46
1.63891e-45
1.42985e-44
1.02769e-40
-1.24528e-38
2.27484e-36
3.79524e-35
2.36998e-35
6.34309e-49
-1.46279e-47
5.79646e-46
8.58596e-44
-7.49721e-42
2.10912e-39
-2.04499e-37
2.6366e-35
4.7954e-34
2.84873e-34
1.93682e-48
6.34801e-47
-8.044e-45
2.34392e-42
-2.45724e-40
4.31184e-38
-3.57195e-36
3.68719e-34
7.07069e-33
3.92145e-33
-5.26985e-47
4.30255e-45
-3.32188e-43
5.24574e-41
-5.77756e-39
9.17086e-37
-7.08249e-35
6.39331e-33
1.22398e-31
6.19391e-32
-3.84525e-45
1.91894e-43
-1.30659e-41
1.44806e-39
-1.65842e-37
2.25955e-35
-1.49988e-33
1.17637e-31
2.3649e-30
1.08335e-30
-1.20652e-43
5.90718e-42
-3.88253e-40
4.2499e-38
-4.76777e-36
6.63278e-34
-4.40282e-32
3.76055e-30
5.86739e-29
2.27567e-29
-4.93629e-42
2.22219e-40
-1.35081e-38
1.16427e-36
-1.28125e-34
1.54531e-32
-7.94776e-31
5.89801e-29
9.44988e-28
3.47827e-28
4.08321e-43
-1.09301e-41
9.63209e-40
3.14347e-38
3.08116e-36
-2.97957e-35
-5.82981e-32
6.96246e-30
7.84869e-29
3.93144e-29
-1.00509e-54
5.73775e-54
4.38268e-51
-2.60667e-49
4.56613e-47
-3.75178e-45
-1.67296e-43
6.46748e-41
-1.082e-40
-6.81289e-40
6.80478e-52
-2.7588e-50
1.57023e-48
-8.57555e-47
7.19083e-45
1.20948e-43
5.81542e-41
1.95428e-38
2.97147e-37
2.04762e-37
5.71721e-51
-2.01008e-49
1.06665e-47
-1.96776e-46
1.58373e-44
7.18514e-42
3.04294e-40
2.47353e-37
4.1462e-36
2.74667e-36
4.45483e-50
-1.29074e-48
5.5483e-47
5.38315e-45
-4.82866e-43
1.52862e-40
-2.64745e-39
2.85579e-36
5.24922e-35
3.35976e-35
1.84087e-49
3.7336e-49
-4.86067e-46
2.06448e-43
-1.87018e-41
3.19493e-39
-1.07486e-37
3.97712e-35
7.727e-34
4.6694e-34
-2.27803e-48
2.27193e-46
-2.35977e-44
5.00293e-42
-4.5719e-40
6.85997e-38
-2.70147e-36
6.85796e-34
1.33876e-32
7.47319e-33
-2.22274e-46
1.18945e-44
-9.82824e-43
1.48013e-40
-1.35036e-38
1.72037e-36
-6.67258e-35
1.27559e-32
2.6174e-31
1.3422e-31
-7.45513e-45
3.84237e-43
-3.00926e-41
4.31515e-39
-3.88016e-37
5.02616e-35
-1.73858e-33
4.00737e-31
6.52235e-30
2.87409e-30
-3.12266e-43
1.55759e-41
-1.11604e-39
1.28858e-37
-1.11066e-35
1.24952e-33
-3.66832e-32
6.53287e-30
1.05144e-28
4.21512e-29
2.04996e-44
-5.30793e-43
6.42382e-41
2.07521e-39
1.92923e-37
2.17391e-36
-3.71637e-33
7.1855e-31
8.86119e-30
4.74383e-30
-7.71058e-56
1.69627e-54
2.16015e-52
-2.05433e-50
2.96011e-48
-2.64164e-46
1.34831e-45
6.16583e-42
-4.50607e-41
-1.30442e-40
3.26916e-53
-1.64347e-51
1.1461e-49
-8.91694e-48
6.38206e-46
6.70481e-45
1.34357e-41
1.97983e-39
2.95948e-38
1.91243e-38
2.79623e-52
-1.22671e-50
8.10347e-49
-3.88013e-47
2.5511e-45
4.91461e-43
1.25877e-40
2.46947e-38
4.16939e-37
2.67539e-37
2.22763e-51
-8.36322e-50
4.75745e-48
2.02257e-46
-2.07411e-44
1.09045e-41
8.52667e-40
2.83802e-37
5.27688e-36
3.3135e-36
1.1255e-50
-1.7867e-49
-1.65556e-47
1.3985e-44
-1.18788e-42
2.33722e-40
5.13859e-39
3.93459e-36
7.74738e-35
4.64142e-35
-5.25254e-50
8.70135e-48
-1.29118e-45
3.66772e-43
-3.08252e-41
5.08256e-39
1.13502e-38
6.75314e-35
1.34237e-33
7.5258e-34
-8.98731e-48
5.67215e-46
-5.98602e-44
1.15141e-41
-9.52739e-40
1.29552e-37
-1.11217e-36
1.26944e-33
2.65276e-32
1.38901e-32
-3.23918e-46
1.94343e-44
-1.89922e-42
3.35279e-40
-2.73238e-38
3.76511e-36
-8.91629e-37
3.93536e-32
6.63331e-31
3.03405e-31
-1.40189e-44
8.46077e-43
-7.5086e-41
1.07065e-38
-8.36504e-37
9.88341e-35
-6.56974e-34
6.63251e-31
1.07277e-29
4.29599e-30
7.23494e-46
-1.66381e-44
3.94301e-42
1.42495e-40
1.14979e-38
7.28245e-37
-2.81674e-34
6.70142e-32
8.98439e-31
4.58984e-31
-3.17857e-57
1.10108e-55
9.29412e-54
-1.23405e-51
1.66417e-49
-1.77228e-47
8.14068e-46
5.342e-43
-5.83921e-42
-1.43735e-41
1.26005e-54
-8.46682e-53
7.46265e-51
-7.32667e-49
4.96802e-47
-1.40416e-46
1.71378e-42
1.85739e-40
2.69639e-39
1.56513e-39
1.09962e-53
-6.47123e-52
5.47431e-50
-4.10424e-48
2.66933e-46
2.59303e-44
1.76042e-41
2.29666e-39
3.83001e-38
2.28869e-38
8.86053e-53
-4.55521e-51
3.4091e-49
-1.26234e-48
-2.22324e-46
6.75298e-43
1.48848e-40
2.63141e-38
4.84044e-37
2.85913e-37
5.11291e-52
-1.62898e-50
-3.2805e-49
7.77741e-46
-6.26102e-44
1.54318e-41
1.46755e-39
3.63509e-37
7.08613e-36
4.02674e-36
-1.45945e-52
2.76679e-49
-6.7089e-47
2.24981e-44
-1.77485e-42
3.45412e-40
1.86485e-38
6.21895e-36
1.22766e-34
6.60727e-35
-2.88409e-49
2.41242e-47
-3.42594e-45
7.50925e-43
-5.82927e-41
9.0379e-39
2.56974e-37
1.18292e-34
2.44843e-33
1.25033e-33
-1.12234e-47
8.80986e-46
-1.12548e-43
2.19866e-41
-1.67177e-39
2.60726e-37
1.08019e-35
3.60803e-33
6.1223e-32
2.77658e-32
-5.01955e-46
4.03256e-44
-4.57176e-42
7.41914e-40
-5.47973e-38
7.24958e-36
1.39759e-34
6.25616e-32
9.95782e-31
3.80852e-31
1.93898e-47
-2.73178e-46
2.14119e-43
8.99776e-42
7.21637e-40
1.06092e-37
-2.3993e-35
5.70262e-33
8.26189e-32
3.77555e-32
-8.61844e-59
4.44983e-57
3.55719e-55
-5.8283e-53
8.10252e-51
-1.08759e-48
7.8282e-47
4.05477e-44
-5.32614e-43
-1.19693e-42
4.01076e-56
-3.7816e-54
4.22129e-52
-4.91253e-50
3.37156e-48
-8.39209e-47
1.6883e-43
1.59303e-41
2.27993e-40
1.18261e-40
3.57146e-55
-2.96594e-53
3.23004e-51
-3.1746e-49
2.14811e-47
6.95607e-46
1.80632e-42
1.96548e-40
3.26005e-39
1.79921e-39
2.89047e-54
-2.12652e-52
2.08636e-50
-9.02855e-49
5.59488e-47
3.3724e-44
1.64033e-41
2.24704e-39
4.10462e-38
2.25548e-38
1.83699e-53
-9.61089e-52
9.9788e-51
3.55601e-47
-2.72413e-45
8.87262e-43
1.78802e-40
3.09484e-38
5.98349e-37
3.18306e-37
4.8636e-53
6.83936e-51
-3.20342e-48
1.16858e-45
-8.82313e-44
2.09324e-41
2.54977e-39
5.27765e-37
1.03453e-35
5.26368e-36
-7.43258e-51
9.12028e-49
-1.77386e-46
4.15262e-44
-3.12292e-42
5.69823e-40
4.22183e-38
1.01454e-35
2.07565e-34
1.01446e-34
-3.14088e-49
3.54163e-47
-5.98539e-45
1.22891e-42
-8.99277e-41
1.62978e-38
1.50131e-36
3.03902e-34
5.17892e-33
2.27996e-33
-1.46568e-47
1.6777e-45
-2.44016e-43
4.329e-41
-3.14508e-39
4.81804e-37
2.33966e-35
5.40115e-33
8.4953e-32
3.05628e-32
4.05261e-49
2.13799e-48
9.74684e-45
4.89127e-43
4.66437e-41
1.05471e-38
-1.90842e-36
4.35254e-34
6.84234e-33
2.76735e-33
-1.64238e-60
1.35896e-58
1.2024e-56
-2.26751e-54
3.46335e-52
-6.15125e-50
5.43906e-48
2.75815e-45
-4.11247e-44
-8.51064e-44
1.02107e-57
-1.43354e-55
2.06254e-53
-2.74723e-51
1.94481e-49
-1.19878e-47
1.42528e-44
1.25073e-42
1.76877e-41
8.21966e-42
9.39157e-57
-1.16392e-54
1.64695e-52
-1.94425e-50
1.36523e-48
-5.12024e-47
1.56503e-43
1.54325e-41
2.54898e-40
1.30599e-40
7.58892e-56
-8.42942e-54
1.09665e-51
-8.41407e-50
6.15094e-48
1.01833e-45
1.47763e-42
1.76147e-40
3.19951e-39
1.64327e-39
5.14603e-55
-4.38137e-53
1.74243e-51
1.30356e-48
-9.25096e-47
4.05804e-44
1.68759e-41
2.41924e-39
4.64385e-38
2.32138e-38
2.36729e-54
9.25493e-53
-1.32184e-49
5.12913e-47
-3.69235e-45
1.06569e-42
2.51985e-40
4.11252e-38
8.00487e-37
3.8623e-37
-1.5273e-52
2.9695e-50
-8.00191e-48
1.95081e-45
-1.43107e-43
3.09564e-41
4.46422e-39
7.97646e-37
1.61148e-35
7.55324e-36
-7.09929e-51
1.23266e-48
-2.77207e-46
5.86924e-44
-4.17308e-42
8.80093e-40
1.48451e-37
2.34386e-35
4.00339e-34
1.71036e-34
-3.40409e-49
5.91862e-47
-1.12735e-44
2.14901e-42
-1.5558e-40
2.8096e-38
2.51003e-36
4.26893e-34
6.62437e-33
2.23686e-33
6.49539e-51
4.31617e-49
3.75657e-46
2.29879e-44
3.01939e-42
8.43464e-40
-1.36846e-37
3.02028e-35
5.15477e-34
1.82485e-34
-1.86791e-62
2.96194e-60
3.14054e-58
-6.89632e-56
1.24086e-53
-2.88054e-51
2.74537e-49
1.57894e-46
-2.72239e-45
-5.08999e-45
1.87356e-59
-4.19375e-57
8.22049e-55
-1.27683e-52
9.60451e-51
-1.04545e-48
1.03462e-45
8.85269e-44
1.25926e-42
5.25586e-43
1.79541e-58
-3.5561e-56
6.89454e-54
-9.67659e-52
7.16908e-50
-7.85065e-48
1.16276e-44
1.09703e-42
1.82821e-41
8.66334e-42
1.4474e-57
-2.59904e-55
4.76905e-53
-5.16262e-51
4.02779e-49
-1.35676e-48
1.12385e-43
1.25058e-41
2.28649e-40
1.08999e-40
1.03433e-56
-1.49885e-54
1.32473e-52
3.55939e-50
-2.41879e-48
1.47036e-45
1.31632e-42
1.71285e-40
3.30369e-39
1.53767e-39
6.31312e-56
-1.8546e-54
-4.07674e-51
1.87852e-48
-1.35945e-46
4.66438e-44
2.00893e-41
2.90131e-39
5.67019e-38
2.56389e-38
-2.1746e-54
7.36625e-52
-2.87198e-49
7.73361e-47
-5.82123e-45
1.47798e-42
3.68693e-40
5.66584e-38
1.1423e-36
5.05864e-37
-1.14046e-52
3.3017e-50
-1.02874e-47
2.37762e-45
-1.73273e-43
4.22027e-41
1.17407e-38
1.63398e-36
2.82251e-35
1.15089e-35
-5.59373e-51
1.58902e-48
-4.17172e-46
8.95822e-44
-6.76366e-42
1.44743e-39
2.08204e-37
3.04088e-35
4.71442e-34
1.47943e-34
7.60665e-53
1.84583e-50
1.16765e-47
8.90706e-46
1.65554e-43
5.28496e-41
-8.27844e-39
1.85638e-36
3.46725e-35
1.07539e-35
-1.00457e-64
4.21416e-62
7.39824e-60
-1.70408e-57
3.81946e-55
-1.15675e-52
1.21323e-50
8.68608e-48
-1.52985e-46
-2.73591e-46
2.22628e-61
-8.97185e-59
2.57211e-56
-4.87409e-54
3.95266e-52
-6.80448e-50
6.53326e-47
5.63297e-45
8.16198e-44
3.07273e-44
2.2309e-60
-7.90168e-58
2.2636e-55
-3.91431e-53
3.06957e-51
-6.08469e-49
7.51226e-46
7.00104e-44
1.19178e-42
5.25513e-43
1.78839e-59
-5.78938e-57
1.6253e-54
-2.40196e-52
1.9501e-50
-2.79984e-48
7.4003e-45
7.96469e-43
1.48513e-41
6.61428e-42
1.32825e-58
-3.63185e-56
6.27112e-54
5.02997e-52
-3.43562e-50
3.31027e-47
8.83471e-44
1.08725e-41
2.13453e-40
9.30442e-41
9.62487e-58
-1.3853e-55
-8.70095e-53
5.44302e-50
-4.17105e-48
1.63949e-45
1.36819e-42
1.83442e-40
3.64493e-39
1.55165e-39
-1.87947e-56
1.25817e-53
-7.88208e-51
2.49489e-48
-2.00645e-46
5.91377e-44
2.57026e-41
3.59841e-39
7.33444e-38
3.07956e-38
-1.1751e-54
6.29317e-52
-2.94869e-49
7.89975e-47
-6.1432e-45
1.72226e-42
7.88141e-40
1.01856e-37
1.80014e-36
7.02273e-37
-5.85779e-53
3.064e-50
-1.19522e-47
3.05086e-45
-2.4897e-43
6.3706e-41
1.44831e-38
1.94132e-36
3.04306e-35
8.8842e-36
6.34418e-55
5.11522e-52
2.93652e-49
2.85987e-47
7.65264e-45
2.73672e-42
-4.38352e-40
1.02172e-37
2.11092e-36
5.67936e-37
3.20838e-68
2.95107e-64
1.00225e-61
-3.12274e-59
9.41911e-57
-3.81469e-54
4.13402e-52
3.65448e-49
-7.02222e-48
-1.17985e-47
1.21456e-63
-1.21181e-60
5.75239e-58
-1.43249e-55
1.31274e-53
-3.6111e-51
3.33409e-48
3.03918e-46
4.53795e-45
1.53227e-45
1.27285e-62
-1.12105e-59
5.33015e-57
-1.21033e-54
1.0522e-52
-3.51917e-50
3.90769e-47
3.80231e-45
6.6709e-44
2.69689e-44
1.00997e-61
-8.22202e-59
3.96555e-56
-8.1639e-54
7.23581e-52
-2.37174e-49
3.88163e-46
4.31857e-44
8.28865e-43
3.38704e-43
7.64808e-61
-5.50567e-58
1.92535e-55
-6.29777e-54
5.29602e-52
-3.30731e-49
4.67116e-45
5.8756e-43
1.18545e-41
4.74437e-42
6.03561e-60
-3.13237e-57
-9.64022e-55
1.17902e-51
-1.01126e-49
3.98819e-47
7.27002e-44
9.86937e-42
2.01146e-40
7.88181e-41
-7.32011e-59
1.30113e-55
-1.49654e-52
6.21373e-50
-5.63752e-48
1.87037e-45
1.38422e-42
1.94026e-40
4.03446e-39
1.56575e-39
-5.70268e-57
7.53987e-54
-5.94679e-51
2.04147e-48
-1.78934e-46
5.68615e-44
4.13322e-41
5.40026e-39
9.82954e-38
3.57158e-38
-2.84421e-55
3.65963e-52
-2.40367e-49
8.01233e-47
-7.4393e-45
2.29851e-42
7.79522e-40
1.04978e-37
1.67948e-36
4.47646e-37
2.72379e-57
8.06884e-54
5.43488e-51
7.47758e-49
2.78724e-46
1.12931e-43
-2.00941e-41
4.7066e-39
1.07565e-37
2.50953e-38
)
;

boundaryField
{
    flowInlet
    {
        type            fixedValue;
        value           uniform 0;
    }
    flowOutlet
    {
        type            zeroGradient;
    }
    minorInlet
    {
        type            fixedValue;
        value           uniform 1000;
    }
    pipe
    {
        type            zeroGradient;
    }
    topSurf
    {
        type            zeroGradient;
    }
    bottomSurf
    {
        type            zeroGradient;
    }
    innerSurf
    {
        type            zeroGradient;
    }
    outerSurf
    {
        type            zeroGradient;
    }
}


// ************************************************************************* //
