/*--------------------------------*- C++ -*----------------------------------*\
| =========                 |                                                 |
| \\      /  F ield         | OpenFOAM: The Open Source CFD Toolbox           |
|  \\    /   O peration     | Version:  1.7.x                                 |
|   \\  /    A nd           | Web:      www.OpenFOAM.com                      |
|    \\/     M anipulation  |                                                 |
\*---------------------------------------------------------------------------*/
FoamFile
{
    version     2.0;
    format      ascii;
    class       volScalarField;
    location    "0.5";
    object      conc;
}
// * * * * * * * * * * * * * * * * * * * * * * * * * * * * * * * * * * * * * //

dimensions      [0 -3 0 0 1 0 0];

internalField   nonuniform List<scalar> 
1000
(
996.984
1089.49
1049.01
793.106
463.331
220.63
89.6388
31.6698
9.99918
2.3345
996.983
1089.48
1049.02
793.157
463.395
220.677
89.6639
31.6808
10.0033
2.3356
996.983
1089.48
1049.02
793.157
463.394
220.676
89.6639
31.6808
10.0033
2.3356
996.983
1089.48
1049.02
793.156
463.394
220.676
89.6638
31.6807
10.0033
2.3356
996.983
1089.48
1049.02
793.156
463.394
220.676
89.6638
31.6807
10.0033
2.33559
996.983
1089.48
1049.02
793.156
463.394
220.676
89.6638
31.6807
10.0033
2.33559
996.983
1089.48
1049.02
793.156
463.394
220.676
89.6638
31.6807
10.0033
2.33559
996.983
1089.48
1049.02
793.156
463.394
220.676
89.6638
31.6807
10.0033
2.3356
996.983
1089.48
1049.02
793.157
463.394
220.677
89.6639
31.6808
10.0033
2.3356
996.984
1089.49
1049.01
793.11
463.337
220.635
89.6411
31.6708
9.99956
2.3346
996.983
1089.48
1049.02
793.152
463.389
220.672
89.6616
31.6798
10.0029
2.3355
996.982
1089.48
1049.04
793.204
463.452
220.719
89.6867
31.6908
10.0071
2.3366
996.982
1089.48
1049.04
793.203
463.452
220.719
89.6866
31.6907
10.0071
2.3366
996.982
1089.48
1049.04
793.203
463.451
220.718
89.6866
31.6907
10.0071
2.33659
996.982
1089.48
1049.04
793.203
463.451
220.718
89.6866
31.6907
10.0071
2.33659
996.982
1089.48
1049.04
793.203
463.451
220.718
89.6865
31.6907
10.0071
2.33659
996.982
1089.48
1049.04
793.203
463.451
220.718
89.6866
31.6907
10.0071
2.33659
996.982
1089.48
1049.04
793.203
463.452
220.718
89.6866
31.6907
10.0071
2.33659
996.982
1089.48
1049.04
793.203
463.452
220.719
89.6867
31.6907
10.0071
2.3366
996.983
1089.48
1049.02
793.157
463.394
220.677
89.6639
31.6808
10.0033
2.3356
996.983
1089.48
1049.02
793.152
463.388
220.672
89.6616
31.6797
10.0029
2.3355
996.982
1089.48
1049.04
793.203
463.452
220.719
89.6866
31.6907
10.0071
2.3366
996.982
1089.48
1049.04
793.203
463.451
220.718
89.6866
31.6907
10.0071
2.33659
996.982
1089.48
1049.04
793.203
463.451
220.718
89.6865
31.6907
10.0071
2.33659
996.982
1089.48
1049.04
793.202
463.451
220.718
89.6865
31.6907
10.0071
2.33659
996.982
1089.48
1049.04
793.202
463.451
220.718
89.6865
31.6907
10.0071
2.33659
996.982
1089.48
1049.04
793.203
463.451
220.718
89.6865
31.6907
10.0071
2.33659
996.982
1089.48
1049.04
793.203
463.451
220.718
89.6866
31.6907
10.0071
2.33659
996.982
1089.48
1049.04
793.203
463.452
220.718
89.6866
31.6907
10.0071
2.33659
996.983
1089.48
1049.02
793.156
463.394
220.676
89.6638
31.6807
10.0033
2.3356
996.983
1089.48
1049.02
793.152
463.388
220.672
89.6615
31.6797
10.0029
2.33549
996.982
1089.48
1049.04
793.203
463.451
220.718
89.6866
31.6907
10.0071
2.33659
996.982
1089.48
1049.04
793.203
463.451
220.718
89.6865
31.6907
10.0071
2.33659
996.982
1089.48
1049.04
793.202
463.451
220.718
89.6865
31.6907
10.0071
2.33659
996.982
1089.48
1049.04
793.202
463.451
220.718
89.6865
31.6907
10.0071
2.33659
996.982
1089.48
1049.04
793.202
463.451
220.718
89.6865
31.6907
10.0071
2.33659
996.982
1089.48
1049.04
793.202
463.451
220.718
89.6865
31.6907
10.0071
2.33659
996.982
1089.48
1049.04
793.203
463.451
220.718
89.6865
31.6907
10.0071
2.33659
996.982
1089.48
1049.04
793.203
463.451
220.718
89.6866
31.6907
10.0071
2.33659
996.983
1089.48
1049.02
793.156
463.394
220.676
89.6638
31.6807
10.0033
2.33559
996.983
1089.48
1049.02
793.151
463.388
220.672
89.6615
31.6797
10.0029
2.33549
996.982
1089.48
1049.04
793.203
463.451
220.718
89.6866
31.6907
10.0071
2.33659
996.982
1089.48
1049.04
793.203
463.451
220.718
89.6865
31.6907
10.0071
2.33659
996.982
1089.48
1049.04
793.202
463.451
220.718
89.6865
31.6907
10.0071
2.33659
996.982
1089.48
1049.04
793.202
463.451
220.718
89.6864
31.6907
10.0071
2.33659
996.982
1089.48
1049.04
793.202
463.451
220.718
89.6864
31.6907
10.0071
2.33659
996.982
1089.48
1049.04
793.202
463.451
220.718
89.6864
31.6907
10.0071
2.33659
996.982
1089.48
1049.04
793.202
463.451
220.718
89.6865
31.6907
10.0071
2.33659
996.982
1089.48
1049.04
793.203
463.451
220.718
89.6865
31.6907
10.0071
2.33659
996.983
1089.48
1049.02
793.156
463.394
220.676
89.6638
31.6807
10.0033
2.33559
996.983
1089.48
1049.02
793.151
463.388
220.672
89.6615
31.6797
10.0029
2.33549
996.982
1089.48
1049.04
793.203
463.451
220.718
89.6866
31.6907
10.0071
2.33659
996.982
1089.48
1049.04
793.203
463.451
220.718
89.6865
31.6907
10.0071
2.33659
996.982
1089.48
1049.04
793.202
463.451
220.718
89.6865
31.6907
10.0071
2.33659
996.982
1089.48
1049.04
793.202
463.451
220.718
89.6864
31.6907
10.0071
2.33659
996.982
1089.48
1049.04
793.202
463.451
220.718
89.6864
31.6907
10.0071
2.33659
996.982
1089.48
1049.04
793.202
463.451
220.718
89.6864
31.6907
10.0071
2.33659
996.982
1089.48
1049.04
793.202
463.451
220.718
89.6865
31.6907
10.0071
2.33659
996.982
1089.48
1049.04
793.203
463.451
220.718
89.6865
31.6907
10.0071
2.33659
996.983
1089.48
1049.02
793.156
463.394
220.676
89.6638
31.6807
10.0033
2.33559
996.983
1089.48
1049.02
793.152
463.388
220.672
89.6615
31.6797
10.0029
2.33549
996.982
1089.48
1049.04
793.203
463.451
220.718
89.6866
31.6907
10.0071
2.33659
996.982
1089.48
1049.04
793.203
463.451
220.718
89.6865
31.6907
10.0071
2.33659
996.982
1089.48
1049.04
793.202
463.451
220.718
89.6865
31.6907
10.0071
2.33659
996.982
1089.48
1049.04
793.202
463.451
220.718
89.6865
31.6907
10.0071
2.33659
996.982
1089.48
1049.04
793.202
463.451
220.718
89.6865
31.6907
10.0071
2.33659
996.982
1089.48
1049.04
793.202
463.451
220.718
89.6865
31.6907
10.0071
2.33659
996.982
1089.48
1049.04
793.203
463.451
220.718
89.6865
31.6907
10.0071
2.33659
996.982
1089.48
1049.04
793.203
463.451
220.718
89.6866
31.6907
10.0071
2.33659
996.983
1089.48
1049.02
793.156
463.394
220.676
89.6638
31.6807
10.0033
2.33559
996.983
1089.48
1049.02
793.152
463.388
220.672
89.6616
31.6797
10.0029
2.3355
996.982
1089.48
1049.04
793.203
463.452
220.719
89.6866
31.6907
10.0071
2.3366
996.982
1089.48
1049.04
793.203
463.451
220.718
89.6866
31.6907
10.0071
2.33659
996.982
1089.48
1049.04
793.203
463.451
220.718
89.6865
31.6907
10.0071
2.33659
996.982
1089.48
1049.04
793.202
463.451
220.718
89.6865
31.6907
10.0071
2.33659
996.982
1089.48
1049.04
793.202
463.451
220.718
89.6865
31.6907
10.0071
2.33659
996.982
1089.48
1049.04
793.203
463.451
220.718
89.6865
31.6907
10.0071
2.33659
996.982
1089.48
1049.04
793.203
463.451
220.718
89.6866
31.6907
10.0071
2.33659
996.982
1089.48
1049.04
793.203
463.452
220.718
89.6866
31.6907
10.0071
2.33659
996.983
1089.48
1049.02
793.156
463.394
220.676
89.6638
31.6807
10.0033
2.3356
996.983
1089.48
1049.02
793.152
463.389
220.672
89.6616
31.6798
10.0029
2.3355
996.982
1089.48
1049.04
793.204
463.452
220.719
89.6867
31.6908
10.0071
2.3366
996.982
1089.48
1049.04
793.203
463.452
220.719
89.6866
31.6907
10.0071
2.3366
996.982
1089.48
1049.04
793.203
463.451
220.718
89.6866
31.6907
10.0071
2.33659
996.982
1089.48
1049.04
793.203
463.451
220.718
89.6866
31.6907
10.0071
2.33659
996.982
1089.48
1049.04
793.203
463.451
220.718
89.6866
31.6907
10.0071
2.33659
996.982
1089.48
1049.04
793.203
463.451
220.718
89.6866
31.6907
10.0071
2.33659
996.982
1089.48
1049.04
793.203
463.452
220.718
89.6866
31.6907
10.0071
2.33659
996.982
1089.48
1049.04
793.203
463.452
220.719
89.6867
31.6907
10.0071
2.3366
996.983
1089.48
1049.02
793.157
463.394
220.677
89.6639
31.6808
10.0033
2.3356
996.984
1089.49
1049.01
793.106
463.331
220.63
89.6389
31.6698
9.99918
2.3345
996.983
1089.48
1049.02
793.157
463.395
220.677
89.6639
31.6808
10.0033
2.3356
996.983
1089.48
1049.02
793.157
463.394
220.676
89.6639
31.6808
10.0033
2.3356
996.983
1089.48
1049.02
793.156
463.394
220.676
89.6638
31.6807
10.0033
2.3356
996.983
1089.48
1049.02
793.156
463.394
220.676
89.6638
31.6807
10.0033
2.33559
996.983
1089.48
1049.02
793.156
463.394
220.676
89.6638
31.6807
10.0033
2.33559
996.983
1089.48
1049.02
793.156
463.394
220.676
89.6638
31.6807
10.0033
2.33559
996.983
1089.48
1049.02
793.157
463.394
220.676
89.6638
31.6807
10.0033
2.3356
996.983
1089.48
1049.02
793.157
463.394
220.677
89.6639
31.6808
10.0033
2.3356
996.984
1089.49
1049.01
793.11
463.337
220.635
89.6411
31.6708
9.99956
2.3346
)
;

boundaryField
{
    upperWall
    {
        type            zeroGradient;
    }
    leftWall
    {
        type            fixedValue;
        value           uniform 1000;
    }
    rightWall
    {
        type            zeroGradient;
    }
    frontWall
    {
        type            zeroGradient;
    }
    backWall
    {
        type            zeroGradient;
    }
    lowerWall
    {
        type            zeroGradient;
    }
}


// ************************************************************************* //
