/*--------------------------------*- C++ -*----------------------------------*\
| =========                 |                                                 |
| \\      /  F ield         | OpenFOAM: The Open Source CFD Toolbox           |
|  \\    /   O peration     | Version:  1.7.x                                 |
|   \\  /    A nd           | Web:      www.OpenFOAM.com                      |
|    \\/     M anipulation  |                                                 |
\*---------------------------------------------------------------------------*/
FoamFile
{
    version     2.0;
    format      ascii;
    class       volScalarField;
    location    "0.2";
    object      conc;
}
// * * * * * * * * * * * * * * * * * * * * * * * * * * * * * * * * * * * * * //

dimensions      [0 -3 0 0 1 0 0];

internalField   nonuniform List<scalar> 
1000
(
953.572
516.941
192.982
52.4093
11.3854
2.0899
0.331966
0.0464738
0.0058264
0.00060369
953.574
516.951
192.991
52.4132
11.3866
2.09016
0.332015
0.0464818
0.00582755
0.000603822
953.574
516.951
192.991
52.4132
11.3865
2.09015
0.332015
0.0464818
0.00582754
0.000603822
953.574
516.951
192.991
52.4131
11.3865
2.09015
0.332015
0.0464818
0.00582754
0.000603822
953.574
516.951
192.991
52.4131
11.3865
2.09015
0.332015
0.0464818
0.00582754
0.000603822
953.574
516.951
192.991
52.4131
11.3865
2.09015
0.332015
0.0464818
0.00582754
0.000603822
953.574
516.951
192.991
52.4131
11.3865
2.09015
0.332015
0.0464818
0.00582754
0.000603822
953.574
516.951
192.991
52.4132
11.3865
2.09015
0.332015
0.0464818
0.00582754
0.000603822
953.574
516.951
192.991
52.4132
11.3865
2.09016
0.332015
0.0464818
0.00582755
0.000603822
953.572
516.942
192.983
52.4097
11.3855
2.08992
0.331971
0.0464745
0.00582651
0.000603702
953.574
516.95
192.99
52.4128
11.3864
2.09013
0.332011
0.0464811
0.00582744
0.00060381
953.576
516.961
192.999
52.4167
11.3876
2.09039
0.33206
0.0464891
0.00582858
0.000603941
953.576
516.96
192.999
52.4166
11.3876
2.09039
0.33206
0.0464891
0.00582858
0.000603941
953.576
516.96
192.999
52.4166
11.3876
2.09039
0.33206
0.0464891
0.00582858
0.000603941
953.576
516.96
192.999
52.4166
11.3876
2.09039
0.33206
0.0464891
0.00582858
0.000603941
953.576
516.96
192.998
52.4166
11.3876
2.09039
0.33206
0.0464891
0.00582858
0.000603941
953.576
516.96
192.999
52.4166
11.3876
2.09039
0.33206
0.0464891
0.00582858
0.000603941
953.576
516.96
192.999
52.4166
11.3876
2.09039
0.33206
0.0464891
0.00582858
0.000603941
953.576
516.96
192.999
52.4166
11.3876
2.09039
0.33206
0.0464891
0.00582858
0.000603941
953.574
516.951
192.991
52.4132
11.3865
2.09016
0.332015
0.0464818
0.00582755
0.000603822
953.574
516.95
192.99
52.4128
11.3864
2.09013
0.332011
0.0464811
0.00582744
0.00060381
953.576
516.96
192.999
52.4166
11.3876
2.09039
0.33206
0.0464891
0.00582858
0.000603941
953.576
516.96
192.999
52.4166
11.3876
2.09039
0.33206
0.0464891
0.00582858
0.000603941
953.576
516.96
192.998
52.4166
11.3876
2.09039
0.33206
0.0464891
0.00582858
0.000603941
953.576
516.96
192.998
52.4166
11.3876
2.09039
0.33206
0.046489
0.00582858
0.000603941
953.576
516.96
192.998
52.4166
11.3876
2.09039
0.33206
0.046489
0.00582858
0.000603941
953.576
516.96
192.998
52.4166
11.3876
2.09039
0.33206
0.0464891
0.00582858
0.000603941
953.576
516.96
192.999
52.4166
11.3876
2.09039
0.33206
0.0464891
0.00582858
0.000603941
953.576
516.96
192.999
52.4166
11.3876
2.09039
0.33206
0.0464891
0.00582858
0.000603941
953.574
516.951
192.991
52.4132
11.3865
2.09015
0.332015
0.0464818
0.00582754
0.000603822
953.574
516.95
192.99
52.4128
11.3864
2.09013
0.332011
0.046481
0.00582744
0.00060381
953.576
516.96
192.999
52.4166
11.3876
2.09039
0.33206
0.0464891
0.00582858
0.000603941
953.576
516.96
192.998
52.4166
11.3876
2.09039
0.33206
0.0464891
0.00582858
0.000603941
953.576
516.96
192.998
52.4166
11.3876
2.09039
0.33206
0.046489
0.00582858
0.000603941
953.576
516.96
192.998
52.4166
11.3876
2.09039
0.33206
0.046489
0.00582858
0.000603941
953.576
516.96
192.998
52.4166
11.3876
2.09039
0.33206
0.046489
0.00582858
0.000603941
953.576
516.96
192.998
52.4166
11.3876
2.09039
0.33206
0.046489
0.00582858
0.000603941
953.576
516.96
192.998
52.4166
11.3876
2.09039
0.33206
0.0464891
0.00582858
0.000603941
953.576
516.96
192.999
52.4166
11.3876
2.09039
0.33206
0.0464891
0.00582858
0.000603941
953.574
516.951
192.991
52.4131
11.3865
2.09015
0.332015
0.0464818
0.00582754
0.000603822
953.574
516.95
192.99
52.4128
11.3864
2.09013
0.332011
0.046481
0.00582744
0.00060381
953.576
516.96
192.999
52.4166
11.3876
2.09039
0.33206
0.0464891
0.00582858
0.000603941
953.576
516.96
192.998
52.4166
11.3876
2.09039
0.33206
0.0464891
0.00582858
0.000603941
953.576
516.96
192.998
52.4166
11.3876
2.09039
0.33206
0.046489
0.00582858
0.000603941
953.576
516.96
192.998
52.4166
11.3876
2.09039
0.33206
0.046489
0.00582858
0.000603941
953.576
516.96
192.998
52.4166
11.3876
2.09039
0.33206
0.046489
0.00582858
0.000603941
953.576
516.96
192.998
52.4166
11.3876
2.09039
0.33206
0.046489
0.00582858
0.000603941
953.576
516.96
192.998
52.4166
11.3876
2.09039
0.33206
0.0464891
0.00582858
0.000603941
953.576
516.96
192.999
52.4166
11.3876
2.09039
0.33206
0.0464891
0.00582858
0.000603941
953.574
516.951
192.991
52.4131
11.3865
2.09015
0.332015
0.0464818
0.00582754
0.000603822
953.574
516.95
192.99
52.4128
11.3864
2.09013
0.332011
0.046481
0.00582744
0.00060381
953.576
516.96
192.999
52.4166
11.3876
2.09039
0.33206
0.0464891
0.00582858
0.000603941
953.576
516.96
192.998
52.4166
11.3876
2.09039
0.33206
0.0464891
0.00582858
0.000603941
953.576
516.96
192.998
52.4166
11.3876
2.09039
0.33206
0.046489
0.00582858
0.000603941
953.576
516.96
192.998
52.4166
11.3876
2.09039
0.33206
0.046489
0.00582858
0.000603941
953.576
516.96
192.998
52.4166
11.3876
2.09039
0.33206
0.046489
0.00582858
0.000603941
953.576
516.96
192.998
52.4166
11.3876
2.09039
0.33206
0.046489
0.00582858
0.000603941
953.576
516.96
192.998
52.4166
11.3876
2.09039
0.33206
0.0464891
0.00582858
0.000603941
953.576
516.96
192.999
52.4166
11.3876
2.09039
0.33206
0.0464891
0.00582858
0.000603941
953.574
516.951
192.991
52.4131
11.3865
2.09015
0.332015
0.0464818
0.00582754
0.000603822
953.574
516.95
192.99
52.4128
11.3864
2.09013
0.332011
0.046481
0.00582744
0.00060381
953.576
516.96
192.999
52.4166
11.3876
2.09039
0.33206
0.0464891
0.00582858
0.000603941
953.576
516.96
192.998
52.4166
11.3876
2.09039
0.33206
0.0464891
0.00582858
0.000603941
953.576
516.96
192.998
52.4166
11.3876
2.09039
0.33206
0.046489
0.00582858
0.000603941
953.576
516.96
192.998
52.4166
11.3876
2.09039
0.33206
0.046489
0.00582858
0.000603941
953.576
516.96
192.998
52.4166
11.3876
2.09039
0.33206
0.046489
0.00582858
0.000603941
953.576
516.96
192.998
52.4166
11.3876
2.09039
0.33206
0.046489
0.00582858
0.000603941
953.576
516.96
192.998
52.4166
11.3876
2.09039
0.33206
0.0464891
0.00582858
0.000603941
953.576
516.96
192.999
52.4166
11.3876
2.09039
0.33206
0.0464891
0.00582858
0.000603941
953.574
516.951
192.991
52.4131
11.3865
2.09015
0.332015
0.0464818
0.00582754
0.000603822
953.574
516.95
192.99
52.4128
11.3864
2.09013
0.332011
0.0464811
0.00582744
0.00060381
953.576
516.96
192.999
52.4166
11.3876
2.09039
0.33206
0.0464891
0.00582858
0.000603941
953.576
516.96
192.999
52.4166
11.3876
2.09039
0.33206
0.0464891
0.00582858
0.000603941
953.576
516.96
192.998
52.4166
11.3876
2.09039
0.33206
0.0464891
0.00582858
0.000603941
953.576
516.96
192.998
52.4166
11.3876
2.09039
0.33206
0.0464891
0.00582858
0.000603941
953.576
516.96
192.998
52.4166
11.3876
2.09039
0.33206
0.0464891
0.00582858
0.000603941
953.576
516.96
192.998
52.4166
11.3876
2.09039
0.33206
0.0464891
0.00582858
0.000603941
953.576
516.96
192.999
52.4166
11.3876
2.09039
0.33206
0.0464891
0.00582858
0.000603941
953.576
516.96
192.999
52.4166
11.3876
2.09039
0.33206
0.0464891
0.00582858
0.000603941
953.574
516.951
192.991
52.4132
11.3865
2.09015
0.332015
0.0464818
0.00582754
0.000603822
953.574
516.95
192.99
52.4128
11.3864
2.09013
0.332011
0.0464811
0.00582744
0.00060381
953.576
516.961
192.999
52.4167
11.3876
2.09039
0.33206
0.0464891
0.00582858
0.000603941
953.576
516.96
192.999
52.4166
11.3876
2.09039
0.33206
0.0464891
0.00582858
0.000603941
953.576
516.96
192.999
52.4166
11.3876
2.09039
0.33206
0.0464891
0.00582858
0.000603941
953.576
516.96
192.999
52.4166
11.3876
2.09039
0.33206
0.0464891
0.00582858
0.000603941
953.576
516.96
192.999
52.4166
11.3876
2.09039
0.33206
0.0464891
0.00582858
0.000603941
953.576
516.96
192.999
52.4166
11.3876
2.09039
0.33206
0.0464891
0.00582858
0.000603941
953.576
516.96
192.999
52.4166
11.3876
2.09039
0.33206
0.0464891
0.00582858
0.000603941
953.576
516.96
192.999
52.4166
11.3876
2.09039
0.33206
0.0464891
0.00582858
0.000603941
953.574
516.951
192.991
52.4132
11.3865
2.09016
0.332015
0.0464818
0.00582755
0.000603822
953.572
516.941
192.982
52.4093
11.3854
2.0899
0.331966
0.0464738
0.0058264
0.00060369
953.574
516.951
192.991
52.4132
11.3866
2.09016
0.332015
0.0464818
0.00582755
0.000603822
953.574
516.951
192.991
52.4132
11.3865
2.09015
0.332015
0.0464818
0.00582754
0.000603822
953.574
516.951
192.991
52.4131
11.3865
2.09015
0.332015
0.0464818
0.00582754
0.000603822
953.574
516.951
192.991
52.4131
11.3865
2.09015
0.332015
0.0464818
0.00582754
0.000603822
953.574
516.951
192.991
52.4131
11.3865
2.09015
0.332015
0.0464818
0.00582754
0.000603822
953.574
516.951
192.991
52.4131
11.3865
2.09015
0.332015
0.0464818
0.00582754
0.000603822
953.574
516.951
192.991
52.4132
11.3865
2.09015
0.332015
0.0464818
0.00582754
0.000603822
953.574
516.951
192.991
52.4132
11.3865
2.09016
0.332015
0.0464818
0.00582755
0.000603822
953.572
516.942
192.983
52.4097
11.3855
2.08992
0.331971
0.0464745
0.00582651
0.000603702
)
;

boundaryField
{
    upperWall
    {
        type            zeroGradient;
    }
    leftWall
    {
        type            fixedValue;
        value           uniform 1000;
    }
    rightWall
    {
        type            zeroGradient;
    }
    frontWall
    {
        type            zeroGradient;
    }
    backWall
    {
        type            zeroGradient;
    }
    lowerWall
    {
        type            zeroGradient;
    }
}


// ************************************************************************* //
