/*--------------------------------*- C++ -*----------------------------------*\
| =========                 |                                                 |
| \\      /  F ield         | OpenFOAM: The Open Source CFD Toolbox           |
|  \\    /   O peration     | Version:  1.7.x                                 |
|   \\  /    A nd           | Web:      www.OpenFOAM.com                      |
|    \\/     M anipulation  |                                                 |
\*---------------------------------------------------------------------------*/
FoamFile
{
    version     2.0;
    format      ascii;
    class       volScalarField;
    location    "0.3";
    object      conc;
}
// * * * * * * * * * * * * * * * * * * * * * * * * * * * * * * * * * * * * * //

dimensions      [0 -3 0 0 1 0 0];

internalField   nonuniform List<scalar> 
1000
(
1073.96
862.152
496.072
207.67
68.1449
18.7337
4.44081
0.923683
0.171802
0.0254138
1073.96
862.164
496.096
207.688
68.1538
18.7369
4.44173
0.923909
0.17185
0.0254217
1073.96
862.164
496.095
207.688
68.1538
18.7369
4.44173
0.923909
0.17185
0.0254217
1073.96
862.164
496.095
207.688
68.1537
18.7369
4.44173
0.923908
0.17185
0.0254217
1073.96
862.164
496.095
207.688
68.1537
18.7369
4.44173
0.923908
0.17185
0.0254217
1073.96
862.164
496.095
207.688
68.1537
18.7369
4.44173
0.923908
0.17185
0.0254217
1073.96
862.164
496.095
207.688
68.1537
18.7369
4.44173
0.923908
0.17185
0.0254217
1073.96
862.164
496.095
207.688
68.1538
18.7369
4.44173
0.923909
0.17185
0.0254217
1073.96
862.164
496.095
207.688
68.1538
18.7369
4.44173
0.923909
0.17185
0.0254217
1073.96
862.154
496.074
207.671
68.1457
18.734
4.44089
0.923703
0.171806
0.0254145
1073.96
862.163
496.093
207.686
68.153
18.7366
4.44164
0.923888
0.171846
0.025421
1073.96
862.175
496.117
207.705
68.1619
18.7398
4.44257
0.924114
0.171894
0.025429
1073.96
862.175
496.116
207.705
68.1619
18.7398
4.44257
0.924114
0.171894
0.025429
1073.96
862.175
496.116
207.705
68.1618
18.7398
4.44256
0.924114
0.171894
0.025429
1073.96
862.175
496.116
207.705
68.1618
18.7398
4.44256
0.924114
0.171894
0.025429
1073.96
862.175
496.116
207.705
68.1618
18.7398
4.44256
0.924114
0.171894
0.025429
1073.96
862.175
496.116
207.705
68.1618
18.7398
4.44256
0.924114
0.171894
0.025429
1073.96
862.175
496.116
207.705
68.1619
18.7398
4.44256
0.924114
0.171894
0.025429
1073.96
862.175
496.117
207.705
68.1619
18.7398
4.44257
0.924114
0.171894
0.025429
1073.96
862.164
496.095
207.688
68.1538
18.7369
4.44173
0.923909
0.17185
0.0254217
1073.96
862.163
496.093
207.686
68.153
18.7366
4.44164
0.923888
0.171846
0.025421
1073.96
862.175
496.116
207.705
68.1619
18.7398
4.44257
0.924114
0.171894
0.025429
1073.96
862.175
496.116
207.705
68.1618
18.7398
4.44256
0.924114
0.171894
0.025429
1073.96
862.175
496.116
207.705
68.1618
18.7398
4.44256
0.924113
0.171894
0.025429
1073.96
862.175
496.116
207.705
68.1618
18.7398
4.44256
0.924113
0.171894
0.025429
1073.96
862.175
496.116
207.705
68.1618
18.7398
4.44256
0.924113
0.171894
0.025429
1073.96
862.175
496.116
207.705
68.1618
18.7398
4.44256
0.924113
0.171894
0.025429
1073.96
862.175
496.116
207.705
68.1618
18.7398
4.44256
0.924114
0.171894
0.025429
1073.96
862.175
496.116
207.705
68.1619
18.7398
4.44256
0.924114
0.171894
0.025429
1073.96
862.164
496.095
207.688
68.1538
18.7369
4.44173
0.923908
0.17185
0.0254217
1073.96
862.163
496.093
207.686
68.1529
18.7366
4.44164
0.923888
0.171846
0.025421
1073.96
862.175
496.116
207.705
68.1618
18.7398
4.44256
0.924114
0.171894
0.025429
1073.96
862.175
496.116
207.705
68.1618
18.7398
4.44256
0.924113
0.171894
0.025429
1073.96
862.175
496.116
207.704
68.1618
18.7398
4.44256
0.924113
0.171894
0.025429
1073.96
862.175
496.116
207.704
68.1618
18.7397
4.44256
0.924113
0.171894
0.025429
1073.96
862.175
496.116
207.704
68.1618
18.7397
4.44256
0.924113
0.171894
0.025429
1073.96
862.175
496.116
207.704
68.1618
18.7398
4.44256
0.924113
0.171894
0.025429
1073.96
862.175
496.116
207.705
68.1618
18.7398
4.44256
0.924113
0.171894
0.025429
1073.96
862.175
496.116
207.705
68.1618
18.7398
4.44256
0.924114
0.171894
0.025429
1073.96
862.164
496.095
207.688
68.1537
18.7369
4.44173
0.923908
0.17185
0.0254217
1073.96
862.163
496.093
207.686
68.1529
18.7366
4.44164
0.923888
0.171846
0.025421
1073.96
862.175
496.116
207.705
68.1618
18.7398
4.44256
0.924114
0.171894
0.025429
1073.96
862.175
496.116
207.705
68.1618
18.7398
4.44256
0.924113
0.171894
0.025429
1073.96
862.175
496.116
207.704
68.1618
18.7398
4.44256
0.924113
0.171894
0.025429
1073.96
862.174
496.116
207.704
68.1618
18.7397
4.44256
0.924113
0.171894
0.025429
1073.96
862.174
496.116
207.704
68.1618
18.7397
4.44256
0.924113
0.171894
0.025429
1073.96
862.175
496.116
207.704
68.1618
18.7397
4.44256
0.924113
0.171894
0.025429
1073.96
862.175
496.116
207.705
68.1618
18.7398
4.44256
0.924113
0.171894
0.025429
1073.96
862.175
496.116
207.705
68.1618
18.7398
4.44256
0.924114
0.171894
0.025429
1073.96
862.164
496.095
207.688
68.1537
18.7369
4.44172
0.923908
0.17185
0.0254217
1073.96
862.163
496.093
207.686
68.1529
18.7366
4.44164
0.923888
0.171846
0.025421
1073.96
862.175
496.116
207.705
68.1618
18.7398
4.44256
0.924114
0.171894
0.025429
1073.96
862.175
496.116
207.705
68.1618
18.7398
4.44256
0.924113
0.171894
0.025429
1073.96
862.175
496.116
207.704
68.1618
18.7398
4.44256
0.924113
0.171894
0.025429
1073.96
862.174
496.116
207.704
68.1618
18.7397
4.44256
0.924113
0.171894
0.025429
1073.96
862.174
496.116
207.704
68.1618
18.7397
4.44256
0.924113
0.171894
0.025429
1073.96
862.175
496.116
207.704
68.1618
18.7397
4.44256
0.924113
0.171894
0.025429
1073.96
862.175
496.116
207.705
68.1618
18.7398
4.44256
0.924113
0.171894
0.025429
1073.96
862.175
496.116
207.705
68.1618
18.7398
4.44256
0.924114
0.171894
0.025429
1073.96
862.164
496.095
207.688
68.1537
18.7369
4.44173
0.923908
0.17185
0.0254217
1073.96
862.163
496.093
207.686
68.1529
18.7366
4.44164
0.923888
0.171846
0.025421
1073.96
862.175
496.116
207.705
68.1619
18.7398
4.44256
0.924114
0.171894
0.025429
1073.96
862.175
496.116
207.705
68.1618
18.7398
4.44256
0.924114
0.171894
0.025429
1073.96
862.175
496.116
207.705
68.1618
18.7398
4.44256
0.924113
0.171894
0.025429
1073.96
862.175
496.116
207.704
68.1618
18.7397
4.44256
0.924113
0.171894
0.025429
1073.96
862.175
496.116
207.704
68.1618
18.7397
4.44256
0.924113
0.171894
0.025429
1073.96
862.175
496.116
207.704
68.1618
18.7398
4.44256
0.924113
0.171894
0.025429
1073.96
862.175
496.116
207.705
68.1618
18.7398
4.44256
0.924113
0.171894
0.025429
1073.96
862.175
496.116
207.705
68.1618
18.7398
4.44256
0.924114
0.171894
0.025429
1073.96
862.164
496.095
207.688
68.1537
18.7369
4.44173
0.923908
0.17185
0.0254217
1073.96
862.163
496.093
207.686
68.153
18.7366
4.44164
0.923888
0.171846
0.025421
1073.96
862.175
496.116
207.705
68.1619
18.7398
4.44257
0.924114
0.171894
0.025429
1073.96
862.175
496.116
207.705
68.1618
18.7398
4.44256
0.924114
0.171894
0.025429
1073.96
862.175
496.116
207.705
68.1618
18.7398
4.44256
0.924113
0.171894
0.025429
1073.96
862.175
496.116
207.705
68.1618
18.7398
4.44256
0.924113
0.171894
0.025429
1073.96
862.175
496.116
207.705
68.1618
18.7398
4.44256
0.924113
0.171894
0.025429
1073.96
862.175
496.116
207.705
68.1618
18.7398
4.44256
0.924113
0.171894
0.025429
1073.96
862.175
496.116
207.705
68.1618
18.7398
4.44256
0.924114
0.171894
0.025429
1073.96
862.175
496.116
207.705
68.1619
18.7398
4.44257
0.924114
0.171894
0.025429
1073.96
862.164
496.095
207.688
68.1538
18.7369
4.44173
0.923909
0.17185
0.0254217
1073.96
862.163
496.093
207.686
68.153
18.7366
4.44164
0.923888
0.171846
0.025421
1073.96
862.175
496.117
207.705
68.1619
18.7398
4.44257
0.924114
0.171894
0.025429
1073.96
862.175
496.116
207.705
68.1619
18.7398
4.44257
0.924114
0.171894
0.025429
1073.96
862.175
496.116
207.705
68.1618
18.7398
4.44256
0.924114
0.171894
0.025429
1073.96
862.175
496.116
207.705
68.1618
18.7398
4.44256
0.924114
0.171894
0.025429
1073.96
862.175
496.116
207.705
68.1618
18.7398
4.44256
0.924114
0.171894
0.025429
1073.96
862.175
496.116
207.705
68.1618
18.7398
4.44256
0.924114
0.171894
0.025429
1073.96
862.175
496.116
207.705
68.1619
18.7398
4.44257
0.924114
0.171894
0.025429
1073.96
862.175
496.117
207.705
68.1619
18.7398
4.44257
0.924114
0.171894
0.025429
1073.96
862.164
496.095
207.688
68.1538
18.7369
4.44173
0.923909
0.17185
0.0254217
1073.96
862.152
496.072
207.67
68.1449
18.7337
4.44081
0.923683
0.171802
0.0254138
1073.96
862.164
496.096
207.688
68.1538
18.7369
4.44173
0.923909
0.17185
0.0254217
1073.96
862.164
496.095
207.688
68.1538
18.7369
4.44173
0.923909
0.17185
0.0254217
1073.96
862.164
496.095
207.688
68.1538
18.7369
4.44173
0.923908
0.17185
0.0254217
1073.96
862.164
496.095
207.688
68.1537
18.7369
4.44173
0.923908
0.17185
0.0254217
1073.96
862.164
496.095
207.688
68.1537
18.7369
4.44173
0.923908
0.17185
0.0254217
1073.96
862.164
496.095
207.688
68.1537
18.7369
4.44173
0.923908
0.17185
0.0254217
1073.96
862.164
496.095
207.688
68.1538
18.7369
4.44173
0.923909
0.17185
0.0254217
1073.96
862.164
496.095
207.688
68.1538
18.7369
4.44173
0.923909
0.17185
0.0254217
1073.96
862.154
496.074
207.671
68.1457
18.734
4.44089
0.923703
0.171806
0.0254145
)
;

boundaryField
{
    upperWall
    {
        type            zeroGradient;
    }
    leftWall
    {
        type            fixedValue;
        value           uniform 1000;
    }
    rightWall
    {
        type            zeroGradient;
    }
    frontWall
    {
        type            zeroGradient;
    }
    backWall
    {
        type            zeroGradient;
    }
    lowerWall
    {
        type            zeroGradient;
    }
}


// ************************************************************************* //
