/*--------------------------------*- C++ -*----------------------------------*\
| =========                 |                                                 |
| \\      /  F ield         | OpenFOAM: The Open Source CFD Toolbox           |
|  \\    /   O peration     | Version:  1.7.x                                 |
|   \\  /    A nd           | Web:      www.OpenFOAM.com                      |
|    \\/     M anipulation  |                                                 |
\*---------------------------------------------------------------------------*/
FoamFile
{
    version     2.0;
    format      ascii;
    class       volScalarField;
    location    "0.3";
    object      p;
}
// * * * * * * * * * * * * * * * * * * * * * * * * * * * * * * * * * * * * * //

dimensions      [0 2 -2 0 0 0 0];

internalField   nonuniform List<scalar> 
1000
(
100000
99999.8
99999.3
99999.7
100000
100000
100000
100000
100000
100000
100000
99999.8
99999.3
99999.7
100000
100000
100000
100000
100000
100000
100000
99999.8
99999.3
99999.7
100000
100000
100000
100000
100000
100000
100000
99999.8
99999.3
99999.7
100000
100000
100000
100000
100000
100000
100000
99999.8
99999.3
99999.7
100000
100000
100000
100000
100000
100000
100000
99999.8
99999.3
99999.7
100000
100000
100000
100000
100000
100000
100000
99999.8
99999.3
99999.7
100000
100000
100000
100000
100000
100000
100000
99999.8
99999.3
99999.7
100000
100000
100000
100000
100000
100000
100000
99999.8
99999.3
99999.7
100000
100000
100000
100000
100000
100000
100000
99999.8
99999.3
99999.7
100000
100000
100000
100000
100000
100000
100000
99999.8
99999.3
99999.7
100000
100000
100000
100000
100000
100000
100000
99999.8
99999.3
99999.7
100000
100000
100000
100000
100000
100000
100000
99999.8
99999.3
99999.7
100000
100000
100000
100000
100000
100000
100000
99999.8
99999.3
99999.7
100000
100000
100000
100000
100000
100000
100000
99999.8
99999.3
99999.7
100000
100000
100000
100000
100000
100000
100000
99999.8
99999.3
99999.7
100000
100000
100000
100000
100000
100000
100000
99999.8
99999.3
99999.7
100000
100000
100000
100000
100000
100000
100000
99999.8
99999.3
99999.7
100000
100000
100000
100000
100000
100000
100000
99999.8
99999.3
99999.7
100000
100000
100000
100000
100000
100000
100000
99999.8
99999.3
99999.7
100000
100000
100000
100000
100000
100000
100000
99999.8
99999.3
99999.7
100000
100000
100000
100000
100000
100000
100000
99999.8
99999.3
99999.7
100000
100000
100000
100000
100000
100000
100000
99999.8
99999.3
99999.7
100000
100000
100000
100000
100000
100000
100000
99999.8
99999.3
99999.7
100000
100000
100000
100000
100000
100000
100000
99999.8
99999.3
99999.7
100000
100000
100000
100000
100000
100000
100000
99999.8
99999.3
99999.7
100000
100000
100000
100000
100000
100000
100000
99999.8
99999.3
99999.7
100000
100000
100000
100000
100000
100000
100000
99999.8
99999.3
99999.7
100000
100000
100000
100000
100000
100000
100000
99999.8
99999.3
99999.7
100000
100000
100000
100000
100000
100000
100000
99999.8
99999.3
99999.7
100000
100000
100000
100000
100000
100000
100000
99999.8
99999.3
99999.7
100000
100000
100000
100000
100000
100000
100000
99999.8
99999.3
99999.7
100000
100000
100000
100000
100000
100000
100000
99999.8
99999.3
99999.7
100000
100000
100000
100000
100000
100000
100000
99999.8
99999.3
99999.7
100000
100000
100000
100000
100000
100000
100000
99999.8
99999.3
99999.7
100000
100000
100000
100000
100000
100000
100000
99999.8
99999.3
99999.7
100000
100000
100000
100000
100000
100000
100000
99999.8
99999.3
99999.7
100000
100000
100000
100000
100000
100000
100000
99999.8
99999.3
99999.7
100000
100000
100000
100000
100000
100000
100000
99999.8
99999.3
99999.7
100000
100000
100000
100000
100000
100000
100000
99999.8
99999.3
99999.7
100000
100000
100000
100000
100000
100000
100000
99999.8
99999.3
99999.7
100000
100000
100000
100000
100000
100000
100000
99999.8
99999.3
99999.7
100000
100000
100000
100000
100000
100000
100000
99999.8
99999.3
99999.7
100000
100000
100000
100000
100000
100000
100000
99999.8
99999.3
99999.7
100000
100000
100000
100000
100000
100000
100000
99999.8
99999.3
99999.7
100000
100000
100000
100000
100000
100000
100000
99999.8
99999.3
99999.7
100000
100000
100000
100000
100000
100000
100000
99999.8
99999.3
99999.7
100000
100000
100000
100000
100000
100000
100000
99999.8
99999.3
99999.7
100000
100000
100000
100000
100000
100000
100000
99999.8
99999.3
99999.7
100000
100000
100000
100000
100000
100000
100000
99999.8
99999.3
99999.7
100000
100000
100000
100000
100000
100000
100000
99999.8
99999.3
99999.7
100000
100000
100000
100000
100000
100000
100000
99999.8
99999.3
99999.7
100000
100000
100000
100000
100000
100000
100000
99999.8
99999.3
99999.7
100000
100000
100000
100000
100000
100000
100000
99999.8
99999.3
99999.7
100000
100000
100000
100000
100000
100000
100000
99999.8
99999.3
99999.7
100000
100000
100000
100000
100000
100000
100000
99999.8
99999.3
99999.7
100000
100000
100000
100000
100000
100000
100000
99999.8
99999.3
99999.7
100000
100000
100000
100000
100000
100000
100000
99999.8
99999.3
99999.7
100000
100000
100000
100000
100000
100000
100000
99999.8
99999.3
99999.7
100000
100000
100000
100000
100000
100000
100000
99999.8
99999.3
99999.7
100000
100000
100000
100000
100000
100000
100000
99999.8
99999.3
99999.7
100000
100000
100000
100000
100000
100000
100000
99999.8
99999.3
99999.7
100000
100000
100000
100000
100000
100000
100000
99999.8
99999.3
99999.7
100000
100000
100000
100000
100000
100000
100000
99999.8
99999.3
99999.7
100000
100000
100000
100000
100000
100000
100000
99999.8
99999.3
99999.7
100000
100000
100000
100000
100000
100000
100000
99999.8
99999.3
99999.7
100000
100000
100000
100000
100000
100000
100000
99999.8
99999.3
99999.7
100000
100000
100000
100000
100000
100000
100000
99999.8
99999.3
99999.7
100000
100000
100000
100000
100000
100000
100000
99999.8
99999.3
99999.7
100000
100000
100000
100000
100000
100000
100000
99999.8
99999.3
99999.7
100000
100000
100000
100000
100000
100000
100000
99999.8
99999.3
99999.7
100000
100000
100000
100000
100000
100000
100000
99999.8
99999.3
99999.7
100000
100000
100000
100000
100000
100000
100000
99999.8
99999.3
99999.7
100000
100000
100000
100000
100000
100000
100000
99999.8
99999.3
99999.7
100000
100000
100000
100000
100000
100000
100000
99999.8
99999.3
99999.7
100000
100000
100000
100000
100000
100000
100000
99999.8
99999.3
99999.7
100000
100000
100000
100000
100000
100000
100000
99999.8
99999.3
99999.7
100000
100000
100000
100000
100000
100000
100000
99999.8
99999.3
99999.7
100000
100000
100000
100000
100000
100000
100000
99999.8
99999.3
99999.7
100000
100000
100000
100000
100000
100000
100000
99999.8
99999.3
99999.7
100000
100000
100000
100000
100000
100000
100000
99999.8
99999.3
99999.7
100000
100000
100000
100000
100000
100000
100000
99999.8
99999.3
99999.7
100000
100000
100000
100000
100000
100000
100000
99999.8
99999.3
99999.7
100000
100000
100000
100000
100000
100000
100000
99999.8
99999.3
99999.7
100000
100000
100000
100000
100000
100000
100000
99999.8
99999.3
99999.7
100000
100000
100000
100000
100000
100000
100000
99999.8
99999.3
99999.7
100000
100000
100000
100000
100000
100000
100000
99999.8
99999.3
99999.7
100000
100000
100000
100000
100000
100000
100000
99999.8
99999.3
99999.7
100000
100000
100000
100000
100000
100000
100000
99999.8
99999.3
99999.7
100000
100000
100000
100000
100000
100000
100000
99999.8
99999.3
99999.7
100000
100000
100000
100000
100000
100000
100000
99999.8
99999.3
99999.7
100000
100000
100000
100000
100000
100000
100000
99999.8
99999.3
99999.7
100000
100000
100000
100000
100000
100000
100000
99999.8
99999.3
99999.7
100000
100000
100000
100000
100000
100000
100000
99999.8
99999.3
99999.7
100000
100000
100000
100000
100000
100000
100000
99999.8
99999.3
99999.7
100000
100000
100000
100000
100000
100000
100000
99999.8
99999.3
99999.7
100000
100000
100000
100000
100000
100000
100000
99999.8
99999.3
99999.7
100000
100000
100000
100000
100000
100000
100000
99999.8
99999.3
99999.7
100000
100000
100000
100000
100000
100000
100000
99999.8
99999.3
99999.7
100000
100000
100000
100000
100000
100000
100000
99999.8
99999.3
99999.7
100000
100000
100000
100000
100000
100000
)
;

boundaryField
{
    upperWall
    {
        type            zeroGradient;
    }
    leftWall
    {
        type            zeroGradient;
    }
    rightWall
    {
        type            fixedValue;
        value           uniform 100000;
    }
    frontWall
    {
        type            zeroGradient;
    }
    backWall
    {
        type            zeroGradient;
    }
    lowerWall
    {
        type            zeroGradient;
    }
}


// ************************************************************************* //
