/*--------------------------------*- C++ -*----------------------------------*\
| =========                 |                                                 |
| \\      /  F ield         | OpenFOAM: The Open Source CFD Toolbox           |
|  \\    /   O peration     | Version:  1.7.x                                 |
|   \\  /    A nd           | Web:      www.OpenFOAM.com                      |
|    \\/     M anipulation  |                                                 |
\*---------------------------------------------------------------------------*/
FoamFile
{
    version     2.0;
    format      ascii;
    class       volScalarField;
    location    "0.1";
    object      conc;
}
// * * * * * * * * * * * * * * * * * * * * * * * * * * * * * * * * * * * * * //

dimensions      [0 -3 0 0 1 0 0];

internalField   nonuniform List<scalar> 
1000
(
580.102
158.038
29.0734
3.98413
0.444768
0.0420531
0.00344137
0.000247923
1.59221e-05
8.76381e-07
580.104
158.041
29.0743
3.9843
0.444793
0.042056
0.00344164
0.000247946
1.59237e-05
8.76481e-07
580.104
158.041
29.0743
3.98429
0.444793
0.042056
0.00344164
0.000247946
1.59237e-05
8.76481e-07
580.104
158.04
29.0743
3.98429
0.444792
0.0420559
0.00344164
0.000247946
1.59237e-05
8.76481e-07
580.104
158.04
29.0743
3.98429
0.444792
0.0420559
0.00344164
0.000247946
1.59237e-05
8.76481e-07
580.104
158.04
29.0743
3.98429
0.444792
0.0420559
0.00344164
0.000247946
1.59237e-05
8.76481e-07
580.104
158.04
29.0743
3.98429
0.444792
0.0420559
0.00344164
0.000247946
1.59237e-05
8.76481e-07
580.104
158.04
29.0743
3.98429
0.444793
0.042056
0.00344164
0.000247946
1.59237e-05
8.76481e-07
580.104
158.041
29.0743
3.9843
0.444793
0.042056
0.00344164
0.000247946
1.59237e-05
8.76481e-07
580.102
158.038
29.0735
3.98414
0.44477
0.0420534
0.00344139
0.000247925
1.59223e-05
8.7639e-07
580.104
158.04
29.0742
3.98428
0.44479
0.0420557
0.00344161
0.000247944
1.59236e-05
8.76472e-07
580.107
158.043
29.0751
3.98445
0.444815
0.0420585
0.00344189
0.000247966
1.59252e-05
8.76572e-07
580.107
158.043
29.0751
3.98445
0.444815
0.0420585
0.00344189
0.000247966
1.59252e-05
8.76572e-07
580.107
158.043
29.075
3.98445
0.444815
0.0420585
0.00344189
0.000247966
1.59252e-05
8.76572e-07
580.107
158.043
29.075
3.98445
0.444815
0.0420585
0.00344189
0.000247966
1.59252e-05
8.76572e-07
580.107
158.043
29.075
3.98445
0.444815
0.0420585
0.00344189
0.000247966
1.59252e-05
8.76572e-07
580.107
158.043
29.075
3.98445
0.444815
0.0420585
0.00344189
0.000247966
1.59252e-05
8.76572e-07
580.107
158.043
29.0751
3.98445
0.444815
0.0420585
0.00344189
0.000247966
1.59252e-05
8.76572e-07
580.107
158.043
29.0751
3.98445
0.444815
0.0420585
0.00344189
0.000247966
1.59252e-05
8.76572e-07
580.104
158.041
29.0743
3.9843
0.444793
0.042056
0.00344164
0.000247946
1.59237e-05
8.76481e-07
580.104
158.04
29.0742
3.98428
0.44479
0.0420557
0.00344161
0.000247944
1.59236e-05
8.76472e-07
580.107
158.043
29.0751
3.98445
0.444815
0.0420585
0.00344189
0.000247966
1.59252e-05
8.76572e-07
580.107
158.043
29.075
3.98445
0.444815
0.0420585
0.00344189
0.000247966
1.59252e-05
8.76572e-07
580.107
158.043
29.075
3.98445
0.444815
0.0420585
0.00344189
0.000247966
1.59252e-05
8.76572e-07
580.107
158.043
29.075
3.98445
0.444815
0.0420585
0.00344189
0.000247966
1.59252e-05
8.76572e-07
580.107
158.043
29.075
3.98445
0.444815
0.0420585
0.00344189
0.000247966
1.59252e-05
8.76572e-07
580.107
158.043
29.075
3.98445
0.444815
0.0420585
0.00344189
0.000247966
1.59252e-05
8.76572e-07
580.107
158.043
29.075
3.98445
0.444815
0.0420585
0.00344189
0.000247966
1.59252e-05
8.76572e-07
580.107
158.043
29.075
3.98445
0.444815
0.0420585
0.00344189
0.000247966
1.59252e-05
8.76572e-07
580.104
158.04
29.0743
3.98429
0.444793
0.042056
0.00344164
0.000247946
1.59237e-05
8.76481e-07
580.104
158.04
29.0742
3.98428
0.44479
0.0420557
0.00344161
0.000247944
1.59236e-05
8.76472e-07
580.107
158.043
29.075
3.98445
0.444815
0.0420585
0.00344189
0.000247966
1.59252e-05
8.76572e-07
580.107
158.043
29.075
3.98445
0.444815
0.0420585
0.00344189
0.000247966
1.59252e-05
8.76572e-07
580.107
158.043
29.075
3.98445
0.444815
0.0420585
0.00344189
0.000247966
1.59252e-05
8.76572e-07
580.107
158.043
29.075
3.98445
0.444815
0.0420585
0.00344189
0.000247966
1.59252e-05
8.76572e-07
580.107
158.043
29.075
3.98445
0.444815
0.0420585
0.00344189
0.000247966
1.59252e-05
8.76572e-07
580.107
158.043
29.075
3.98445
0.444815
0.0420585
0.00344189
0.000247966
1.59252e-05
8.76572e-07
580.107
158.043
29.075
3.98445
0.444815
0.0420585
0.00344189
0.000247966
1.59252e-05
8.76572e-07
580.107
158.043
29.075
3.98445
0.444815
0.0420585
0.00344189
0.000247966
1.59252e-05
8.76572e-07
580.104
158.04
29.0743
3.98429
0.444792
0.0420559
0.00344164
0.000247946
1.59237e-05
8.76481e-07
580.104
158.04
29.0742
3.98428
0.44479
0.0420557
0.00344161
0.000247944
1.59236e-05
8.76472e-07
580.107
158.043
29.075
3.98445
0.444815
0.0420585
0.00344189
0.000247966
1.59252e-05
8.76572e-07
580.107
158.043
29.075
3.98445
0.444815
0.0420585
0.00344189
0.000247966
1.59252e-05
8.76572e-07
580.107
158.043
29.075
3.98445
0.444815
0.0420585
0.00344189
0.000247966
1.59252e-05
8.76572e-07
580.107
158.043
29.075
3.98445
0.444815
0.0420585
0.00344189
0.000247966
1.59252e-05
8.76572e-07
580.107
158.043
29.075
3.98445
0.444815
0.0420585
0.00344189
0.000247966
1.59252e-05
8.76572e-07
580.107
158.043
29.075
3.98445
0.444815
0.0420585
0.00344189
0.000247966
1.59252e-05
8.76572e-07
580.107
158.043
29.075
3.98445
0.444815
0.0420585
0.00344189
0.000247966
1.59252e-05
8.76572e-07
580.107
158.043
29.075
3.98445
0.444815
0.0420585
0.00344189
0.000247966
1.59252e-05
8.76572e-07
580.104
158.04
29.0743
3.98429
0.444792
0.0420559
0.00344164
0.000247946
1.59237e-05
8.76481e-07
580.104
158.04
29.0742
3.98428
0.44479
0.0420557
0.00344161
0.000247944
1.59236e-05
8.76472e-07
580.107
158.043
29.075
3.98445
0.444815
0.0420585
0.00344189
0.000247966
1.59252e-05
8.76572e-07
580.107
158.043
29.075
3.98445
0.444815
0.0420585
0.00344189
0.000247966
1.59252e-05
8.76572e-07
580.107
158.043
29.075
3.98445
0.444815
0.0420585
0.00344189
0.000247966
1.59252e-05
8.76572e-07
580.107
158.043
29.075
3.98445
0.444815
0.0420585
0.00344189
0.000247966
1.59252e-05
8.76572e-07
580.107
158.043
29.075
3.98445
0.444815
0.0420585
0.00344189
0.000247966
1.59252e-05
8.76572e-07
580.107
158.043
29.075
3.98445
0.444815
0.0420585
0.00344189
0.000247966
1.59252e-05
8.76572e-07
580.107
158.043
29.075
3.98445
0.444815
0.0420585
0.00344189
0.000247966
1.59252e-05
8.76572e-07
580.107
158.043
29.075
3.98445
0.444815
0.0420585
0.00344189
0.000247966
1.59252e-05
8.76572e-07
580.104
158.04
29.0743
3.98429
0.444792
0.0420559
0.00344164
0.000247946
1.59237e-05
8.76481e-07
580.104
158.04
29.0742
3.98428
0.44479
0.0420557
0.00344161
0.000247944
1.59236e-05
8.76472e-07
580.107
158.043
29.075
3.98445
0.444815
0.0420585
0.00344189
0.000247966
1.59252e-05
8.76572e-07
580.107
158.043
29.075
3.98445
0.444815
0.0420585
0.00344189
0.000247966
1.59252e-05
8.76572e-07
580.107
158.043
29.075
3.98445
0.444815
0.0420585
0.00344189
0.000247966
1.59252e-05
8.76572e-07
580.107
158.043
29.075
3.98445
0.444815
0.0420585
0.00344189
0.000247966
1.59252e-05
8.76572e-07
580.107
158.043
29.075
3.98445
0.444815
0.0420585
0.00344189
0.000247966
1.59252e-05
8.76572e-07
580.107
158.043
29.075
3.98445
0.444815
0.0420585
0.00344189
0.000247966
1.59252e-05
8.76572e-07
580.107
158.043
29.075
3.98445
0.444815
0.0420585
0.00344189
0.000247966
1.59252e-05
8.76572e-07
580.107
158.043
29.075
3.98445
0.444815
0.0420585
0.00344189
0.000247966
1.59252e-05
8.76572e-07
580.104
158.04
29.0743
3.98429
0.444793
0.0420559
0.00344164
0.000247946
1.59237e-05
8.76481e-07
580.104
158.04
29.0742
3.98428
0.44479
0.0420557
0.00344161
0.000247944
1.59236e-05
8.76472e-07
580.107
158.043
29.0751
3.98445
0.444815
0.0420585
0.00344189
0.000247966
1.59252e-05
8.76572e-07
580.107
158.043
29.075
3.98445
0.444815
0.0420585
0.00344189
0.000247966
1.59252e-05
8.76572e-07
580.107
158.043
29.075
3.98445
0.444815
0.0420585
0.00344189
0.000247966
1.59252e-05
8.76572e-07
580.107
158.043
29.075
3.98445
0.444815
0.0420585
0.00344189
0.000247966
1.59252e-05
8.76572e-07
580.107
158.043
29.075
3.98445
0.444815
0.0420585
0.00344189
0.000247966
1.59252e-05
8.76572e-07
580.107
158.043
29.075
3.98445
0.444815
0.0420585
0.00344189
0.000247966
1.59252e-05
8.76572e-07
580.107
158.043
29.075
3.98445
0.444815
0.0420585
0.00344189
0.000247966
1.59252e-05
8.76572e-07
580.107
158.043
29.0751
3.98445
0.444815
0.0420585
0.00344189
0.000247966
1.59252e-05
8.76573e-07
580.104
158.04
29.0743
3.98429
0.444793
0.042056
0.00344164
0.000247946
1.59237e-05
8.76481e-07
580.104
158.04
29.0742
3.98428
0.44479
0.0420557
0.00344162
0.000247944
1.59236e-05
8.76472e-07
580.107
158.043
29.0751
3.98445
0.444815
0.0420585
0.00344189
0.000247966
1.59252e-05
8.76572e-07
580.107
158.043
29.0751
3.98445
0.444815
0.0420585
0.00344189
0.000247966
1.59252e-05
8.76572e-07
580.107
158.043
29.075
3.98445
0.444815
0.0420585
0.00344189
0.000247966
1.59252e-05
8.76572e-07
580.107
158.043
29.075
3.98445
0.444815
0.0420585
0.00344189
0.000247966
1.59252e-05
8.76572e-07
580.107
158.043
29.075
3.98445
0.444815
0.0420585
0.00344189
0.000247966
1.59252e-05
8.76572e-07
580.107
158.043
29.075
3.98445
0.444815
0.0420585
0.00344189
0.000247966
1.59252e-05
8.76572e-07
580.107
158.043
29.0751
3.98445
0.444815
0.0420585
0.00344189
0.000247966
1.59252e-05
8.76573e-07
580.107
158.043
29.0751
3.98445
0.444815
0.0420585
0.00344189
0.000247967
1.59252e-05
8.76573e-07
580.104
158.041
29.0743
3.9843
0.444793
0.042056
0.00344164
0.000247946
1.59237e-05
8.76481e-07
580.102
158.038
29.0734
3.98413
0.444768
0.0420531
0.00344137
0.000247923
1.59221e-05
8.76381e-07
580.104
158.041
29.0743
3.9843
0.444793
0.042056
0.00344164
0.000247946
1.59237e-05
8.76481e-07
580.104
158.041
29.0743
3.98429
0.444793
0.042056
0.00344164
0.000247946
1.59237e-05
8.76481e-07
580.104
158.04
29.0743
3.98429
0.444793
0.0420559
0.00344164
0.000247946
1.59237e-05
8.76481e-07
580.104
158.04
29.0743
3.98429
0.444792
0.0420559
0.00344164
0.000247946
1.59237e-05
8.76481e-07
580.104
158.04
29.0743
3.98429
0.444792
0.0420559
0.00344164
0.000247946
1.59237e-05
8.76481e-07
580.104
158.04
29.0743
3.98429
0.444793
0.0420559
0.00344164
0.000247946
1.59237e-05
8.76481e-07
580.104
158.04
29.0743
3.98429
0.444793
0.042056
0.00344164
0.000247946
1.59237e-05
8.76481e-07
580.104
158.041
29.0743
3.9843
0.444793
0.042056
0.00344164
0.000247946
1.59237e-05
8.76481e-07
580.102
158.038
29.0735
3.98414
0.44477
0.0420534
0.00344139
0.000247925
1.59223e-05
8.7639e-07
)
;

boundaryField
{
    upperWall
    {
        type            zeroGradient;
    }
    leftWall
    {
        type            fixedValue;
        value           uniform 1000;
    }
    rightWall
    {
        type            zeroGradient;
    }
    frontWall
    {
        type            zeroGradient;
    }
    backWall
    {
        type            zeroGradient;
    }
    lowerWall
    {
        type            zeroGradient;
    }
}


// ************************************************************************* //
