/*--------------------------------*- C++ -*----------------------------------*\
| =========                 |                                                 |
| \\      /  F ield         | OpenFOAM: The Open Source CFD Toolbox           |
|  \\    /   O peration     | Version:  1.7.x                                 |
|   \\  /    A nd           | Web:      www.OpenFOAM.com                      |
|    \\/     M anipulation  |                                                 |
\*---------------------------------------------------------------------------*/
FoamFile
{
    version     2.0;
    format      ascii;
    class       volScalarField;
    location    "0.1";
    object      alpha1;
}
// * * * * * * * * * * * * * * * * * * * * * * * * * * * * * * * * * * * * * //

dimensions      [0 -3 0 0 1 0 0];

internalField   nonuniform List<scalar> 
8000
(
3.39113e-58
3.24467e-49
5.45842e-41
1.09005e-33
4.75108e-31
3.29138e-29
6.00276e-28
2.40487e-27
4.04754e-28
-2.55001e-27
4.54396e-56
7.03117e-48
7.85326e-40
1.52556e-32
8.09799e-30
5.49808e-28
9.44903e-27
3.54322e-26
2.30927e-27
-4.25821e-26
5.02994e-56
7.63002e-48
8.65557e-40
1.71512e-32
9.07702e-30
6.1559e-28
1.05754e-26
3.98643e-26
5.50995e-27
-3.6251e-26
5.34564e-56
8.07595e-48
9.26499e-40
1.87685e-32
9.84097e-30
6.67879e-28
1.15116e-26
4.38936e-26
8.73959e-27
-2.80409e-26
5.94442e-56
8.88047e-48
1.01886e-39
2.10016e-32
1.10009e-29
7.48867e-28
1.29715e-26
5.01312e-26
1.28302e-26
-2.03091e-26
6.81065e-56
1.00083e-47
1.13891e-39
2.38155e-32
1.25528e-29
8.58583e-28
1.49552e-26
5.85561e-26
1.75977e-26
-1.31887e-26
7.93374e-56
1.14336e-47
1.28159e-39
2.71059e-32
1.44684e-29
9.95488e-28
1.7445e-26
6.91744e-26
2.29688e-26
-6.97909e-27
9.28067e-56
1.31204e-47
1.43956e-39
3.06514e-32
1.66651e-29
1.15462e-27
2.03682e-26
8.18199e-26
2.89211e-26
-1.6827e-27
9.9296e-56
1.40282e-47
1.50188e-39
3.22394e-32
1.77284e-29
1.23722e-27
2.20083e-26
8.97349e-26
3.25173e-26
7.48653e-28
1.94679e-57
7.36311e-49
1.14503e-40
2.5854e-33
1.17235e-30
8.35102e-29
1.57278e-27
6.7799e-27
2.86565e-27
1.21826e-28
8.14367e-50
-6.38176e-42
-4.28217e-34
-1.77103e-31
-3.74495e-29
-1.73324e-27
-2.36619e-26
-7.50267e-26
-8.22903e-27
4.71786e-26
5.40376e-48
6.75809e-41
-7.98111e-33
-2.58492e-30
-6.60766e-28
-2.995e-26
-3.84182e-25
-1.13972e-24
-3.29409e-26
8.43022e-25
5.87749e-48
4.99061e-41
-9.01271e-33
-2.91398e-30
-7.42159e-28
-3.35969e-26
-4.30753e-25
-1.28372e-24
-1.09475e-25
7.14295e-25
6.1893e-48
4.10811e-41
-9.84978e-33
-3.18964e-30
-8.03811e-28
-3.64078e-26
-4.68455e-25
-1.41184e-24
-1.87034e-25
5.47374e-25
6.82253e-48
4.03484e-41
-1.10809e-32
-3.5724e-30
-8.98173e-28
-4.07958e-26
-5.27637e-25
-1.61171e-24
-2.853e-25
3.91497e-25
7.75746e-48
4.59688e-41
-1.27007e-32
-4.05483e-30
-1.02489e-27
-4.67578e-26
-6.08169e-25
-1.88176e-24
-3.98862e-25
2.48604e-25
8.98773e-48
5.94307e-41
-1.46777e-32
-4.61854e-30
-1.1816e-27
-5.42239e-26
-7.09735e-25
-2.22422e-24
-5.26478e-25
1.24303e-25
1.0483e-47
8.46165e-41
-1.69244e-32
-5.2268e-30
-1.36189e-27
-6.29454e-26
-8.2979e-25
-2.63556e-24
-6.68212e-25
1.77126e-26
1.12837e-47
1.28379e-40
-1.79609e-32
-5.48962e-30
-1.44657e-27
-6.73589e-26
-8.95936e-25
-2.88993e-24
-7.51729e-25
-2.91658e-26
2.52532e-49
-1.27901e-41
-1.07385e-33
-4.23823e-31
-9.24092e-29
-4.39093e-27
-6.19566e-26
-2.11383e-25
-6.51725e-26
-2.88174e-27
1.06031e-41
4.33715e-35
7.29295e-32
1.44129e-29
2.01189e-27
6.94976e-26
7.52663e-25
1.93942e-24
1.23975e-25
-7.37448e-25
3.6454e-40
-1.24052e-33
1.39685e-30
2.10931e-28
3.58037e-26
1.20894e-24
1.22697e-23
2.95347e-23
1.30843e-26
-1.37562e-23
3.9545e-40
-1.18702e-33
1.58908e-30
2.39425e-28
4.04888e-26
1.36531e-24
1.38463e-23
3.34499e-23
1.46869e-24
-1.16214e-23
4.16261e-40
-1.19132e-33
1.73931e-30
2.62569e-28
4.39043e-26
1.48157e-24
1.50814e-23
3.68363e-23
2.96702e-24
-8.81233e-24
4.56161e-40
-1.33086e-33
1.95814e-30
2.94275e-28
4.90634e-26
1.66063e-24
1.69958e-23
4.20749e-23
4.86575e-24
-6.18982e-24
5.13737e-40
-1.60162e-33
2.24486e-30
3.34038e-28
5.59678e-26
1.90286e-24
1.95884e-23
4.91214e-23
7.03429e-24
-3.79095e-24
5.88144e-40
-2.03165e-33
2.5932e-30
3.80219e-28
6.4489e-26
2.20611e-24
2.28606e-23
5.80786e-23
9.45083e-24
-1.7083e-24
6.76819e-40
-2.66714e-33
2.98498e-30
4.29391e-28
7.42183e-26
2.55856e-24
2.67163e-23
6.88308e-23
1.21152e-23
8.9789e-26
7.19819e-40
-3.38583e-33
3.14576e-30
4.48145e-28
7.8351e-26
2.72288e-24
2.87064e-23
7.51781e-23
1.36058e-23
8.30111e-25
2.48772e-41
8.36095e-35
1.8392e-31
3.44949e-29
4.95683e-27
1.75931e-25
1.97112e-24
5.46786e-24
1.20169e-24
5.88908e-26
-9.17231e-35
-8.07468e-33
-5.95608e-30
-7.7561e-28
-8.13558e-26
-2.24434e-24
-2.00175e-23
-4.28269e-23
-1.11097e-24
1.01508e-23
-4.35721e-33
2.24302e-31
-1.12604e-28
-1.10177e-26
-1.42035e-24
-3.82448e-23
-3.18459e-22
-6.35748e-22
1.64203e-23
1.93525e-22
-4.94138e-33
2.18374e-31
-1.29176e-28
-1.26127e-26
-1.62059e-24
-4.35742e-23
-3.62441e-22
-7.25418e-22
-6.07353e-24
1.62754e-22
-5.38011e-33
2.19496e-31
-1.41798e-28
-1.38874e-26
-1.76352e-24
-4.74608e-23
-3.96344e-22
-8.01903e-22
-3.01962e-23
1.21764e-22
-6.10228e-33
2.44973e-31
-1.59798e-28
-1.55864e-26
-1.97327e-24
-5.32792e-23
-4.47531e-22
-9.17882e-22
-6.07698e-23
8.32524e-23
-7.12587e-33
2.9439e-31
-1.8317e-28
-1.76847e-26
-2.2504e-24
-6.10517e-23
-5.16033e-22
-1.07235e-21
-9.51235e-23
4.79917e-23
-8.46055e-33
3.72559e-31
-2.11295e-28
-2.00876e-26
-2.58964e-24
-7.07175e-23
-6.02029e-22
-1.26809e-21
-1.32765e-22
1.74173e-23
-1.00543e-32
4.87195e-31
-2.42362e-28
-2.25844e-26
-2.97105e-24
-8.1809e-23
-7.02273e-22
-1.50131e-21
-1.73569e-22
-9.19379e-24
-1.08399e-32
6.08602e-31
-2.53374e-28
-2.33827e-26
-3.11266e-24
-8.64537e-23
-7.49988e-22
-1.63175e-21
-1.95222e-22
-1.91157e-23
-2.77312e-34
-1.58657e-32
-1.50004e-29
-1.85231e-27
-2.00274e-25
-5.68355e-24
-5.25305e-23
-1.21166e-22
-1.83603e-23
-1.08014e-24
1.57937e-32
6.94102e-31
3.13777e-28
2.99979e-26
2.56224e-24
5.89163e-23
4.43407e-22
7.95162e-22
-5.63296e-24
-1.18098e-22
7.53872e-31
-1.76209e-29
5.72501e-27
4.00464e-25
4.25784e-23
9.52419e-22
6.65418e-21
1.10907e-20
-5.69685e-22
-2.22424e-21
8.60928e-31
-1.74335e-29
6.60714e-27
4.61212e-25
4.88885e-23
1.09183e-21
7.61682e-21
1.27138e-20
-3.06592e-22
-1.8433e-21
9.39684e-31
-1.75668e-29
7.27416e-27
5.10199e-25
5.34133e-23
1.19435e-21
8.36898e-21
1.41238e-20
-1.20912e-24
-1.34845e-21
1.06685e-30
-1.96044e-29
8.20664e-27
5.73771e-25
5.98795e-23
1.34393e-21
9.47823e-21
1.62237e-20
3.86067e-22
-8.80254e-22
1.24532e-30
-2.3535e-29
9.40319e-27
6.50726e-25
6.82874e-23
1.5408e-21
1.09433e-20
1.89914e-20
8.12101e-22
-4.5086e-22
1.47565e-30
-2.97092e-29
1.08283e-26
7.37386e-25
7.84751e-23
1.7835e-21
1.27689e-20
2.24828e-20
1.26659e-21
-7.90319e-23
1.74701e-30
-3.86661e-29
1.23783e-26
8.25277e-25
8.97723e-23
2.0588e-21
1.48769e-20
2.66184e-20
1.74755e-21
2.48371e-22
1.86986e-30
-4.76379e-29
1.28709e-26
8.50104e-25
9.36283e-23
2.16773e-21
1.5849e-20
2.89119e-20
2.00177e-21
3.54581e-22
4.80519e-32
1.37529e-30
7.88548e-28
7.15081e-26
6.30785e-24
1.49505e-22
1.16905e-21
2.26761e-21
2.18897e-22
1.73882e-23
-1.47667e-30
-3.29e-29
-1.16987e-26
-8.863e-25
-6.65386e-23
-1.31983e-21
-8.53646e-21
-1.29624e-20
4.99984e-22
1.22755e-21
-7.01526e-29
1.08837e-27
-2.02561e-25
-1.06243e-23
-1.01917e-21
-1.95563e-20
-1.16358e-19
-1.633e-19
1.33342e-20
2.25773e-20
-8.06644e-29
1.11297e-27
-2.34297e-25
-1.22682e-23
-1.17372e-21
-2.24835e-20
-1.3353e-19
-1.87531e-19
1.10194e-20
1.81596e-20
-8.82296e-29
1.14016e-27
-2.58525e-25
-1.36424e-23
-1.28732e-21
-2.47043e-20
-1.47519e-19
-2.09673e-19
7.839e-21
1.27339e-20
-1.00243e-28
1.27571e-27
-2.92025e-25
-1.53785e-23
-1.44636e-21
-2.78821e-20
-1.67785e-19
-2.42193e-19
3.81619e-21
7.55625e-21
-1.16968e-28
1.51934e-27
-3.34653e-25
-1.74299e-23
-1.65016e-21
-3.20112e-20
-1.94263e-19
-2.84721e-19
-4.59417e-22
2.79711e-21
-1.38367e-28
1.88801e-27
-3.85187e-25
-1.96932e-23
-1.8948e-21
-3.70608e-20
-2.27039e-19
-3.38212e-19
-4.79831e-21
-1.32255e-21
-1.63271e-28
2.40585e-27
-4.3981e-25
-2.19283e-23
-2.16337e-21
-4.27426e-20
-2.64651e-19
-4.0142e-19
-9.18719e-21
-5.02148e-21
-1.73637e-28
2.87698e-27
-4.57082e-25
-2.25467e-23
-2.2549e-21
-4.50271e-20
-2.82573e-19
-4.38003e-19
-1.16312e-20
-5.99354e-21
-4.50936e-30
-6.09814e-29
-2.94409e-26
-2.10678e-24
-1.64011e-22
-3.36405e-21
-2.27082e-20
-3.75378e-20
-1.93406e-21
-2.67504e-22
7.98713e-29
1.05627e-27
3.45475e-25
2.07385e-23
1.47672e-21
2.59574e-20
1.45539e-19
1.85017e-19
-1.2499e-20
-9.80902e-21
3.66272e-27
-4.52624e-26
5.6372e-24
2.12446e-22
2.0296e-20
3.41878e-19
1.73568e-18
2.0079e-18
-2.29571e-19
-1.71624e-19
4.21329e-27
-4.74927e-26
6.5223e-24
2.45192e-22
2.33937e-20
3.9338e-19
1.99312e-18
2.30587e-18
-2.18108e-19
-1.28647e-19
4.6082e-27
-4.92878e-26
7.20698e-24
2.74309e-22
2.57594e-20
4.34483e-19
2.2181e-18
2.60454e-18
-1.93441e-19
-8.11878e-20
5.23407e-27
-5.52639e-26
8.14987e-24
3.10077e-22
2.90194e-20
4.92418e-19
2.53952e-18
3.03807e-18
-1.62581e-19
-3.53453e-20
6.1032e-27
-6.54052e-26
9.34363e-24
3.51175e-22
3.3149e-20
5.66978e-19
2.95631e-18
3.60244e-18
-1.32151e-19
6.9459e-21
7.21284e-27
-8.0269e-26
1.07577e-23
3.95362e-22
3.80684e-20
6.57576e-19
3.46985e-18
4.31227e-18
-1.0502e-19
4.36746e-20
8.50192e-27
-1.00592e-25
1.22877e-23
4.37597e-22
4.34308e-20
7.58981e-19
4.05729e-18
5.15206e-18
-8.11842e-20
7.78344e-20
9.04062e-27
-1.17533e-25
1.27965e-23
4.50396e-22
4.53751e-20
8.02722e-19
4.36057e-18
5.6806e-18
-6.61409e-20
8.43456e-20
2.44776e-28
1.763e-27
8.72646e-25
4.91162e-23
3.65164e-21
6.67166e-20
3.93354e-19
5.50897e-19
6.80368e-21
3.6796e-21
-3.93842e-27
-1.77772e-26
-7.49508e-24
-3.70811e-22
-2.79356e-20
-4.44914e-19
-2.17191e-18
-2.29692e-18
2.41095e-19
6.03652e-20
-1.74091e-25
1.70508e-24
-1.19471e-22
-2.98087e-21
-3.3665e-19
-5.04102e-18
-2.15388e-17
-1.98809e-17
3.48058e-18
1.02922e-18
-2.00343e-25
1.82738e-24
-1.37849e-22
-3.42955e-21
-3.87673e-19
-5.79571e-18
-2.47175e-17
-2.28334e-17
3.53182e-18
6.0368e-19
-2.19098e-25
1.92367e-24
-1.52166e-22
-3.87364e-21
-4.28777e-19
-6.44658e-18
-2.78482e-17
-2.63574e-17
3.41477e-18
2.03927e-19
-2.48807e-25
2.1631e-24
-1.72206e-22
-4.39635e-21
-4.84813e-19
-7.35447e-18
-3.22728e-17
-3.14109e-17
3.27918e-18
-1.94084e-19
-2.89923e-25
2.54393e-24
-1.97832e-22
-4.96986e-21
-5.55276e-19
-8.51638e-18
-3.79845e-17
-3.79664e-17
3.19422e-18
-5.66286e-19
-3.42321e-25
3.08116e-24
-2.28592e-22
-5.55613e-21
-6.38788e-19
-9.92282e-18
-4.50072e-17
-4.62339e-17
3.2008e-18
-8.94999e-19
-4.03341e-25
3.79332e-24
-2.62476e-22
-6.07943e-21
-7.29522e-19
-1.14948e-17
-5.30464e-17
-5.60671e-17
3.29834e-18
-1.22131e-18
-4.2919e-25
4.34379e-24
-2.75254e-22
-6.26683e-21
-7.66342e-19
-1.22566e-17
-5.77425e-17
-6.30579e-17
3.34494e-18
-1.25595e-18
-1.21431e-26
-1.31601e-26
-1.92075e-23
-8.71376e-22
-6.95253e-20
-1.16089e-18
-6.04095e-18
-7.21257e-18
1.81858e-19
-5.52893e-20
1.13606e-25
-2.6051e-25
1.31869e-22
4.2926e-21
4.44981e-19
6.60636e-18
2.78836e-17
2.30495e-17
-3.34477e-18
-1.03185e-20
5.08179e-24
-4.93924e-23
2.13653e-21
1.83642e-20
4.56165e-18
6.11838e-17
2.07593e-16
1.26159e-16
-3.88646e-17
-2.57403e-19
5.82063e-24
-5.40205e-23
2.45406e-21
2.0713e-20
5.24005e-18
7.02146e-17
2.38209e-16
1.45976e-16
-4.05773e-17
2.68271e-18
6.35083e-24
-5.7616e-23
2.7027e-21
2.42859e-20
5.83077e-18
7.90665e-17
2.76025e-16
1.81282e-16
-4.09082e-17
4.75608e-18
7.20613e-24
-6.49351e-23
3.06105e-21
2.78902e-20
6.63213e-18
9.13444e-17
3.2906e-16
2.31109e-16
-4.15707e-17
7.00585e-18
8.39512e-24
-7.59137e-23
3.52746e-21
3.11028e-20
7.63746e-18
1.07028e-16
3.97315e-16
2.953e-16
-4.31508e-17
9.20639e-18
9.92023e-24
-9.08432e-23
4.09768e-21
3.34596e-20
8.8269e-18
1.26e-16
4.813e-16
3.76774e-16
-4.61345e-17
1.12654e-17
1.17187e-23
-1.09992e-22
4.7425e-21
3.43216e-20
1.01219e-17
1.47284e-16
5.78107e-16
4.74975e-16
-5.05667e-17
1.35781e-17
1.25467e-23
-1.23513e-22
5.02194e-21
3.52633e-20
1.07338e-17
1.59326e-16
6.44628e-16
5.57273e-16
-5.36415e-17
1.37213e-17
3.55755e-25
-1.48659e-24
3.46423e-22
9.82437e-21
1.12085e-18
1.77157e-17
8.18926e-17
8.09012e-17
-4.7413e-18
6.70779e-19
-3.21551e-24
2.69651e-23
-1.65236e-21
-6.98555e-21
-5.91038e-18
-8.26046e-17
-2.87564e-16
-1.5755e-16
4.1758e-17
-5.70763e-18
-1.37332e-22
1.32592e-21
-3.28322e-20
3.61805e-19
-4.85625e-17
-5.51281e-16
-1.04586e-15
3.44863e-16
3.48445e-16
-8.14496e-17
-1.56098e-22
1.47512e-21
-3.75301e-20
4.25487e-19
-5.55945e-17
-6.31937e-16
-1.21466e-15
3.42716e-16
3.6609e-16
-1.03567e-16
-1.69815e-22
1.59097e-21
-4.10781e-20
4.59117e-19
-6.25905e-17
-7.34185e-16
-1.60084e-15
4.66345e-17
3.82767e-16
-1.12259e-16
-1.92477e-22
1.79783e-21
-4.65454e-20
5.18724e-19
-7.20758e-17
-8.75611e-16
-2.13703e-15
-3.54525e-16
4.07303e-16
-1.25227e-16
-2.24196e-22
2.09481e-21
-5.39872e-20
6.09147e-19
-8.39927e-17
-1.05614e-15
-2.82194e-15
-8.57161e-16
4.44114e-16
-1.39822e-16
-2.65184e-22
2.48717e-21
-6.34485e-20
7.33394e-19
-9.81105e-17
-1.27488e-15
-3.66656e-15
-1.50051e-15
4.99064e-16
-1.55689e-16
-3.14361e-22
2.97507e-21
-7.46233e-20
8.87777e-19
-1.13588e-16
-1.52265e-15
-4.65427e-15
-2.29578e-15
5.73517e-16
-1.76892e-16
-3.39692e-22
3.28816e-21
-8.00976e-20
9.45474e-19
-1.22371e-16
-1.69273e-15
-5.49804e-15
-3.15212e-15
6.3753e-16
-1.80195e-16
-1.01561e-23
8.991e-23
-4.68632e-21
-3.33255e-21
-1.523e-17
-2.33641e-16
-9.50187e-16
-7.57182e-16
8.19148e-17
-1.10653e-17
4.80477e-23
-6.84305e-22
1.94031e-20
-6.95566e-19
4.61513e-17
6.0783e-16
1.41556e-15
-2.16415e-16
-2.51772e-16
5.71051e-17
1.94259e-21
-2.15954e-20
4.12477e-19
-8.69851e-18
2.55403e-16
1.44916e-15
-1.01874e-14
-2.20026e-14
-7.26363e-16
7.37808e-16
2.19546e-21
-2.43228e-20
4.72254e-19
-1.00077e-17
2.91522e-16
1.6909e-15
-1.11363e-14
-2.40883e-14
-7.02725e-16
8.02134e-16
2.38622e-21
-2.64515e-20
5.183e-19
-1.11703e-17
3.40324e-16
2.4227e-15
-8.71745e-15
-2.26564e-14
-8.62657e-16
7.94888e-16
2.70466e-21
-2.99877e-20
5.89819e-19
-1.28504e-17
4.0667e-16
3.43141e-15
-5.44092e-15
-2.09936e-14
-1.08334e-15
8.23778e-16
3.1519e-21
-3.49495e-20
6.88382e-19
-1.50735e-17
4.90243e-16
4.71206e-15
-1.3683e-15
-1.91807e-14
-1.3769e-15
8.73769e-16
3.73224e-21
-4.14044e-20
8.15033e-19
-1.78342e-17
5.89557e-16
6.26806e-15
3.66576e-15
-1.68255e-14
-1.79183e-15
9.46658e-16
4.43607e-21
-4.92758e-20
9.66034e-19
-2.10149e-17
6.9981e-16
8.06408e-15
9.75918e-15
-1.36256e-14
-2.35591e-15
1.06306e-15
4.83159e-21
-5.39498e-20
1.04405e-18
-2.27294e-17
7.78495e-16
9.66899e-15
1.70627e-14
-7.80859e-15
-2.99866e-15
1.11391e-15
1.53067e-22
-2.13258e-21
5.84399e-20
-1.93093e-18
1.24875e-16
1.9485e-15
6.77851e-15
3.68924e-15
-6.89817e-16
9.10497e-17
7.07441e-24
-1.8112e-22
8.06068e-21
8.57481e-19
-1.55576e-16
-1.25614e-15
3.26446e-15
1.19275e-14
3.22185e-16
-1.00608e-16
-3.60439e-22
1.01274e-20
-3.92649e-19
1.19198e-17
-8.36682e-17
1.72771e-14
1.76951e-13
2.1834e-13
-3.15246e-15
-1.47264e-15
-3.82458e-22
1.10255e-20
-4.46376e-19
1.36433e-17
-1.02315e-16
1.91691e-14
1.96028e-13
2.39297e-13
-3.91625e-15
-1.43873e-15
-4.10059e-22
1.19432e-20
-4.92739e-19
1.58267e-17
-2.57068e-16
1.71413e-14
1.90375e-13
2.36639e-13
-3.96379e-15
-1.2285e-15
-4.77092e-22
1.38926e-20
-5.76785e-19
1.90691e-17
-4.69012e-16
1.43729e-14
1.83533e-13
2.364e-13
-4.03239e-15
-1.11393e-15
-5.86199e-22
1.69505e-20
-7.02406e-19
2.34519e-17
-7.35902e-16
1.09469e-14
1.76191e-13
2.39221e-13
-4.16917e-15
-1.03838e-15
-7.46887e-22
2.13274e-20
-8.75786e-19
2.90498e-17
-1.05448e-15
6.77498e-15
1.67128e-13
2.42756e-13
-4.27075e-15
-9.92507e-16
-9.68878e-22
2.7221e-20
-1.10057e-18
3.58052e-17
-1.41739e-15
1.71311e-15
1.54291e-13
2.44317e-13
-4.18546e-15
-1.02024e-15
-1.17398e-21
3.21155e-20
-1.24622e-18
4.05524e-17
-1.77682e-15
-5.34172e-15
1.22004e-13
2.22857e-13
-3.41196e-15
-9.9475e-16
5.11231e-25
1.72058e-22
-1.52794e-20
3.04905e-18
-4.81681e-16
-6.47854e-15
-1.67764e-14
-6.15952e-16
9.23521e-16
-6.59779e-17
3.70322e-25
4.23063e-22
-1.61648e-19
1.8536e-18
2.59788e-16
-5.67586e-15
-9.22279e-14
-1.45998e-13
-4.23739e-17
9.62889e-16
-2.89592e-23
2.17649e-21
-1.98589e-20
-6.43492e-18
-5.84412e-15
-2.14845e-13
-1.62103e-12
-1.80354e-12
1.80456e-14
1.14966e-14
-2.34619e-23
2.08884e-21
-2.09566e-20
-7.37505e-18
-6.51e-15
-2.38723e-13
-1.79024e-12
-1.96924e-12
2.25639e-14
1.07123e-14
-2.02168e-23
2.09262e-21
-4.3912e-20
-1.02208e-17
-6.13276e-15
-2.35727e-13
-1.79294e-12
-1.97827e-12
2.37921e-14
8.50689e-15
-1.72572e-23
1.91119e-21
-4.22084e-20
-1.40081e-17
-5.60227e-15
-2.31807e-13
-1.80562e-12
-2.02099e-12
2.50432e-14
7.06727e-15
-1.21185e-23
1.38226e-21
-6.57493e-21
-1.90498e-17
-4.94179e-15
-2.27729e-13
-1.83339e-12
-2.10108e-12
2.70888e-14
5.97675e-15
-2.62063e-24
2.80786e-22
8.38838e-20
-2.58251e-17
-4.14279e-15
-2.22584e-13
-1.86746e-12
-2.20389e-12
2.98768e-14
5.1398e-15
1.29853e-23
-1.57581e-21
2.55242e-19
-3.48193e-17
-3.16119e-15
-2.14052e-13
-1.88902e-12
-2.30854e-12
3.28926e-14
4.77433e-15
2.65628e-23
-3.1995e-21
3.85149e-19
-4.31813e-17
-1.53802e-15
-1.83039e-13
-1.7491e-12
-2.24385e-12
3.34062e-14
4.35191e-15
7.64645e-25
7.91258e-22
-3.28781e-19
3.00179e-18
1.48645e-15
1.19688e-14
-3.57005e-14
-1.29773e-13
2.77341e-16
2.68479e-16
1.28936e-23
4.66645e-21
4.37126e-19
-2.14914e-18
2.27611e-15
1.09488e-13
1.01899e-12
1.44075e-12
-6.34404e-16
-2.36116e-14
-8.68263e-23
6.51062e-21
-1.32074e-18
1.51376e-16
6.03633e-14
1.72533e-12
1.22859e-11
1.36833e-11
-5.87585e-14
-3.06218e-13
-9.17166e-23
7.87891e-21
-1.49486e-18
1.69242e-16
6.7063e-14
1.90958e-12
1.34989e-11
1.48453e-11
-8.26278e-14
-2.68658e-13
-8.82913e-23
9.94254e-21
-1.2696e-18
1.73366e-16
6.70927e-14
1.92914e-12
1.36774e-11
1.50334e-11
-8.38183e-14
-1.99111e-13
-9.32237e-23
1.17593e-20
-9.71715e-19
1.7178e-16
6.69974e-14
1.95726e-12
1.39902e-11
1.55215e-11
-7.81284e-14
-1.46386e-13
-1.05904e-22
1.34536e-20
-6.18425e-19
1.66111e-16
6.69473e-14
1.99889e-12
1.44676e-11
1.63277e-11
-7.45861e-14
-1.04538e-13
-1.27592e-22
1.47133e-20
-2.45095e-19
1.57556e-16
6.67651e-14
2.04695e-12
1.50503e-11
1.73587e-11
-7.43165e-14
-7.11203e-14
-1.64936e-22
1.41392e-20
1.13835e-19
1.46591e-16
6.5861e-14
2.08236e-12
1.55989e-11
1.84604e-11
-7.54319e-14
-5.07295e-14
-1.82533e-22
1.34763e-20
6.35536e-19
1.30236e-16
5.91132e-14
1.95525e-12
1.50573e-11
1.84575e-11
-7.35892e-14
-4.05071e-14
2.4297e-23
1.0683e-20
1.21595e-18
-3.07456e-17
-1.07687e-15
7.66571e-14
1.04706e-12
1.7312e-12
-4.05187e-15
2.58503e-16
-5.07117e-23
-1.17207e-20
-1.2661e-19
-1.7766e-16
-3.12838e-14
-1.03155e-12
-8.99504e-12
-1.33178e-11
-2.58213e-15
-2.762e-13
9.18425e-23
2.13472e-20
1.6694e-17
-2.30596e-15
-4.2243e-13
-1.14289e-11
-8.40531e-11
-1.00902e-10
6.43201e-13
6.31223e-13
9.43366e-23
2.48099e-20
1.86411e-17
-2.54962e-15
-4.66868e-13
-1.25845e-11
-9.18007e-11
-1.0854e-10
7.85066e-13
1.46967e-13
6.27181e-23
1.87045e-20
1.83335e-17
-2.60341e-15
-4.7439e-13
-1.28245e-11
-9.35044e-11
-1.10386e-10
6.74494e-13
-5.65729e-13
5.49343e-23
9.07254e-21
1.80326e-17
-2.62347e-15
-4.83706e-13
-1.31589e-11
-9.62777e-11
-1.14537e-10
4.99337e-13
-9.76589e-13
6.69023e-23
-3.14888e-21
1.7729e-17
-2.61778e-15
-4.95713e-13
-1.36123e-11
-1.00271e-10
-1.21097e-10
3.43263e-13
-1.21646e-12
1.07603e-22
-1.7118e-20
1.74064e-17
-2.58372e-15
-5.08995e-13
-1.4139e-11
-1.05112e-10
-1.29441e-10
1.84466e-13
-1.40663e-12
2.27462e-22
-3.21427e-20
1.69705e-17
-2.50532e-15
-5.19424e-13
-1.46166e-11
-1.09883e-10
-1.38454e-10
-5.79709e-15
-1.44731e-12
2.76114e-22
-5.10612e-20
1.47075e-17
-2.30066e-15
-4.93604e-13
-1.41371e-11
-1.08143e-10
-1.40895e-10
-2.25021e-13
-1.38122e-12
-1.22667e-22
-3.51708e-20
-1.45306e-18
-8.80029e-17
-2.9427e-14
-1.17744e-12
-1.11414e-11
-1.77197e-11
-3.11475e-14
-6.11108e-13
1.74252e-23
1.98643e-20
1.50164e-18
2.0285e-15
2.41745e-13
7.64042e-12
7.09933e-11
1.22177e-10
2.32443e-11
-1.57698e-11
-1.83693e-22
-1.17662e-19
-4.31223e-17
1.84247e-14
2.37788e-12
6.64166e-11
5.38363e-10
7.52829e-10
1.6797e-11
2.11536e-10
-2.0573e-22
-1.35392e-19
-4.79783e-17
2.01487e-14
2.61117e-12
7.26926e-11
5.84067e-10
8.01891e-10
2.98371e-11
1.69799e-10
-1.93217e-22
-1.30329e-19
-4.76615e-17
2.05847e-14
2.66733e-12
7.43345e-11
5.96196e-10
8.16806e-10
3.91073e-11
1.05709e-10
-1.9698e-22
-1.32731e-19
-4.9053e-17
2.09199e-14
2.73833e-12
7.65898e-11
6.15333e-10
8.48807e-10
3.5006e-11
6.29033e-11
-2.15068e-22
-1.42071e-19
-5.19552e-17
2.1186e-14
2.82772e-12
7.95577e-11
6.42153e-10
8.98683e-10
2.32886e-11
3.79624e-11
-2.51018e-22
-1.56309e-19
-5.61096e-17
2.13416e-14
2.92749e-12
8.29865e-11
6.74445e-10
9.62003e-10
1.0662e-11
2.94356e-11
-3.27964e-22
-1.69834e-19
-6.11399e-17
2.12567e-14
3.01601e-12
8.62115e-11
7.067e-10
1.03086e-09
9.50477e-13
3.05744e-11
-3.55525e-22
-1.4764e-19
-5.94033e-17
2.02145e-14
2.92731e-12
8.45996e-11
7.0354e-10
1.06266e-09
-3.52369e-13
4.15202e-11
4.28618e-23
3.05469e-20
1.06494e-18
2.11455e-15
2.93437e-13
9.81446e-12
9.37305e-11
1.68754e-10
4.79324e-12
1.56077e-10
6.40231e-23
-3.38797e-19
-4.30693e-17
-1.40514e-14
-1.44871e-12
-4.7889e-11
-5.10613e-10
-1.10461e-09
6.95285e-09
-1.09067e-09
3.67284e-21
-2.23985e-18
-1.44993e-16
-1.03455e-13
-1.13096e-11
-3.40242e-10
-3.21399e-09
-5.66098e-09
3.08411e-08
1.24018e-08
4.04502e-21
-2.41305e-18
-1.52099e-16
-1.11986e-13
-1.23275e-11
-3.69785e-10
-3.46046e-09
-5.96052e-09
3.48158e-08
1.07165e-08
3.82492e-21
-2.44942e-18
-1.55118e-16
-1.14132e-13
-1.2603e-11
-3.78259e-10
-3.53137e-09
-6.06814e-09
3.38488e-08
7.28985e-09
3.80124e-21
-2.40455e-18
-1.48856e-16
-1.16084e-13
-1.2951e-11
-3.89783e-10
-3.64212e-09
-6.30636e-09
3.03803e-08
3.41508e-09
3.87257e-21
-2.2922e-18
-1.34311e-16
-1.17945e-13
-1.33829e-11
-4.04702e-10
-3.79558e-09
-6.67805e-09
2.58476e-08
-1.05165e-09
4.01674e-21
-2.12149e-18
-1.12379e-16
-1.19498e-13
-1.38637e-11
-4.21848e-10
-3.97972e-09
-7.15116e-09
2.10262e-08
-5.63208e-09
4.32719e-21
-1.89317e-18
-8.3173e-17
-1.2017e-13
-1.43029e-11
-4.38186e-10
-4.16547e-09
-7.67281e-09
1.62186e-08
-9.31276e-09
4.13993e-21
-1.68667e-18
-6.54892e-17
-1.1624e-13
-1.40319e-11
-4.33674e-10
-4.17951e-09
-8.00509e-09
1.14415e-08
-1.32134e-08
1.21448e-22
-2.9663e-19
-3.74368e-17
-1.63958e-14
-1.8682e-12
-6.35495e-11
-6.84819e-10
-1.54376e-09
2.40162e-09
-2.30036e-08
-3.54876e-21
2.51604e-18
3.78701e-16
7.4117e-14
7.10691e-12
2.61771e-10
3.44422e-09
1.18725e-08
3.50581e-07
7.06357e-07
-4.6033e-20
1.86428e-17
2.0881e-15
4.63772e-13
4.55125e-11
1.54969e-09
1.82696e-08
5.14694e-08
1.58538e-06
3.95086e-07
-5.04925e-20
2.0052e-17
2.21755e-15
4.9777e-13
4.92073e-11
1.67113e-09
1.95123e-08
5.4129e-08
1.72167e-06
5.86315e-07
-5.004e-20
2.02017e-17
2.23311e-15
5.05144e-13
5.02047e-11
1.70584e-09
1.98632e-08
5.45765e-08
1.65262e-06
8.64247e-07
-5.03323e-20
2.00669e-17
2.2163e-15
5.12272e-13
5.14517e-11
1.75259e-09
2.04161e-08
5.55081e-08
1.51749e-06
1.16417e-06
-5.09701e-20
1.97087e-17
2.17184e-15
5.195e-13
5.29819e-11
1.81256e-09
2.11828e-08
5.72188e-08
1.35336e-06
1.47515e-06
-5.18112e-20
1.91542e-17
2.10185e-15
5.26104e-13
5.46789e-11
1.88126e-09
2.21041e-08
5.96397e-08
1.18187e-06
1.75556e-06
-5.31656e-20
1.83842e-17
2.00435e-15
5.30278e-13
5.62472e-11
1.94727e-09
2.30455e-08
6.25092e-08
1.00806e-06
1.93954e-06
-5.09118e-20
1.71758e-17
1.88359e-15
5.17093e-13
5.54908e-11
1.93659e-09
2.32318e-08
6.44829e-08
8.00726e-07
2.10397e-06
-4.30311e-21
2.42598e-18
3.74145e-16
8.75561e-14
9.16727e-12
3.45114e-10
4.56109e-09
1.46362e-08
1.55133e-07
1.53593e-06
2.78887e-20
-9.47484e-18
-1.92728e-15
-3.06641e-13
-2.8306e-11
-1.20462e-09
-2.08681e-08
-3.61455e-08
8.11178e-06
-4.79211e-05
2.64443e-19
-6.72699e-17
-1.06794e-14
-1.63579e-12
-1.50424e-10
-6.02095e-09
-9.50838e-08
-9.60688e-08
3.30274e-05
-7.50436e-05
2.89522e-19
-7.20225e-17
-1.13053e-14
-1.73997e-12
-1.61149e-10
-6.43934e-09
-1.00693e-07
-8.63379e-08
3.51827e-05
-8.66226e-05
2.90736e-19
-7.1801e-17
-1.12888e-14
-1.75407e-12
-1.63647e-10
-6.54458e-09
-1.02064e-07
-1.02083e-07
3.37279e-05
-9.49927e-05
2.93316e-19
-7.09888e-17
-1.11855e-14
-1.7666e-12
-1.66685e-10
-6.68474e-09
-1.04397e-07
-1.35341e-07
3.15457e-05
-0.000101347
2.96795e-19
-6.98136e-17
-1.10189e-14
-1.77906e-12
-1.70378e-10
-6.86449e-09
-1.07702e-07
-1.80543e-07
2.9057e-05
-0.000106005
3.00678e-19
-6.83825e-17
-1.08015e-14
-1.79035e-12
-1.74462e-10
-7.07039e-09
-1.11692e-07
-2.32831e-07
2.6487e-05
-0.000108486
3.05038e-19
-6.67058e-17
-1.054e-14
-1.7976e-12
-1.78273e-10
-7.27059e-09
-1.15854e-07
-2.89597e-07
2.38904e-05
-0.000107089
2.93496e-19
-6.29749e-17
-1.0059e-14
-1.75673e-12
-1.76184e-10
-7.23955e-09
-1.17016e-07
-3.48937e-07
2.04358e-05
-0.000102948
3.28261e-20
-8.97463e-18
-1.9071e-15
-3.49336e-13
-3.52284e-11
-1.53566e-09
-2.6915e-08
-1.00241e-07
4.65561e-06
-4.65036e-05
-1.12025e-19
6.07127e-17
1.03902e-14
1.07971e-12
8.63535e-11
4.42282e-09
1.25232e-07
2.46144e-06
0.000146876
0.000972914
-8.98726e-19
3.84035e-16
5.3492e-14
4.92957e-12
3.79968e-10
1.86501e-08
4.9791e-07
9.14509e-06
0.000511345
0.00254032
-9.88149e-19
4.09417e-16
5.65048e-14
5.1982e-12
4.02724e-10
1.97734e-08
5.24538e-07
9.50576e-06
0.000533246
0.0025895
-1.00072e-18
4.06767e-16
5.61827e-14
5.19876e-12
4.05857e-10
1.99549e-08
5.25609e-07
9.22905e-06
0.000512298
0.00242925
-1.01742e-18
4.02364e-16
5.56091e-14
5.18808e-12
4.09199e-10
2.01748e-08
5.28138e-07
8.92809e-06
0.000486798
0.00224829
-1.03789e-18
3.97478e-16
5.49212e-14
5.17399e-12
4.13233e-10
2.04598e-08
5.33113e-07
8.65056e-06
0.000460676
0.00206788
-1.06022e-18
3.92603e-16
5.41853e-14
5.15868e-12
4.17735e-10
2.0792e-08
5.40387e-07
8.42197e-06
0.000434882
0.00189365
-1.08293e-18
3.88016e-16
5.34732e-14
5.14442e-12
4.22089e-10
2.1121e-08
5.48536e-07
8.23789e-06
0.000409624
0.00174054
-1.04915e-18
3.70971e-16
5.14794e-14
5.02007e-12
4.16074e-10
2.09321e-08
5.45086e-07
7.90564e-06
0.000372257
0.0015341
-1.40035e-19
5.95315e-17
1.03451e-14
1.15531e-12
1.00033e-10
5.25727e-09
1.43855e-07
2.13024e-06
9.85554e-05
0.000475743
-2.74094e-18
-7.90084e-16
-6.48284e-14
-3.48163e-12
-1.69187e-10
-8.42519e-09
-2.69354e-07
1.49237e-05
0.00136234
0.0155282
-1.74855e-17
-4.20407e-15
-2.88855e-13
-1.33204e-11
-5.86963e-10
-2.82945e-08
-8.92348e-07
5.78201e-05
0.00389537
0.0312654
-1.87081e-17
-4.46123e-15
-3.03455e-13
-1.39051e-11
-6.11796e-10
-2.96e-08
-9.3946e-07
5.98575e-05
0.00403135
0.0321746
-1.87018e-17
-4.44143e-15
-3.00955e-13
-1.37837e-11
-6.08471e-10
-2.97252e-08
-9.7392e-07
5.56685e-05
0.00390195
0.0315566
-1.86811e-17
-4.40874e-15
-2.97317e-13
-1.36069e-11
-6.02976e-10
-2.98258e-08
-1.02067e-06
5.03559e-05
0.00375849
0.0308609
-1.86848e-17
-4.3752e-15
-2.93403e-13
-1.3412e-11
-5.96615e-10
-2.99247e-08
-1.07508e-06
4.46311e-05
0.00362485
0.0302667
-1.87177e-17
-4.34518e-15
-2.89696e-13
-1.32241e-11
-5.9033e-10
-3.00293e-08
-1.13356e-06
3.8735e-05
0.0035028
0.0298102
-1.87813e-17
-4.32254e-15
-2.86783e-13
-1.30792e-11
-5.85607e-10
-3.0171e-08
-1.19363e-06
3.28837e-05
0.00339302
0.0294471
-1.82257e-17
-4.18041e-15
-2.78078e-13
-1.27408e-11
-5.73172e-10
-2.98555e-08
-1.23619e-06
2.55428e-05
0.00317478
0.0282622
-2.96397e-18
-8.14554e-16
-6.45267e-14
-3.44309e-12
-1.71659e-10
-9.3167e-09
-3.98089e-07
3.82527e-06
0.00100159
0.0132414
1.83075e-18
4.46381e-16
3.87416e-14
3.03459e-12
2.75269e-10
2.88557e-08
3.02229e-06
0.000240714
0.00975439
0.112511
5.80956e-18
9.98975e-16
7.35015e-14
7.03371e-12
7.53217e-10
8.48677e-08
9.36995e-06
0.000755312
0.0240341
0.195287
5.62814e-18
9.3201e-16
6.88838e-14
6.98057e-12
7.67571e-10
8.74211e-08
9.69965e-06
0.000781145
0.024776
0.199486
5.02938e-18
7.98473e-16
5.99029e-14
6.51285e-12
7.38298e-10
8.51357e-08
9.49138e-06
0.00076425
0.0244058
0.197617
4.30358e-18
6.36001e-16
4.89485e-14
5.92768e-12
6.99976e-10
8.20054e-08
9.22288e-06
0.000747117
0.0240929
0.196153
3.53457e-18
4.66383e-16
3.77691e-14
5.32939e-12
6.59262e-10
7.85671e-08
8.94045e-06
0.000732248
0.023888
0.195341
2.80462e-18
3.11346e-16
2.8079e-14
4.81419e-12
6.2173e-10
7.51849e-08
8.66484e-06
0.000720214
0.0237957
0.195221
2.20376e-18
1.93387e-16
2.15645e-14
4.47195e-12
5.92398e-10
7.21877e-08
8.41609e-06
0.000711897
0.0238257
0.195791
1.85979e-18
1.5016e-16
2.05237e-14
4.32719e-12
5.65095e-10
6.84872e-08
8.03015e-06
0.00068989
0.0233594
0.192696
1.00236e-18
2.1635e-16
1.95624e-14
1.89132e-12
2.00637e-10
2.30211e-08
2.57276e-06
0.000216317
0.00931917
0.110159
7.05183e-18
2.1142e-15
2.08251e-13
1.44273e-11
9.91134e-10
7.77808e-08
6.19965e-06
0.000377234
0.0125149
0.139415
3.84073e-17
9.74e-15
8.13501e-13
4.97229e-11
3.1887e-09
2.44364e-07
1.95489e-05
0.00115416
0.0298908
0.236464
4.0108e-17
1.00681e-14
8.31198e-13
5.05671e-11
3.25691e-09
2.51571e-07
2.02242e-05
0.00119285
0.0307706
0.24105
3.88799e-17
9.70478e-15
7.96661e-13
4.85161e-11
3.1521e-09
2.46074e-07
1.98972e-05
0.0011742
0.0304722
0.239799
3.73428e-17
9.24274e-15
7.5307e-13
4.59285e-11
3.01698e-09
2.3875e-07
1.94967e-05
0.00115772
0.0302968
0.239359
3.56373e-17
8.71926e-15
7.03432e-13
4.29762e-11
2.86222e-09
2.30397e-07
1.90803e-05
0.00114564
0.0302791
0.239856
3.38181e-17
8.15225e-15
6.49525e-13
3.97673e-11
2.69377e-09
2.21332e-07
1.86598e-05
0.00113805
0.0304137
0.241234
3.19633e-17
7.56601e-15
5.93825e-13
3.64528e-11
2.51946e-09
2.11933e-07
1.82486e-05
0.00113548
0.0307077
0.243475
2.9278e-17
6.81205e-15
5.27937e-13
3.26016e-11
2.30795e-09
1.99174e-07
1.75276e-05
0.00111355
0.0304708
0.241976
5.63493e-18
1.58847e-15
1.4817e-13
1.02707e-11
7.53275e-10
6.48995e-08
5.60645e-06
0.000361624
0.0126809
0.143059
9.9055e-18
3.28423e-15
3.59175e-13
2.6376e-11
1.7803e-09
1.28235e-07
8.9826e-06
0.000466923
0.0135912
0.145254
6.17529e-17
1.77275e-14
1.67578e-12
1.07553e-10
6.5132e-09
4.37053e-07
2.94269e-05
0.00142646
0.0321117
0.244544
6.65217e-17
1.9015e-14
1.78737e-12
1.14125e-10
6.88481e-09
4.60705e-07
3.08954e-05
0.00148595
0.0331388
0.249306
6.65173e-17
1.90373e-14
1.79053e-12
1.14421e-10
6.90914e-09
4.62434e-07
3.09263e-05
0.00147885
0.0329749
0.248468
6.64306e-17
1.90254e-14
1.79024e-12
1.14511e-10
6.92098e-09
4.6349e-07
3.09725e-05
0.00147809
0.0329812
0.24859
6.65222e-17
1.90543e-14
1.79323e-12
1.14793e-10
6.94298e-09
4.65319e-07
3.11231e-05
0.00148673
0.0331962
0.249752
6.68553e-17
1.91449e-14
1.80163e-12
1.15397e-10
6.98149e-09
4.68219e-07
3.13896e-05
0.00150496
0.0336133
0.251858
6.74909e-17
1.93158e-14
1.81737e-12
1.1644e-10
7.0418e-09
4.72372e-07
3.178e-05
0.00153361
0.0342405
0.254868
6.63732e-17
1.90592e-14
1.80086e-12
1.15832e-10
7.01635e-09
4.70904e-07
3.17786e-05
0.00154369
0.0343894
0.254358
1.06163e-17
3.53735e-15
3.8899e-13
2.88191e-11
1.95792e-09
1.41546e-07
9.89721e-06
0.000510246
0.0146787
0.152539
9.19694e-18
3.23477e-15
3.75956e-13
2.91305e-11
2.0351e-09
1.47003e-07
9.96355e-06
0.000487365
0.0137211
0.147713
5.63484e-17
1.70347e-14
1.70157e-12
1.14744e-10
7.18682e-09
4.85547e-07
3.16815e-05
0.0014465
0.0320824
0.247698
5.95101e-17
1.78215e-14
1.76248e-12
1.17962e-10
7.37038e-09
4.99026e-07
3.26265e-05
0.00148675
0.0329496
0.252661
5.80934e-17
1.73347e-14
1.7083e-12
1.14183e-10
7.1523e-09
4.86844e-07
3.19451e-05
0.00145688
0.0325872
0.252013
5.63971e-17
1.67535e-14
1.64467e-12
1.09805e-10
6.89905e-09
4.72685e-07
3.12119e-05
0.0014305
0.0323591
0.252364
5.4603e-17
1.61323e-14
1.57678e-12
1.05156e-10
6.63028e-09
4.57811e-07
3.05007e-05
0.00140997
0.0322993
0.253789
5.27263e-17
1.54837e-14
1.50663e-12
1.00399e-10
6.35558e-09
4.42664e-07
2.98218e-05
0.00139508
0.0323977
0.256189
5.08279e-17
1.48377e-14
1.43836e-12
9.5857e-11
6.09405e-09
4.28174e-07
2.92098e-05
0.001387
0.0326677
0.259525
4.73923e-17
1.38084e-14
1.34032e-12
8.97684e-11
5.75088e-09
4.08085e-07
2.81994e-05
0.00136081
0.0324904
0.259526
7.5708e-18
2.56641e-15
2.89896e-13
2.23107e-11
1.59481e-09
1.21145e-07
8.67773e-06
0.000445214
0.0136274
0.155956
9.92145e-18
3.82644e-15
4.8652e-13
4.06452e-11
2.96216e-09
2.12702e-07
1.37104e-05
0.000615225
0.015297
0.151845
6.65747e-17
2.2319e-14
2.4652e-12
1.80183e-10
1.16988e-08
7.71694e-07
4.6652e-05
0.00188447
0.0357436
0.252175
7.28917e-17
2.43003e-14
2.66699e-12
1.93848e-10
1.25414e-08
8.25749e-07
4.97423e-05
0.0019895
0.0371877
0.257476
7.3434e-17
2.4479e-14
2.68575e-12
1.95289e-10
1.26562e-08
8.35064e-07
5.02742e-05
0.00200074
0.0372588
0.257079
7.37727e-17
2.45705e-14
2.69371e-12
1.95929e-10
1.27212e-08
8.41838e-07
5.07676e-05
0.0020175
0.0374903
0.257689
7.41674e-17
2.46543e-14
2.69863e-12
1.9626e-10
1.27656e-08
8.47926e-07
5.13335e-05
0.00204338
0.0379212
0.259365
7.45516e-17
2.47053e-14
2.69735e-12
1.96013e-10
1.27696e-08
8.51932e-07
5.18907e-05
0.00207569
0.038514
0.261967
7.48231e-17
2.46861e-14
2.68529e-12
1.94812e-10
1.27051e-08
8.51764e-07
5.23192e-05
0.00211141
0.0392383
0.265415
7.30891e-17
2.40548e-14
2.61283e-12
1.89683e-10
1.2412e-08
8.37603e-07
5.19779e-05
0.00212214
0.0394863
0.26574
1.12287e-17
4.29474e-15
5.42458e-13
4.53789e-11
3.34623e-09
2.45543e-07
1.61144e-05
0.000720665
0.0173782
0.162447
7.37751e-18
3.03946e-15
4.11956e-13
3.62772e-11
2.72101e-09
1.94568e-07
1.21585e-05
0.000530707
0.0140746
0.157644
4.82871e-17
1.73604e-14
2.05139e-12
1.58175e-10
1.05294e-08
6.86088e-07
3.98104e-05
0.00156871
0.032757
0.261015
5.20241e-17
1.86125e-14
2.18692e-12
1.67673e-10
1.11105e-08
7.21494e-07
4.16428e-05
0.00162544
0.0337837
0.267087
5.15901e-17
1.84816e-14
2.17366e-12
1.66809e-10
1.10666e-08
7.1934e-07
4.14337e-05
0.00160815
0.0335347
0.267106
5.1201e-17
1.83734e-14
2.1644e-12
1.6637e-10
1.10574e-08
7.20013e-07
4.14599e-05
0.00160399
0.0335308
0.268296
5.1093e-17
1.83695e-14
2.16817e-12
1.67005e-10
1.11238e-08
7.26122e-07
4.18672e-05
0.00161777
0.033842
0.270783
5.13286e-17
1.84974e-14
2.18871e-12
1.69032e-10
1.12885e-08
7.39174e-07
4.27449e-05
0.00165289
0.03451
0.274501
5.20084e-17
1.88009e-14
2.23197e-12
1.7296e-10
1.15869e-08
7.61496e-07
4.42361e-05
0.0017157
0.0356189
0.279432
5.20523e-17
1.8952e-14
2.26623e-12
1.76825e-10
1.1913e-08
7.86586e-07
4.59198e-05
0.00178649
0.0365976
0.281209
7.46816e-18
3.14339e-15
4.3579e-13
3.92798e-11
3.01295e-09
2.20006e-07
1.38513e-05
0.000593826
0.0156623
0.173167
6.23432e-18
2.7001e-15
3.86844e-13
3.62925e-11
2.90677e-09
2.19607e-07
1.42932e-05
0.000633635
0.015471
0.157589
4.14852e-17
1.56838e-14
1.96469e-12
1.62442e-10
1.1646e-08
8.06864e-07
4.87273e-05
0.0019116
0.0355851
0.257789
4.50503e-17
1.69329e-14
2.10882e-12
1.73506e-10
1.2399e-08
8.57453e-07
5.15651e-05
0.00200098
0.0368097
0.262883
4.46102e-17
1.67776e-14
2.09134e-12
1.72317e-10
1.23396e-08
8.55022e-07
5.13644e-05
0.00198289
0.0365076
0.261853
4.38963e-17
1.65174e-14
2.06107e-12
1.70109e-10
1.22082e-08
8.4792e-07
5.09562e-05
0.00196243
0.0362557
0.261697
4.31123e-17
1.62262e-14
2.02665e-12
1.67535e-10
1.20471e-08
8.38829e-07
5.0489e-05
0.00194412
0.0361031
0.262515
4.22214e-17
1.58914e-14
1.98648e-12
1.64422e-10
1.1839e-08
8.26111e-07
4.98464e-05
0.00192355
0.0359907
0.264154
4.11812e-17
1.54992e-14
1.93863e-12
1.60551e-10
1.15602e-08
8.07491e-07
4.88735e-05
0.00189614
0.0358775
0.266592
3.93471e-17
1.48567e-14
1.86572e-12
1.55034e-10
1.11793e-08
7.81681e-07
4.74693e-05
0.00185582
0.0354965
0.26691
5.85583e-18
2.54184e-15
3.66886e-13
3.48346e-11
2.82802e-09
2.16741e-07
1.41521e-05
0.000615467
0.0153396
0.164602
6.55171e-18
3.06412e-15
4.68922e-13
4.60674e-11
3.74564e-09
2.76796e-07
1.71786e-05
0.000729564
0.0181438
0.197764
4.36604e-17
1.78261e-14
2.38321e-12
2.0597e-10
1.49469e-08
1.0073e-06
5.75815e-05
0.00216903
0.0420422
0.317579
4.74711e-17
1.92545e-14
2.55645e-12
2.1964e-10
1.588e-08
1.06843e-06
6.08716e-05
0.00227202
0.0438336
0.32794
4.68257e-17
1.89855e-14
2.52015e-12
2.16681e-10
1.57023e-08
1.05991e-06
6.04504e-05
0.00224906
0.0436068
0.329616
4.60009e-17
1.86427e-14
2.47483e-12
2.13087e-10
1.54932e-08
1.05086e-06
6.01511e-05
0.00223818
0.0436371
0.332427
4.51962e-17
1.83005e-14
2.42933e-12
2.09532e-10
1.5297e-08
1.0442e-06
6.0149e-05
0.00224544
0.0440182
0.336549
4.43667e-17
1.79416e-14
2.38143e-12
2.05827e-10
1.51008e-08
1.03928e-06
6.04419e-05
0.00227278
0.0447907
0.341869
4.34544e-17
1.75488e-14
2.32956e-12
2.0189e-10
1.49017e-08
1.03618e-06
6.10778e-05
0.00232512
0.0460391
0.348258
4.20035e-17
1.69408e-14
2.24958e-12
1.95662e-10
1.45575e-08
1.02538e-06
6.14824e-05
0.00237869
0.0470533
0.350076
5.99963e-18
2.79744e-15
4.29059e-13
4.27744e-11
3.5909e-09
2.78572e-07
1.8143e-05
0.000787448
0.0203141
0.223052
4.12914e-18
2.09813e-15
3.4765e-13
3.65505e-11
3.10889e-09
2.33627e-07
1.44363e-05
0.000589533
0.0121942
0.0931812
3.02495e-17
1.34716e-14
1.95696e-12
1.81328e-10
1.37395e-08
9.34489e-07
5.23841e-05
0.00184353
0.0289234
0.154401
3.39918e-17
1.50718e-14
2.1787e-12
2.00964e-10
1.51781e-08
1.0301e-06
5.74664e-05
0.00199659
0.0310754
0.163729
3.42793e-17
1.5225e-14
2.20428e-12
2.03724e-10
1.54287e-08
1.05007e-06
5.85838e-05
0.00202641
0.0317236
0.168819
3.44413e-17
1.53241e-14
2.22276e-12
2.05923e-10
1.56445e-08
1.06828e-06
5.96453e-05
0.00205717
0.0324206
0.174429
3.46849e-17
1.5456e-14
2.24582e-12
2.08561e-10
1.58963e-08
1.08947e-06
6.09278e-05
0.00209758
0.0332697
0.180746
3.49932e-17
1.56127e-14
2.27204e-12
2.11471e-10
1.61689e-08
1.11251e-06
6.23794e-05
0.00214655
0.0342485
0.187542
3.52899e-17
1.57605e-14
2.29645e-12
2.14171e-10
1.64234e-08
1.13465e-06
6.38734e-05
0.00220302
0.0353751
0.194871
3.62314e-17
1.62189e-14
2.36784e-12
2.21303e-10
1.70157e-08
1.17962e-06
6.66315e-05
0.00230238
0.0368222
0.2003
5.0911e-18
2.62559e-15
4.41418e-13
4.72486e-11
4.11297e-09
3.16961e-07
1.97542e-05
0.000781118
0.0164544
0.129696
0.0648913
0.200304
0.382171
0.722633
0.957412
1.07436
1.0068
0.970942
0.988385
1.01223
0.10879
0.29907
0.494914
0.841919
0.991001
1.06346
0.988607
0.978658
0.991678
1.0102
0.110472
0.301576
0.495978
0.84158
0.988893
1.06307
0.990194
0.978972
0.990571
1.01052
0.109708
0.299447
0.493421
0.838263
0.987357
1.06338
0.991286
0.978725
0.990095
1.01075
0.10944
0.298549
0.492841
0.83699
0.986767
1.06345
0.991743
0.978579
0.989937
1.01084
0.109676
0.29895
0.49404
0.837512
0.98693
1.06325
0.991762
0.978615
0.989934
1.01083
0.110384
0.300599
0.496883
0.839717
0.987804
1.06282
0.991346
0.978829
0.990082
1.01071
0.111637
0.303506
0.501443
0.843785
0.98955
1.06219
0.990296
0.979138
0.990542
1.01047
0.111011
0.3031
0.503265
0.845957
0.991741
1.06224
0.988669
0.978969
0.991602
1.01014
0.0658151
0.202979
0.389927
0.728579
0.959508
1.07308
1.00648
0.971375
0.988376
1.01211
0.361692
0.640358
0.81293
0.991909
1.01668
1.00328
0.990496
0.983272
1.00683
0.99982
0.500513
0.771358
0.872423
1.01792
0.998468
1.00171
0.989121
0.987505
1.00723
0.998434
0.504595
0.773588
0.871696
1.01739
0.998083
1.00242
0.989547
0.986999
1.00705
0.99857
0.501567
0.770357
0.870037
1.01672
0.99856
1.00272
0.989664
0.986663
1.00704
0.998647
0.500016
0.768662
0.869454
1.01635
0.998792
1.00284
0.989689
0.98653
1.00706
0.998663
0.500013
0.76856
0.869749
1.01625
0.998782
1.00286
0.989684
0.986548
1.00707
0.998647
0.501519
0.770028
0.870848
1.01641
0.998545
1.00278
0.989651
0.986706
1.00705
0.9986
0.504724
0.77313
0.872902
1.01689
0.998076
1.00252
0.989528
0.987065
1.00707
0.998496
0.502774
0.772506
0.874198
1.01744
0.998154
1.00198
0.989048
0.987621
1.00723
0.998339
0.363148
0.642497
0.815048
0.992265
1.01594
1.00348
0.990496
0.983373
1.00686
0.999702
0.449436
0.723124
0.884013
1.00437
1.01141
0.991336
0.994534
0.98503
1.00798
0.99857
0.605293
0.841515
0.927449
1.01199
0.995014
0.992271
0.995219
0.987244
1.00892
0.997086
0.609268
0.842647
0.9264
1.01152
0.994888
0.993078
0.995336
0.986727
1.00889
0.997184
0.606578
0.840079
0.925221
1.01136
0.995366
0.993267
0.995315
0.986448
1.00894
0.997225
0.6057
0.83914
0.924787
1.01131
0.995541
0.993355
0.995289
0.986332
1.009
0.99721
0.606598
0.839605
0.924857
1.01132
0.995466
0.99342
0.995285
0.986317
1.00904
0.997171
0.609164
0.841386
0.925388
1.0114
0.99516
0.993455
0.9953
0.986405
1.00906
0.997112
0.613451
0.844652
0.926604
1.0116
0.994558
0.993387
0.995306
0.986661
1.00907
0.997007
0.613095
0.845457
0.927672
1.01212
0.994332
0.992859
0.995103
0.987196
1.00913
0.996865
0.457936
0.729894
0.885862
1.0046
1.01046
0.991721
0.994673
0.984863
1.00824
0.99834
0.461801
0.728286
0.887134
1.00167
1.01191
0.991616
0.995596
0.984341
1.00744
0.998948
0.617863
0.843475
0.929836
1.00883
0.996589
0.992055
0.996206
0.986352
1.00866
0.997393
0.621887
0.844416
0.928772
1.00834
0.99646
0.992874
0.996343
0.98584
1.00862
0.997493
0.619611
0.842019
0.927631
1.00818
0.996925
0.99306
0.996357
0.985544
1.00867
0.997525
0.619253
0.841271
0.927234
1.00811
0.997097
0.993132
0.996365
0.985401
1.00876
0.997494
0.620706
0.8419
0.927321
1.00812
0.997027
0.993173
0.996394
0.985356
1.00884
0.997435
0.623823
0.843794
0.927846
1.00821
0.996738
0.993181
0.996435
0.985414
1.00889
0.997354
0.628609
0.847139
0.929032
1.00844
0.996151
0.993081
0.996458
0.985637
1.00895
0.997224
0.629047
0.848409
0.930067
1.00902
0.995902
0.992539
0.996256
0.986141
1.00906
0.997056
0.474474
0.737207
0.889412
1.00186
1.01104
0.991823
0.995944
0.983994
1.00788
0.998607
0.466307
0.727509
0.886452
0.99993
1.01291
0.991898
0.996209
0.983592
1.00754
0.998935
0.621034
0.841196
0.929609
1.00766
0.997879
0.992005
0.996696
0.985616
1.00891
0.997307
0.62522
0.842068
0.928639
1.0071
0.997791
0.992788
0.996891
0.98508
1.00887
0.997395
0.623253
0.839694
0.927599
1.0068
0.998337
0.992919
0.996977
0.984739
1.00896
0.997405
0.623238
0.83895
0.927344
1.0066
0.998617
0.992907
0.997064
0.984541
1.0091
0.997346
0.625044
0.839558
0.927601
1.00646
0.998679
0.992842
0.99718
0.984434
1.00923
0.997253
0.628499
0.841393
0.928319
1.00639
0.998546
0.99272
0.997317
0.984425
1.00934
0.997133
0.633573
0.844651
0.929716
1.00645
0.998138
0.992467
0.997442
0.984575
1.00948
0.99696
0.634449
0.845979
0.93094
1.00686
0.998066
0.991782
0.997322
0.985005
1.00967
0.996754
0.482066
0.736556
0.890389
0.99892
1.01301
0.991365
0.99713
0.982853
1.00833
0.998386
0.474111
0.730975
0.88819
0.9994
1.01367
0.991054
0.997324
0.982611
1.00861
0.998253
0.628021
0.842457
0.930735
1.00735
0.998458
0.991395
0.997721
0.984653
1.01011
0.996505
0.632461
0.843422
0.929691
1.00696
0.998256
0.992265
0.997886
0.984123
1.0101
0.996567
0.630787
0.841252
0.928588
1.00681
0.998698
0.99247
0.997956
0.983775
1.01023
0.996546
0.631084
0.840697
0.928251
1.00679
0.998849
0.992557
0.998015
0.983577
1.01041
0.996453
0.633213
0.841469
0.928403
1.00687
0.998747
0.992624
0.998081
0.983484
1.01057
0.996327
0.636999
0.843421
0.928996
1.00705
0.998408
0.992675
0.998142
0.983505
1.01071
0.996173
0.642398
0.846724
0.930258
1.00738
0.997749
0.992645
0.998152
0.983708
1.01087
0.995971
0.643667
0.848265
0.931255
1.00815
0.997332
0.992254
0.997863
0.984228
1.01104
0.995754
0.49246
0.742381
0.890771
1.00047
1.01228
0.991518
0.997907
0.981914
1.00966
0.997475
0.487179
0.736205
0.896194
0.995771
1.01747
0.986556
1.00064
0.980347
1.01135
0.996573
0.639837
0.845157
0.936763
1.00295
1.0025
0.986672
1.00179
0.981828
1.01335
0.994476
0.644621
0.845981
0.936087
1.0021
1.00282
0.987081
1.00231
0.981038
1.01357
0.99442
0.643302
0.843738
0.935456
1.00146
1.00382
0.986779
1.00278
0.980408
1.01393
0.994278
0.643921
0.843106
0.935552
1.0009
1.00456
0.986317
1.00329
0.979888
1.01437
0.994046
0.646306
0.843833
0.936078
1.00043
1.00509
0.98579
1.00388
0.979424
1.01484
0.993762
0.650241
0.845809
0.936943
1.00009
1.00541
0.9852
1.00453
0.979018
1.01533
0.993429
0.655629
0.849246
0.938328
0.999961
1.00539
0.984503
1.0052
0.978739
1.01587
0.993023
0.656926
0.851052
0.939407
1.00029
1.00561
0.983444
1.00557
0.978781
1.01641
0.992616
0.508178
0.747449
0.902517
0.99174
1.02149
0.982365
1.00505
0.977018
1.01445
0.994736
0.506586
0.743311
0.89799
0.998931
1.01489
0.986885
1.0001
0.980072
1.01356
0.994922
0.658961
0.846644
0.936833
1.00569
0.998266
0.98875
0.999965
0.982636
1.01491
0.992879
0.664913
0.847205
0.936208
1.00505
0.998181
0.989564
1.00013
0.982036
1.01509
0.99281
0.66466
0.844817
0.93571
1.0045
0.998882
0.989575
1.00033
0.981559
1.01542
0.992656
0.666405
0.843806
0.936013
1.00391
0.99936
0.989438
1.00055
0.981228
1.01579
0.992422
0.669991
0.843878
0.936871
1.00325
0.999668
0.989242
1.00079
0.980996
1.01615
0.992148
0.675209
0.844843
0.938254
1.00252
0.999842
0.988964
1.00108
0.980865
1.0165
0.991841
0.681917
0.846851
0.940379
1.00173
0.999799
0.988539
1.00136
0.980912
1.01684
0.991483
0.684177
0.847481
0.942075
1.00146
0.999928
0.987798
1.0013
0.981339
1.0171
0.991172
0.536656
0.751649
0.906289
0.994912
1.01632
0.985647
1.00211
0.978237
1.01611
0.993087
0.47898
0.709565
0.834898
1.00405
1.00973
1.00132
0.996273
0.976974
1.01438
0.994694
0.612439
0.82131
0.877832
1.03033
0.986074
1.00523
0.99147
0.982539
1.01509
0.992486
0.620159
0.823836
0.876863
1.03026
0.985387
1.00581
0.992369
0.981421
1.01567
0.992133
0.621573
0.822258
0.875521
1.03005
0.985583
1.00582
0.993092
0.980414
1.01643
0.991715
0.62459
0.822308
0.874814
1.03036
0.985226
1.00588
0.993569
0.979687
1.01721
0.991217
0.62906
0.823791
0.874515
1.03114
0.984355
1.00606
0.993893
0.97915
1.01799
0.990652
0.634586
0.826556
0.874369
1.03246
0.982908
1.00644
0.994004
0.97883
1.01876
0.990022
0.640737
0.830639
0.874411
1.03456
0.980716
1.00703
0.993745
0.978864
1.01951
0.989325
0.641854
0.832089
0.873718
1.0372
0.97859
1.00772
0.992845
0.979326
1.0202
0.98869
0.518027
0.727625
0.836068
1.01028
1.00512
0.999999
1.00103
0.971626
1.02076
0.99046
0.107894
0.296926
0.395783
0.783752
0.938276
1.08484
0.999992
0.974127
0.987629
1.01191
0.161122
0.409766
0.490883
0.906564
0.957074
1.08207
0.977444
0.984386
0.989391
1.01041
0.16586
0.415981
0.491478
0.907971
0.953717
1.08247
0.978546
0.984882
0.988202
1.01074
0.167489
0.417762
0.488983
0.90695
0.95104
1.08346
0.979215
0.984816
0.987656
1.01097
0.170074
0.421039
0.488583
0.907908
0.949178
1.08424
0.979203
0.984892
0.987406
1.01107
0.173542
0.425801
0.489941
0.910507
0.947973
1.08479
0.978738
0.985161
0.987306
1.01106
0.177832
0.431707
0.492902
0.914451
0.94745
1.08512
0.97785
0.985601
0.987359
1.01094
0.182697
0.43841
0.497376
0.919911
0.947786
1.08523
0.976336
0.986145
0.98772
1.01069
0.184884
0.442087
0.499145
0.92418
0.948497
1.08603
0.974232
0.986278
0.98863
1.01038
0.12986
0.330741
0.404647
0.807639
0.931009
1.08833
0.996755
0.975868
0.987165
1.01174
3.85371e-19
2.24943e-16
4.22995e-14
4.88989e-12
4.31659e-10
3.13608e-08
1.80687e-06
7.43329e-05
0.00113566
0.0145679
3.33368e-18
1.72748e-15
2.88633e-13
2.9796e-11
2.37052e-09
1.5709e-07
8.28021e-06
0.000292726
0.00407696
0.0306122
4.13778e-18
2.13597e-15
3.55473e-13
3.65941e-11
2.91092e-09
1.93405e-07
1.02085e-05
0.000353921
0.00500875
0.0360317
4.62538e-18
2.38987e-15
3.982e-13
4.10982e-11
3.28627e-09
2.20037e-07
1.16863e-05
0.00040118
0.00575948
0.0404709
5.18338e-18
2.68015e-15
4.47149e-13
4.62917e-11
3.72432e-09
2.51685e-07
1.34667e-05
0.000458345
0.00668391
0.0456649
5.86211e-18
3.03242e-15
5.06517e-13
5.26063e-11
4.26048e-09
2.90908e-07
1.57039e-05
0.000530942
0.00787084
0.0519891
6.69172e-18
3.46262e-15
5.79014e-13
6.03316e-11
4.92016e-09
3.39781e-07
1.85428e-05
0.000625299
0.00941263
0.05958
7.70344e-18
3.98692e-15
6.67256e-13
6.97363e-11
5.7272e-09
4.00444e-07
2.21505e-05
0.000748473
0.0113949
0.0687374
9.14948e-18
4.74403e-15
7.9524e-13
8.33589e-11
6.8875e-09
4.86421e-07
2.71753e-05
0.000917012
0.0137719
0.0765785
1.32417e-18
7.8872e-16
1.51719e-13
1.81714e-11
1.70159e-09
1.34463e-07
8.38963e-06
0.000326228
0.0062079
0.0478277
1.092e-20
7.3243e-18
1.56851e-15
2.01714e-13
1.89475e-11
1.39141e-09
7.81777e-08
3.4362e-06
6.04907e-05
9.71906e-06
1.13245e-19
6.8107e-17
1.30946e-14
1.51861e-12
1.2953e-10
8.70488e-09
4.4947e-07
1.71655e-05
0.00026362
0.000188467
1.57616e-19
9.45524e-17
1.81322e-14
2.0998e-12
1.79302e-10
1.20864e-08
6.25137e-07
2.35693e-05
0.000358363
0.000230705
1.99215e-19
1.19663e-16
2.29849e-14
2.66978e-12
2.29251e-10
1.55736e-08
8.13308e-07
3.05148e-05
0.00046001
0.000225915
2.54857e-19
1.53236e-16
2.94813e-14
3.43645e-12
2.9714e-10
2.03977e-08
1.07773e-06
4.01215e-05
0.000598204
0.000248203
3.32373e-19
1.99975e-16
3.85302e-14
4.50807e-12
3.92846e-10
2.72939e-08
1.46139e-06
5.38845e-05
0.000791946
0.000323895
4.42447e-19
2.6638e-16
5.13995e-14
6.03733e-12
5.30531e-10
3.73613e-08
2.03237e-06
7.42264e-05
0.00106895
0.000492667
6.02509e-19
3.63331e-16
7.02607e-14
8.29014e-12
7.35336e-10
5.25923e-08
2.91906e-06
0.000105424
0.00147003
0.00090315
8.59093e-19
5.18184e-16
1.00115e-13
1.18165e-11
1.0529e-09
7.60477e-08
4.25063e-06
0.00015049
0.00200781
0.00149892
1.30282e-19
9.05172e-17
2.00893e-14
2.71226e-12
2.75103e-10
2.24237e-08
1.42116e-06
5.89599e-05
0.000977485
0.000750615
2.23008e-22
1.69833e-19
4.08793e-17
5.80842e-15
5.84873e-13
4.46363e-11
2.54911e-09
1.16575e-07
2.39013e-06
2.96256e-06
2.77596e-21
1.90873e-18
4.15263e-16
5.35308e-14
4.92006e-12
3.44311e-10
1.80382e-08
7.25333e-07
1.30695e-05
1.45251e-05
4.3319e-21
2.97442e-18
6.46218e-16
8.32536e-14
7.65931e-12
5.36529e-10
2.81207e-08
1.12403e-06
2.00302e-05
2.00553e-05
6.18601e-21
4.25498e-18
9.2627e-16
1.19691e-13
1.10668e-11
7.81224e-10
4.12888e-08
1.65546e-06
2.92401e-05
2.45216e-05
9.02533e-21
6.21728e-18
1.35633e-15
1.75922e-13
1.63778e-11
1.16736e-09
6.23573e-08
2.5047e-06
4.35806e-05
3.16145e-05
1.3553e-20
9.34887e-18
2.04391e-15
2.66213e-13
2.49778e-11
1.80097e-09
9.74252e-08
3.91317e-06
6.66468e-05
4.32244e-05
2.09888e-20
1.45031e-17
3.17839e-15
4.1584e-13
3.93578e-11
2.86904e-09
1.57477e-07
6.33543e-06
0.000104856
6.26074e-05
3.3672e-20
2.33403e-17
5.13262e-15
6.75389e-13
6.46187e-11
4.80304e-09
2.6994e-07
1.07972e-05
0.000169395
9.96511e-05
5.74704e-20
3.98102e-17
8.73167e-15
1.14639e-12
1.09866e-10
8.19777e-09
4.61991e-07
1.80726e-05
0.000265438
0.00016276
9.12697e-21
7.3224e-18
1.84925e-15
2.7768e-13
3.02718e-11
2.55351e-09
1.63461e-07
7.60995e-06
0.000135836
8.16103e-05
3.65218e-24
3.13547e-21
8.41598e-19
1.31658e-16
1.43002e-14
1.15204e-12
6.87222e-11
3.23178e-09
7.47254e-08
1.35601e-07
5.4624e-23
4.25647e-20
1.03762e-17
1.47878e-15
1.4702e-13
1.08729e-11
5.93814e-10
2.47681e-08
5.08341e-07
7.26705e-07
9.55564e-23
7.44251e-20
1.81344e-17
2.58381e-15
2.56875e-13
1.89893e-11
1.03568e-09
4.30863e-08
8.77132e-07
1.11561e-06
1.53979e-22
1.20183e-19
2.9346e-17
4.19208e-15
4.18731e-13
3.11845e-11
1.71193e-09
7.1687e-08
1.45273e-06
1.54313e-06
2.55815e-22
2.00069e-19
4.89774e-17
7.02377e-15
7.06188e-13
5.30165e-11
2.93387e-09
1.23766e-07
2.48326e-06
2.22436e-06
4.41501e-22
3.45986e-19
8.49255e-17
1.22295e-14
1.23862e-12
9.40523e-11
5.25487e-09
2.23017e-07
4.40419e-06
3.35265e-06
7.93665e-22
6.23768e-19
1.53658e-16
2.2241e-14
2.26743e-12
1.73414e-10
9.79306e-09
4.19872e-07
8.14308e-06
5.30298e-06
1.49051e-21
1.17761e-18
2.91435e-16
4.24617e-14
4.38894e-12
3.43071e-10
1.98117e-08
8.53065e-07
1.57423e-05
9.16551e-06
3.03562e-21
2.39284e-18
5.90154e-16
8.56559e-14
8.83307e-12
6.89163e-10
3.96705e-08
1.67848e-06
2.90479e-05
1.6848e-05
5.07088e-22
4.66966e-19
1.32732e-16
2.1942e-14
2.56491e-12
2.25739e-10
1.46572e-08
7.42281e-07
1.53701e-05
8.77123e-06
5.0309e-26
4.85279e-23
1.44676e-20
2.49057e-18
2.93349e-16
2.52398e-14
1.59828e-12
7.7517e-11
1.97387e-09
5.03377e-09
9.04395e-25
7.95283e-22
2.16141e-19
3.39887e-17
3.67006e-15
2.89899e-13
1.67839e-11
7.26797e-10
1.65432e-08
3.17904e-08
1.77309e-24
1.55949e-21
4.2392e-19
6.66515e-17
7.18746e-15
5.6678e-13
3.27408e-11
1.41554e-09
3.2054e-08
5.45001e-08
3.21981e-24
2.83879e-21
7.7325e-19
1.21814e-16
1.31996e-14
1.04839e-12
6.08549e-11
2.65015e-09
5.99415e-08
8.5326e-08
6.08136e-24
5.37498e-21
1.46839e-18
2.32297e-16
2.53126e-14
2.02361e-12
1.18141e-10
5.19427e-09
1.16817e-07
1.39102e-07
1.20394e-23
1.06687e-20
2.92348e-18
4.64253e-16
5.097e-14
4.11724e-12
2.42035e-10
1.07302e-08
2.38621e-07
2.36875e-07
2.50788e-23
2.23151e-20
6.14432e-18
9.80474e-16
1.07991e-13
8.75559e-12
5.18527e-10
2.32887e-08
5.13855e-07
4.22801e-07
5.48854e-23
4.92267e-20
1.36333e-17
2.19321e-15
2.4546e-13
2.03667e-11
1.23046e-09
5.59179e-08
1.18457e-06
8.35178e-07
1.32551e-22
1.18662e-19
3.27614e-17
5.24078e-15
5.8335e-13
4.81171e-11
2.88272e-09
1.28895e-07
2.5867e-06
1.75861e-06
2.3586e-23
2.47843e-20
7.87659e-18
1.42803e-15
1.79348e-13
1.66269e-11
1.11573e-09
5.94791e-08
1.41079e-06
9.84379e-07
5.97384e-28
6.47271e-25
2.14135e-22
4.06251e-20
5.21482e-18
4.83617e-16
3.2832e-14
1.65869e-12
4.58108e-11
1.62559e-10
1.29077e-26
1.27996e-23
3.87208e-21
6.71991e-19
7.91274e-17
6.7329e-15
4.1744e-13
1.89387e-11
4.69676e-10
1.23223e-09
2.8354e-26
2.81338e-23
8.51584e-21
1.47756e-18
1.73556e-16
1.47256e-14
9.10796e-13
4.12625e-11
1.01979e-09
2.36767e-09
5.79573e-26
5.76609e-23
1.74862e-20
3.03825e-18
3.58727e-16
3.06504e-14
1.90278e-12
8.67256e-11
2.14657e-09
4.20559e-09
1.24272e-25
1.24003e-22
3.77344e-20
6.5878e-18
7.8094e-16
6.7045e-14
4.18147e-12
1.92331e-10
4.75235e-09
7.80448e-09
2.81728e-25
2.82025e-22
8.61059e-20
1.50819e-17
1.80215e-15
1.56247e-13
9.78847e-12
4.53849e-10
1.1134e-08
1.51975e-08
6.79513e-25
6.83487e-22
2.09829e-19
3.68894e-17
4.40943e-15
3.82267e-13
2.40641e-11
1.13031e-09
2.77087e-08
3.10234e-08
1.72624e-24
1.7572e-21
5.43702e-19
9.6523e-17
1.1739e-14
1.04207e-12
6.68032e-11
3.18909e-09
7.57418e-08
7.15933e-08
4.93354e-24
5.00981e-21
1.54457e-18
2.72365e-16
3.28752e-14
2.89425e-12
1.83398e-10
8.61769e-09
1.95169e-07
1.73445e-07
9.38011e-25
1.12586e-21
3.99607e-19
7.95052e-17
1.07808e-14
1.06278e-12
7.51505e-11
4.17807e-09
1.10859e-07
1.05536e-07
6.18897e-30
7.54994e-27
2.77625e-24
5.82106e-22
8.18237e-20
8.23629e-18
6.03309e-16
3.21519e-14
9.54708e-13
4.59383e-12
1.60726e-28
1.80112e-25
6.0704e-23
1.16495e-20
1.50205e-18
1.38601e-16
9.26198e-15
4.4504e-13
1.19123e-11
4.21271e-11
3.95537e-28
4.43552e-25
1.49607e-22
2.87004e-20
3.68812e-18
3.38994e-16
2.25999e-14
1.0847e-12
2.89376e-11
9.09545e-11
9.09056e-28
1.02249e-24
3.4551e-22
6.63492e-20
8.57317e-18
7.93567e-16
5.30599e-14
2.55799e-12
6.83774e-11
1.83487e-10
2.21033e-27
2.49491e-24
8.4647e-22
1.63394e-19
2.11695e-17
1.9651e-15
1.31962e-13
6.41101e-12
1.71445e-10
3.88776e-10
5.72988e-27
6.49339e-24
2.21054e-21
4.27994e-19
5.59085e-17
5.242e-15
3.53043e-13
1.72522e-11
4.59447e-10
8.71546e-10
1.60009e-26
1.82097e-23
6.2324e-21
1.20979e-18
1.57743e-16
1.4738e-14
9.95389e-13
4.91835e-11
1.31515e-09
2.04715e-09
4.70137e-26
5.44808e-23
1.88564e-20
3.70044e-18
4.91168e-16
4.69856e-14
3.22963e-12
1.62317e-10
4.24817e-09
5.57396e-09
1.5875e-25
1.83185e-22
6.31204e-20
1.22966e-17
1.61798e-15
1.53303e-13
1.03986e-11
5.14843e-10
1.2903e-08
1.56091e-08
3.22565e-26
4.4453e-23
1.76724e-20
3.87153e-18
5.7034e-16
6.03326e-14
4.55942e-12
2.65244e-10
7.74419e-09
1.03114e-08
5.61499e-32
7.75307e-29
3.18114e-26
7.4015e-24
1.14493e-21
1.25795e-19
9.99228e-18
5.67524e-16
1.81118e-14
1.14467e-13
1.75415e-30
2.23127e-27
8.40353e-25
1.78955e-22
2.53809e-20
2.55427e-18
1.84887e-16
9.48749e-15
2.73848e-13
1.2738e-12
4.83457e-30
6.15324e-27
2.31962e-24
4.93765e-22
6.97535e-20
6.98549e-18
5.04462e-16
2.58644e-14
7.43788e-13
3.09466e-12
1.24794e-29
1.59423e-26
6.02148e-24
1.28277e-21
1.82256e-19
1.83874e-17
1.33095e-15
6.84378e-14
1.96935e-12
7.08965e-12
3.43787e-29
4.41025e-26
1.67372e-23
3.5847e-21
5.10163e-19
5.15132e-17
3.74451e-15
1.93852e-13
5.57889e-12
1.71646e-11
1.01785e-28
1.31208e-25
4.9967e-23
1.07341e-20
1.54042e-18
1.57202e-16
1.14537e-14
5.9509e-13
1.70619e-11
4.44357e-11
3.28992e-28
4.25114e-25
1.62652e-22
3.50063e-20
5.00766e-18
5.07963e-16
3.70308e-14
1.94215e-12
5.59625e-11
1.20485e-10
1.11614e-27
1.47946e-24
5.74728e-22
1.25159e-19
1.82264e-17
1.89172e-15
1.40388e-13
7.48122e-12
2.12769e-10
3.87805e-10
4.433e-27
5.84899e-24
2.26183e-21
4.8888e-19
7.05296e-17
7.24437e-15
5.30293e-13
2.78508e-11
7.61829e-10
1.26413e-09
9.62658e-28
1.53671e-24
6.88314e-22
1.66938e-19
2.69055e-17
3.08007e-15
2.51141e-13
1.53918e-11
4.88945e-10
9.02959e-10
4.45143e-34
7.01446e-31
3.23095e-28
8.38931e-26
1.43628e-23
1.73173e-21
1.49827e-19
9.13637e-18
3.14955e-16
2.53375e-15
1.67552e-32
2.43591e-29
1.03064e-26
2.4483e-24
3.84005e-22
4.23761e-20
3.33771e-18
1.84065e-16
5.74786e-15
3.42356e-14
5.16855e-32
7.51829e-29
3.18473e-26
7.56303e-24
1.18128e-21
1.29606e-19
1.01819e-17
5.61223e-16
1.74517e-14
9.36469e-14
1.49711e-31
2.18807e-28
9.28927e-26
2.2074e-23
3.46771e-21
3.83527e-19
3.01949e-17
1.66645e-15
5.17348e-14
2.43363e-13
4.67085e-31
6.85846e-28
2.92762e-25
6.99598e-23
1.10023e-20
1.21552e-18
9.60462e-17
5.33417e-15
1.65392e-13
6.73317e-13
1.576e-30
2.32976e-27
9.9861e-25
2.39344e-22
3.79521e-20
4.24008e-18
3.35967e-16
1.86886e-14
5.7651e-13
2.01277e-12
5.89226e-30
8.7064e-27
3.74559e-24
8.99413e-22
1.42072e-19
1.57549e-17
1.24617e-15
6.98627e-14
2.16335e-12
6.31796e-12
2.30685e-29
3.52525e-26
1.54611e-23
3.75829e-21
6.04337e-19
6.85165e-17
5.51873e-15
3.14035e-13
9.63986e-12
2.39774e-11
1.07297e-28
1.63421e-25
7.14147e-23
1.72347e-20
2.74478e-18
3.07794e-16
2.44502e-14
1.37141e-12
4.06737e-11
9.15127e-11
2.48548e-29
4.65368e-26
2.3691e-23
6.40942e-21
1.13926e-18
1.42297e-16
1.25998e-14
8.19351e-13
2.81245e-11
7.06359e-11
3.06216e-36
5.56629e-33
2.90322e-30
8.47974e-28
1.61827e-25
2.15383e-23
2.03817e-21
1.34224e-19
5.02703e-18
5.00948e-17
1.38974e-34
2.33365e-31
1.11841e-28
2.986e-26
5.21455e-24
6.34603e-22
5.46362e-20
3.2547e-18
1.10394e-16
8.22058e-16
4.79692e-34
8.0564e-31
3.86631e-28
1.03232e-25
1.79556e-23
2.17157e-21
1.86379e-19
1.1099e-17
3.74682e-16
2.53252e-15
1.55763e-33
2.63327e-30
1.26729e-27
3.38526e-25
5.92023e-23
7.22119e-21
6.21302e-19
3.69899e-17
1.24342e-15
7.45351e-15
5.504e-33
9.34344e-30
4.52341e-27
1.2159e-24
2.12921e-22
2.59076e-20
2.23444e-18
1.33805e-16
4.48484e-15
2.35667e-14
2.11122e-32
3.62128e-29
1.76311e-26
4.75238e-24
8.3865e-22
1.03216e-19
8.93496e-18
5.35122e-16
1.78064e-14
8.11891e-14
9.10446e-32
1.55804e-28
7.60831e-26
2.05553e-23
3.61386e-21
4.41192e-19
3.80596e-17
2.29312e-15
7.6441e-14
2.95622e-13
4.12063e-31
7.34017e-28
3.66755e-25
1.00373e-22
1.79657e-20
2.24118e-18
1.96876e-16
1.20296e-14
3.98151e-13
1.32006e-12
2.23643e-30
3.9826e-27
1.98642e-24
5.40038e-22
9.57391e-20
1.18088e-17
1.02298e-15
6.1598e-14
1.97699e-12
5.91122e-12
5.49754e-31
1.22808e-27
7.19352e-25
2.19349e-22
4.34189e-20
5.96747e-18
5.76796e-16
4.0033e-14
1.48007e-12
4.94008e-12
1.80372e-38
3.83851e-35
2.29495e-32
7.62491e-30
1.63735e-27
2.42313e-25
2.52024e-23
1.80105e-21
7.36024e-20
8.88984e-19
9.87896e-37
1.94432e-33
1.06812e-30
3.23925e-28
6.35508e-26
8.589e-24
8.12166e-22
5.24935e-20
1.93994e-18
1.77099e-17
3.81436e-36
7.50278e-33
4.1275e-30
1.25271e-27
2.44919e-25
3.28916e-23
3.09899e-21
2.00222e-19
7.36041e-18
6.14445e-17
1.38416e-35
2.75219e-32
1.52103e-29
4.61689e-27
9.0708e-25
1.22883e-22
1.16129e-20
7.49107e-19
2.73484e-17
2.0452e-16
5.55346e-35
1.10523e-31
6.13906e-29
1.87748e-26
3.6972e-24
4.99353e-22
4.72349e-20
3.06256e-18
1.11305e-16
7.38709e-16
2.4159e-34
4.8822e-31
2.73442e-28
8.38464e-26
1.66279e-23
2.27143e-21
2.15862e-19
1.39821e-17
5.03207e-16
2.92861e-15
1.19568e-33
2.41238e-30
1.35596e-27
4.17129e-25
8.24582e-23
1.1171e-20
1.05653e-18
6.87169e-17
2.47228e-15
1.23639e-14
6.26351e-33
1.32215e-29
7.62768e-27
2.37941e-24
4.79101e-22
6.63167e-20
6.38702e-18
4.2091e-16
1.50356e-14
6.49664e-14
3.95482e-32
8.38104e-29
4.83928e-26
1.50095e-23
2.99446e-21
4.09739e-19
3.89065e-17
2.52521e-15
8.76715e-14
3.41037e-13
1.02284e-32
2.78846e-29
1.91171e-26
6.66657e-24
1.48814e-21
2.27227e-19
2.4099e-17
1.79293e-15
7.12983e-14
3.09073e-13
8.89725e-41
2.26351e-37
1.57843e-34
6.06158e-32
1.48358e-29
2.46396e-27
2.83257e-25
2.20578e-23
9.86516e-22
1.41842e-20
5.89436e-39
1.38752e-35
8.88478e-33
3.10761e-30
6.93413e-28
1.05017e-25
1.09687e-23
7.72267e-22
3.11651e-20
3.42819e-19
2.53828e-38
5.97746e-35
3.8352e-32
1.34386e-29
2.99143e-27
4.50224e-25
4.68229e-23
3.29424e-21
1.32184e-19
1.33918e-18
1.03217e-37
2.46094e-34
1.58877e-31
5.56618e-29
1.24383e-26
1.88857e-24
1.97215e-22
1.38393e-20
5.49999e-19
5.03665e-18
4.6705e-37
1.11582e-33
7.24178e-31
2.56085e-28
5.74766e-26
8.70069e-24
9.07681e-22
6.39441e-20
2.52579e-18
2.07542e-17
2.30975e-36
5.61705e-33
3.68381e-30
1.30625e-27
2.95009e-25
4.51634e-23
4.73917e-21
3.333e-19
1.30003e-17
9.46187e-17
1.30661e-35
3.18077e-32
2.09676e-29
7.46964e-27
1.68361e-24
2.55659e-22
2.6664e-20
1.87896e-18
7.31147e-17
4.62639e-16
7.89392e-35
2.02345e-31
1.37447e-28
4.97344e-26
1.14303e-23
1.77413e-21
1.88463e-19
1.34439e-17
5.18789e-16
2.85941e-15
5.78627e-34
1.49684e-30
1.02095e-27
3.67781e-25
8.38078e-23
1.28577e-20
1.34599e-18
9.44695e-17
3.54695e-15
1.75875e-14
1.55263e-34
5.33457e-31
4.38486e-28
1.78501e-25
4.57191e-23
7.84869e-21
9.18687e-19
7.34944e-17
3.13924e-15
1.7294e-14
3.55131e-43
1.11373e-39
9.27966e-37
4.21427e-34
1.19764e-31
2.26013e-29
2.89161e-27
2.46251e-25
1.2072e-23
2.03421e-22
2.85204e-41
8.27653e-38
6.32909e-35
2.61004e-32
6.74109e-30
1.15779e-27
1.34499e-25
1.03511e-23
4.56651e-22
5.9599e-21
1.36787e-40
3.97923e-37
3.05017e-34
1.26138e-31
3.25552e-29
5.56026e-27
6.42596e-25
4.93875e-23
2.16541e-21
2.62052e-20
6.23099e-40
1.83571e-36
1.41955e-33
5.87347e-31
1.51983e-28
2.61709e-26
3.04091e-24
2.32964e-22
1.00916e-20
1.11303e-19
3.16665e-39
9.38859e-36
7.29757e-33
3.0518e-30
7.95946e-28
1.36839e-25
1.58506e-23
1.21692e-21
5.22986e-20
5.22463e-19
1.77734e-38
5.36924e-35
4.23382e-32
1.77855e-29
4.66221e-27
8.10017e-25
9.45127e-23
7.24073e-21
3.06373e-19
2.7365e-18
1.1472e-37
3.48206e-34
2.76297e-31
1.16788e-28
3.06187e-26
5.28106e-24
6.11628e-22
4.68347e-20
1.97341e-18
1.549e-17
7.93587e-37
2.55834e-33
2.10502e-30
9.06493e-28
2.42774e-25
4.28433e-23
5.05592e-21
3.91511e-19
1.63213e-17
1.12448e-16
6.74057e-36
2.2063e-32
1.82997e-29
7.85894e-27
2.0892e-24
3.64418e-22
4.23439e-20
3.22107e-18
1.30642e-16
8.09891e-16
1.82486e-36
8.30191e-33
8.48991e-30
4.15778e-27
1.25192e-24
2.45506e-22
3.19314e-20
2.75155e-18
1.25912e-16
8.63622e-16
1.08624e-45
4.40495e-42
4.54543e-39
2.52146e-36
8.54458e-34
1.86506e-31
2.67852e-29
2.50188e-27
1.3437e-25
2.61693e-24
1.06006e-43
3.97504e-40
3.76415e-37
1.88995e-34
5.7957e-32
1.14791e-29
1.49594e-27
1.2619e-25
6.08092e-24
9.28521e-23
5.66658e-43
2.13609e-39
2.02566e-36
1.02005e-33
3.13211e-31
6.17782e-29
8.00279e-27
6.73597e-25
3.2242e-23
4.59314e-22
2.87327e-42
1.09805e-38
1.05639e-35
5.33938e-33
1.64273e-30
3.26308e-28
4.25375e-26
3.56738e-24
1.68333e-22
2.20216e-21
1.64169e-41
6.34559e-38
6.12483e-35
3.12826e-32
9.73882e-30
1.93682e-27
2.51331e-25
2.10774e-23
9.84529e-22
1.17595e-20
1.03616e-40
4.08719e-37
4.0349e-34
2.0825e-31
6.51386e-29
1.30748e-26
1.71085e-24
1.43115e-22
6.5621e-21
7.0662e-20
7.63675e-40
3.04358e-36
3.02036e-33
1.56801e-30
4.92117e-28
9.82346e-26
1.27437e-23
1.06267e-21
4.84425e-20
4.63141e-19
5.96611e-39
2.55561e-35
2.6593e-32
1.41597e-29
4.55427e-27
9.31699e-25
1.23239e-22
1.03793e-20
4.66462e-19
3.94055e-18
5.87245e-38
2.57059e-34
2.7058e-31
1.43939e-28
4.60263e-26
9.30826e-24
1.21088e-21
9.99582e-20
4.36564e-18
3.32028e-17
1.52439e-38
9.95511e-35
1.33906e-31
8.25681e-29
3.02946e-26
6.93976e-24
1.012e-21
9.39529e-20
4.58135e-18
3.83084e-17
2.32512e-48
1.31816e-44
1.77877e-41
1.26819e-38
5.33172e-36
1.3802e-33
2.25021e-31
2.30975e-29
1.35461e-27
3.0085e-26
2.76639e-46
1.44866e-42
1.79507e-39
1.15344e-36
4.36337e-34
1.02071e-31
1.50822e-29
1.39665e-27
7.32362e-26
1.29043e-24
1.6462e-45
8.70357e-42
1.07865e-38
6.94644e-36
2.63746e-33
6.15475e-31
9.03586e-29
8.34185e-27
4.34157e-25
7.1771e-24
9.24493e-45
4.96083e-41
6.28035e-38
4.08364e-35
1.55444e-32
3.65077e-30
5.395e-28
4.95928e-26
2.53977e-24
3.88227e-23
5.89139e-44
3.22684e-40
4.10099e-37
2.69406e-34
1.04224e-31
2.45846e-29
3.61407e-27
3.31533e-25
1.67607e-23
2.35514e-22
4.14897e-43
2.3218e-39
3.04744e-36
2.04507e-33
7.96126e-31
1.8936e-28
2.80874e-26
2.56717e-24
1.27002e-22
1.62033e-21
3.48099e-42
1.98955e-38
2.62095e-35
1.76267e-32
6.91328e-30
1.63983e-27
2.40865e-25
2.18941e-23
1.07535e-21
1.23011e-20
2.98641e-41
1.86801e-37
2.63566e-34
1.84505e-31
7.45951e-29
1.81773e-26
2.72469e-24
2.49651e-22
1.20296e-20
1.22274e-19
3.41078e-40
2.19638e-36
3.14174e-33
2.1992e-30
8.85872e-28
2.13397e-25
3.13924e-23
2.81046e-21
1.31352e-19
1.20348e-18
7.50192e-41
8.27067e-37
1.61834e-33
1.35336e-30
6.39833e-28
1.76535e-25
2.91516e-23
2.90888e-21
1.49716e-19
1.49526e-18
2.9431e-51
2.701e-47
5.19116e-44
5.16256e-41
2.86916e-38
9.14047e-36
1.71684e-33
1.9373e-31
1.23097e-29
3.06806e-28
4.30277e-49
3.6326e-45
6.41813e-42
5.7227e-39
2.8382e-36
8.12482e-34
1.38044e-31
1.40274e-29
7.93627e-28
1.58746e-26
2.83716e-48
2.43642e-44
4.3067e-41
3.84055e-38
1.9173e-35
5.48645e-33
9.25894e-31
9.3749e-29
5.25905e-27
9.91742e-26
1.75358e-47
1.53231e-43
2.784e-40
2.53061e-37
1.26955e-34
3.6572e-32
6.214e-30
6.25681e-28
3.44811e-26
6.04934e-25
1.22932e-46
1.1114e-42
2.03845e-39
1.87513e-36
9.6153e-34
2.79171e-31
4.71734e-29
4.73278e-27
2.56684e-25
4.16309e-24
9.57309e-46
8.87576e-42
1.69285e-38
1.61598e-35
8.38303e-33
2.45502e-30
4.18692e-28
4.17631e-26
2.20873e-24
3.27147e-23
9.00861e-45
8.71297e-41
1.6759e-37
1.59171e-34
8.35349e-32
2.44865e-29
4.13272e-27
4.09564e-25
2.14759e-23
2.87647e-22
8.21575e-44
8.88943e-40
1.88101e-36
1.91521e-33
1.04836e-30
3.17071e-28
5.46862e-26
5.44198e-24
2.78296e-22
3.32665e-21
1.08929e-42
1.23524e-38
2.64596e-35
2.67678e-32
1.46281e-29
4.37576e-27
7.39037e-25
7.16615e-23
3.54445e-21
3.81438e-20
1.51622e-43
4.0495e-39
1.34781e-35
1.72357e-32
1.15431e-29
4.03052e-27
7.65516e-25
8.17845e-23
4.3744e-21
5.06218e-20
1.47497e-54
3.15577e-50
9.93688e-47
1.59039e-43
1.30576e-40
5.41795e-38
1.19408e-35
1.47752e-33
1.0006e-31
2.73395e-30
2.69085e-52
5.2296e-48
1.51636e-44
2.16421e-41
1.56489e-38
5.78392e-36
1.14932e-33
1.27586e-31
7.66309e-30
1.70275e-28
1.93667e-51
3.88881e-47
1.13693e-43
1.6161e-40
1.17905e-37
4.36794e-35
8.61832e-33
9.5297e-31
5.66867e-29
1.19285e-27
1.29875e-50
2.67516e-46
8.0571e-43
1.18749e-39
8.77406e-37
3.27211e-34
6.49754e-32
7.1368e-30
4.16346e-28
8.19598e-27
9.71602e-50
2.13179e-45
6.56385e-42
9.84384e-39
7.48083e-36
2.82548e-33
5.58535e-31
6.09911e-29
3.49196e-27
6.38691e-26
8.16574e-49
1.8697e-44
5.97672e-41
9.52898e-38
7.43322e-35
2.83663e-32
5.65038e-30
6.11868e-28
3.40455e-26
5.71779e-25
8.21247e-48
2.04477e-43
6.81095e-40
1.07537e-36
8.49118e-34
3.25341e-31
6.41368e-29
6.90263e-27
3.80194e-25
5.81568e-24
7.4676e-47
2.2063e-42
8.15417e-39
1.4549e-35
1.2329e-32
4.90552e-30
9.89091e-28
1.06368e-25
5.67428e-24
7.77912e-23
1.08498e-45
3.55569e-41
1.37176e-37
2.39537e-34
2.02014e-31
7.93279e-29
1.55908e-26
1.62632e-24
8.36157e-23
1.03325e-21
-1.58319e-47
7.4473e-42
6.11679e-38
1.52074e-34
1.72764e-31
8.14946e-29
1.80204e-26
2.04073e-24
1.10958e-22
1.44683e-21
2.96989e-62
1.51234e-53
9.67908e-50
3.20224e-46
4.86717e-43
2.89523e-40
7.70066e-38
1.03891e-35
7.28548e-34
2.08226e-32
6.19012e-60
3.15024e-51
1.85342e-47
5.42921e-44
7.08359e-41
3.70843e-38
8.85115e-36
1.0679e-33
6.62892e-32
1.56035e-30
5.04326e-59
2.56561e-50
1.55819e-46
4.50313e-43
5.94512e-40
3.12658e-37
7.41809e-35
8.90862e-33
5.46899e-31
1.22272e-29
3.93861e-58
1.94087e-49
1.18471e-45
3.63186e-42
4.94173e-39
2.62913e-36
6.26927e-34
7.4773e-32
4.49717e-30
9.44631e-29
3.49646e-57
1.69184e-48
1.056e-44
3.32399e-41
4.73691e-38
2.55901e-35
6.08763e-33
7.20527e-31
4.24379e-29
8.31429e-28
3.55497e-56
1.65685e-47
1.02175e-43
3.52441e-40
5.30618e-37
2.92286e-34
6.99276e-32
8.18878e-30
4.67893e-28
8.45563e-27
4.35763e-55
1.93195e-46
1.33161e-42
4.52893e-39
6.96271e-36
3.84941e-33
9.11882e-31
1.06124e-28
5.98917e-27
9.92206e-26
5.82148e-54
2.34235e-45
1.5883e-41
6.48211e-38
1.1472e-34
6.69595e-32
1.62475e-29
1.88296e-27
1.02442e-25
1.52308e-24
1.08927e-52
4.09578e-44
3.30508e-40
1.272e-36
2.21173e-33
1.26748e-30
2.98724e-28
3.34757e-26
1.74597e-24
2.32452e-23
4.32684e-53
-2.69358e-45
1.28292e-40
6.0173e-37
1.99297e-33
1.44847e-30
3.83351e-28
4.58076e-26
2.46725e-24
3.37563e-23
1.25615e-70
9.56584e-62
3.92762e-53
2.41039e-49
1.41675e-45
1.42424e-42
4.69558e-40
6.72878e-38
4.6131e-36
1.27972e-34
2.97114e-68
2.23922e-59
8.61061e-51
5.59235e-47
2.48341e-43
2.13343e-40
6.23008e-38
7.96528e-36
4.86699e-34
1.15007e-32
2.67769e-67
1.98199e-58
8.30782e-50
5.07725e-46
2.31307e-42
1.99568e-39
5.79922e-37
7.38027e-35
4.45708e-33
1.00489e-31
2.32627e-66
1.7245e-57
6.95966e-49
4.26634e-45
2.13262e-41
1.87187e-38
5.46623e-36
6.91166e-34
4.08977e-32
8.70552e-31
2.30489e-65
1.70041e-56
7.51275e-48
3.93292e-44
2.28126e-40
2.04377e-37
5.95754e-35
7.47176e-33
4.32559e-31
8.62801e-30
2.63115e-64
1.9605e-55
8.61692e-47
4.06752e-43
2.85452e-39
2.62842e-36
7.70405e-34
9.55975e-32
5.37321e-30
9.94009e-29
3.65504e-63
2.55238e-54
1.4122e-45
5.44276e-42
4.28267e-38
3.96848e-35
1.15362e-32
1.4225e-30
7.87193e-29
1.34183e-27
5.61172e-62
4.03823e-53
2.47171e-44
5.00509e-41
7.85933e-37
7.84151e-34
2.33499e-31
2.86309e-29
1.52632e-27
2.34507e-26
1.22981e-60
8.18649e-52
5.85102e-43
1.37463e-39
1.78346e-35
1.71521e-32
4.92975e-30
5.81932e-28
2.95564e-26
4.07022e-25
4.99497e-61
-4.58084e-52
1.10815e-42
-2.47973e-39
1.59613e-35
2.15643e-32
6.9264e-30
8.55801e-28
4.38511e-26
6.00764e-25
1.68513e-79
-9.34787e-72
8.70845e-61
-3.65682e-52
2.57521e-48
6.68266e-45
2.91102e-42
4.44646e-40
2.87462e-38
6.18632e-37
4.76362e-77
2.87805e-68
1.7613e-58
-7.60469e-50
5.51603e-46
1.14434e-42
4.38341e-40
6.02748e-38
3.51262e-36
6.56968e-35
4.69076e-76
2.43031e-67
1.816e-57
-7.87887e-49
5.61139e-45
1.16738e-41
4.45074e-39
6.09213e-37
3.50984e-35
6.32068e-34
4.32258e-75
1.74073e-66
1.90016e-56
-8.65237e-48
5.62012e-44
1.20254e-40
4.60094e-38
6.25734e-36
3.53945e-34
6.08348e-33
4.52893e-74
7.6059e-66
2.40832e-55
-1.13258e-46
6.56204e-43
1.44781e-39
5.52718e-37
7.45593e-35
4.13281e-33
6.73155e-32
5.35484e-73
-7.43974e-65
3.53476e-54
-1.72894e-45
8.98122e-42
2.06348e-38
7.90624e-36
1.05554e-33
5.69789e-32
8.71837e-31
7.99695e-72
-5.14418e-63
6.34596e-53
-3.10083e-44
1.50919e-40
3.51155e-37
1.335e-34
1.76883e-32
9.38616e-31
1.34199e-29
1.15721e-70
-2.05626e-61
1.4533e-51
-7.25344e-43
2.98164e-39
7.71855e-36
2.99752e-33
3.94532e-31
2.0214e-29
2.63655e-28
2.84326e-69
-4.67078e-60
3.6343e-50
-1.87074e-41
8.01649e-38
1.90734e-34
7.07876e-32
8.93753e-30
4.35724e-28
5.1128e-27
2.0099e-69
-4.97466e-59
7.72202e-50
-2.59128e-41
5.6093e-38
2.57305e-34
1.0566e-31
1.3746e-29
6.65556e-28
7.49846e-27
4.49142e-87
4.15069e-78
-1.31602e-69
-4.92729e-60
2.86394e-51
2.54983e-47
1.73673e-44
3.1461e-42
1.98399e-40
3.09957e-39
8.47629e-85
6.79129e-76
-2.1206e-67
-8.29975e-58
8.27646e-49
5.0211e-45
2.90751e-42
4.73732e-40
2.72676e-38
3.76233e-37
8.3759e-84
6.61457e-75
-2.00874e-66
-8.17315e-57
9.06462e-48
5.37986e-44
3.10592e-41
5.07739e-39
2.91416e-37
3.87615e-36
8.75016e-83
6.83462e-74
-2.43827e-65
-9.28366e-56
9.60693e-47
5.85194e-43
3.4041e-40
5.5749e-38
3.17012e-36
4.03978e-35
1.0567e-81
8.35235e-73
-3.29331e-64
-1.26602e-54
1.18756e-45
7.46099e-42
4.34623e-39
7.12162e-37
4.00679e-35
4.86511e-34
1.51061e-80
1.19752e-71
-5.46915e-63
-2.04148e-53
1.72066e-44
1.12673e-40
6.62065e-38
1.08429e-35
6.00755e-34
6.90285e-33
2.47572e-79
2.02776e-70
-8.85636e-62
-3.70041e-52
3.14784e-43
2.05806e-39
1.20263e-36
1.97258e-34
1.08635e-32
1.17603e-31
5.5083e-78
4.61972e-69
-2.49569e-60
-9.98672e-51
6.30042e-42
4.74248e-38
2.86035e-35
4.71701e-33
2.53797e-31
2.52625e-30
1.25036e-76
1.11391e-67
-4.22573e-59
-2.18061e-49
2.01472e-40
1.28459e-36
7.32456e-34
1.15878e-31
5.96117e-30
5.33798e-29
2.51059e-76
4.24836e-67
-1.4046e-59
-7.16092e-49
2.43674e-41
1.70266e-36
1.09371e-33
1.75066e-31
8.67622e-30
7.29096e-29
7.48213e-96
-7.25557e-86
-1.11615e-76
-2.62852e-68
1.0245e-58
9.5975e-50
1.42671e-46
3.56835e-44
2.5294e-42
3.48193e-41
-2.67584e-93
-1.39774e-83
-1.57017e-74
2.1357e-66
2.821e-56
2.23963e-47
2.69743e-44
5.93144e-42
3.7833e-40
4.56295e-39
-4.73114e-92
-1.51946e-82
-1.43617e-73
5.08747e-65
3.14706e-55
2.40795e-46
2.89293e-43
6.41419e-41
4.0958e-39
4.77219e-38
-6.7543e-91
-1.74249e-81
-1.53475e-72
6.16602e-64
3.45477e-54
2.63545e-45
3.2027e-42
7.15153e-40
4.54066e-38
5.08883e-37
-1.05927e-89
-2.30925e-80
-1.90985e-71
8.51441e-63
4.43924e-53
3.38212e-44
4.12763e-41
9.27672e-39
5.84954e-37
6.27908e-36
-1.9221e-88
-3.63079e-79
-2.82184e-70
1.36167e-61
6.72499e-52
5.12581e-43
6.34063e-40
1.43425e-37
8.94561e-36
9.14174e-35
-4.18877e-87
-6.5987e-78
-4.26316e-69
3.35769e-60
1.27325e-50
9.49992e-42
1.16737e-38
2.6589e-36
1.6546e-34
1.60197e-33
-1.02282e-85
-1.55241e-76
-1.08056e-67
5.85096e-59
2.76736e-49
2.14766e-40
2.76344e-37
6.40271e-35
3.91713e-33
3.50515e-32
-3.39573e-84
-3.70215e-75
-7.48623e-67
3.87028e-57
8.81555e-48
6.11971e-39
7.36683e-36
1.63445e-33
9.52582e-32
7.619e-31
1.70629e-84
-5.12336e-75
-1.33397e-65
-9.23776e-57
3.61346e-48
7.43173e-39
1.0314e-35
2.26988e-33
1.25767e-31
9.60501e-31
-3.12527e-102
-2.67056e-93
-6.44354e-85
1.34089e-75
2.43731e-66
2.35685e-57
6.28063e-49
3.02476e-46
2.81289e-44
3.9293e-43
-4.86781e-100
-3.86863e-91
2.67702e-83
4.0265e-73
6.01418e-64
5.43325e-55
1.39706e-46
5.68928e-44
4.67932e-42
5.66207e-41
-5.17747e-99
-3.83538e-90
9.38738e-82
4.86231e-72
6.69484e-63
5.86993e-54
1.49563e-45
6.1645e-43
5.0939e-41
5.97225e-40
-5.83452e-98
-4.13841e-89
1.34944e-80
5.63217e-71
7.48343e-62
6.48218e-53
1.66298e-44
6.92758e-42
5.70711e-40
6.46511e-39
-7.65181e-97
-5.17849e-88
2.17845e-79
7.63153e-70
9.79592e-61
8.39256e-52
2.1505e-43
9.05312e-41
7.42805e-39
8.10521e-38
-1.18522e-95
-7.61583e-87
4.04738e-78
1.22356e-68
1.51754e-59
1.28459e-50
3.30925e-42
1.4094e-39
1.14741e-37
1.19955e-36
-2.15404e-94
-1.25215e-85
1.02988e-76
2.48534e-67
2.90698e-58
2.40393e-49
6.13856e-41
2.63683e-38
2.14553e-36
2.13851e-35
-4.96573e-93
-2.80406e-84
2.43629e-75
5.68731e-66
6.6027e-57
5.49222e-48
1.4288e-39
6.3251e-37
5.09971e-35
4.73917e-34
-1.22038e-91
-4.52029e-83
1.23188e-73
2.02487e-64
2.05594e-55
1.57578e-46
4.01174e-38
1.69148e-35
1.29187e-33
1.06866e-32
-2.77769e-91
-2.56858e-82
-1.55221e-73
1.05085e-65
1.40866e-55
1.88606e-46
5.2706e-38
2.18014e-35
1.57776e-33
1.26769e-32
-6.13662e-110
-2.85823e-101
2.841e-92
4.2043e-83
4.18292e-74
3.14126e-65
1.37097e-56
1.41763e-48
2.33779e-46
3.81574e-45
-7.72572e-108
-2.74282e-99
7.66067e-90
9.68892e-81
9.48324e-72
7.12562e-63
3.0009e-54
3.08337e-46
4.4029e-44
6.08927e-43
-7.61777e-107
-2.10272e-98
9.33188e-89
1.11098e-79
1.04873e-70
7.72442e-62
3.21798e-53
3.33164e-45
4.79447e-43
6.43743e-42
-8.17058e-106
-1.84457e-97
1.10682e-87
1.27762e-78
1.18068e-69
8.59132e-61
3.59104e-52
3.75458e-44
5.39714e-42
7.02438e-41
-1.01233e-104
-1.66038e-96
1.53692e-86
1.72058e-77
1.55623e-68
1.12017e-59
4.66655e-51
4.91842e-43
7.05614e-41
8.88198e-40
-1.46725e-103
-1.27777e-95
2.53162e-85
2.74875e-76
2.43227e-67
1.72885e-58
7.21115e-50
7.67206e-42
1.0945e-39
1.32613e-38
-2.38915e-102
1.73605e-94
5.22857e-84
5.43815e-75
4.66649e-66
3.25968e-57
1.34515e-48
1.44254e-40
2.05667e-38
2.387e-37
-5.1191e-101
8.49105e-93
1.25164e-82
1.27548e-73
1.08091e-64
7.51126e-56
3.14027e-47
3.41785e-39
4.88011e-37
5.33644e-36
-8.28096e-100
9.31602e-91
4.40418e-81
4.15035e-72
3.29367e-63
2.16721e-54
8.84225e-46
9.68892e-38
1.30062e-35
1.25967e-34
-5.7688e-99
-3.18348e-90
9.55098e-82
2.43403e-72
2.91037e-63
2.55895e-54
1.16458e-45
1.17856e-37
1.48889e-35
1.42676e-34
-5.12122e-118
-7.60395e-110
7.36576e-100
7.21633e-91
5.25301e-82
3.15831e-73
1.61292e-64
2.933e-56
1.08845e-48
3.01923e-47
-3.71797e-116
1.09819e-107
1.46449e-97
1.48449e-88
1.1133e-79
7.05758e-71
3.50883e-62
6.29171e-54
2.34438e-46
5.41381e-45
-2.59081e-115
2.19539e-106
1.68506e-96
1.66317e-87
1.22278e-78
7.66123e-70
3.76265e-61
6.79563e-53
2.54167e-45
5.70805e-44
-2.00188e-114
3.14375e-105
1.96366e-95
1.90409e-86
1.38012e-77
8.56592e-69
4.20379e-60
7.68414e-52
2.85998e-44
6.23915e-43
-1.25352e-113
5.12802e-104
2.67928e-94
2.55214e-85
1.82327e-76
1.12235e-67
5.47535e-59
1.01095e-50
3.7372e-43
7.90654e-42
4.80326e-113
9.712e-103
4.34188e-93
4.06105e-84
2.85842e-75
1.74242e-66
8.47355e-58
1.58359e-49
5.793e-42
1.18342e-40
8.12123e-111
2.33689e-101
8.69165e-92
7.93321e-83
5.47978e-74
3.30103e-65
1.58548e-56
2.98865e-48
1.09014e-40
2.13853e-39
2.91263e-109
6.09699e-100
2.0798e-90
1.87202e-81
1.27991e-72
7.65599e-64
3.70122e-55
7.09789e-47
2.56562e-39
4.80145e-38
1.94166e-107
2.56151e-98
6.83139e-89
5.85295e-80
3.84727e-71
2.2144e-62
1.04354e-53
2.01107e-45
7.27556e-38
1.1963e-36
-5.20041e-107
-1.58593e-98
4.78847e-89
5.1165e-80
3.94172e-71
2.60007e-62
1.37078e-53
2.51831e-45
7.88959e-38
1.29316e-36
-4.40748e-128
5.35093e-117
1.5088e-107
9.23776e-99
5.52943e-90
2.59059e-81
1.35479e-72
3.18762e-64
2.36825e-56
1.33577e-49
4.62921e-124
1.20007e-114
2.80927e-105
1.77525e-96
1.1182e-87
5.65674e-79
2.91893e-70
6.77893e-62
4.97804e-54
2.68851e-47
6.66803e-123
1.42216e-113
3.13176e-104
1.95972e-95
1.22059e-86
6.14098e-78
3.1275e-69
7.30699e-61
5.39456e-53
2.81997e-46
8.68901e-122
1.68816e-112
3.5972e-103
2.2337e-94
1.37789e-85
6.89116e-77
3.49158e-68
8.27797e-60
6.08548e-52
3.0778e-45
1.32249e-120
2.34798e-111
4.8342e-102
2.97932e-93
1.81983e-84
9.05783e-76
4.54802e-67
1.09229e-58
7.97506e-51
3.89469e-44
2.38026e-119
3.88192e-110
7.71623e-101
4.71927e-92
2.85328e-83
1.41191e-74
7.03242e-66
1.71658e-57
1.2393e-49
5.82176e-43
5.36942e-118
7.93477e-109
1.50819e-99
9.1364e-91
5.45646e-82
2.68263e-73
1.31701e-64
3.24675e-56
2.33564e-48
1.05321e-41
1.3899e-116
1.93869e-107
3.5855e-98
2.15756e-89
1.27856e-80
6.25207e-72
3.06775e-63
7.72652e-55
5.50125e-47
2.36115e-40
5.2548e-115
6.46544e-106
1.11338e-96
6.5741e-88
3.79569e-79
1.81059e-70
8.65176e-62
2.18704e-53
1.55473e-45
6.27612e-39
-9.13182e-116
3.40702e-106
1.13128e-96
7.04436e-88
4.32022e-79
2.15422e-70
1.13524e-61
2.85166e-53
1.77604e-45
6.57969e-39
1.37279e-133
9.34853e-125
1.73796e-115
9.96598e-107
4.89025e-98
1.93958e-89
9.75526e-81
2.56685e-72
2.93676e-64
3.57404e-57
2.43129e-131
1.51597e-122
2.86293e-113
1.79354e-104
9.44605e-96
4.1402e-87
2.06925e-78
5.50488e-70
5.96818e-62
6.85201e-55
2.79464e-130
1.72004e-121
3.1468e-112
1.95855e-103
1.02509e-94
4.48729e-86
2.2135e-77
5.92245e-69
6.46211e-61
7.15902e-54
3.28529e-129
2.00442e-120
3.59605e-111
2.22455e-102
1.15629e-93
5.0456e-85
2.46565e-76
6.71477e-68
7.30507e-60
7.81136e-53
4.52693e-128
2.734e-119
4.80465e-110
2.95492e-101
1.52538e-92
6.64072e-84
3.2057e-75
8.87399e-67
9.59242e-59
9.87954e-52
7.42268e-127
4.43218e-118
7.62119e-109
4.65997e-100
2.389e-91
1.03715e-82
4.94241e-74
1.39696e-65
1.49278e-57
1.47551e-50
1.50002e-125
8.8294e-117
1.4755e-107
8.9572e-99
4.55636e-90
1.97177e-81
9.24832e-73
2.64424e-64
2.81463e-56
2.66507e-49
3.6624e-124
2.12936e-115
3.49524e-106
2.11153e-97
1.06852e-88
4.6097e-80
2.14565e-71
6.29544e-63
6.62727e-55
5.96653e-48
1.19728e-122
6.8445e-114
1.06443e-104
6.3206e-96
3.1427e-87
1.33241e-78
6.04701e-70
1.77728e-61
1.86724e-53
1.58348e-46
1.01777e-122
6.76819e-114
1.34517e-104
7.82511e-96
3.89133e-87
1.62825e-78
7.90383e-70
2.38138e-61
2.2778e-53
1.79754e-46
3.58606e-141
2.70087e-132
2.64335e-123
1.0011e-114
4.06086e-106
1.2931e-97
6.32442e-89
1.45047e-80
2.85552e-72
5.60368e-65
5.45329e-139
4.24477e-130
4.22585e-121
1.72195e-112
7.56148e-104
2.70637e-95
1.29553e-86
3.24966e-78
5.70476e-70
1.02035e-62
6.03965e-138
4.66702e-129
4.58821e-120
1.86432e-111
8.16341e-103
2.92698e-94
1.38414e-85
3.47784e-77
6.18577e-69
1.06354e-61
6.95945e-137
5.34595e-128
5.2101e-119
2.10954e-110
9.19591e-102
3.29504e-93
1.53797e-84
3.93865e-76
7.01654e-68
1.16014e-60
9.36565e-136
7.13867e-127
6.90626e-118
2.78946e-109
1.21083e-100
4.33963e-92
1.99428e-83
5.20955e-75
9.24245e-67
1.46623e-59
1.49614e-134
1.13002e-125
1.08579e-116
4.37742e-108
1.89244e-99
6.78536e-91
3.06183e-82
8.22282e-74
1.44203e-65
2.18704e-58
2.91861e-133
2.17776e-124
2.07651e-115
8.35703e-107
3.59716e-98
1.2898e-89
5.71945e-81
1.55669e-72
2.72335e-64
3.94227e-57
6.963e-132
5.14092e-123
4.8836e-114
1.964e-105
8.42874e-97
3.02176e-88
1.31968e-79
3.71387e-71
6.41854e-63
8.80969e-56
2.13698e-130
1.5449e-121
1.44755e-112
5.78875e-104
2.45633e-95
8.71445e-87
3.71625e-78
1.04605e-69
1.80558e-61
2.33258e-54
2.80807e-130
2.10686e-121
2.09118e-112
7.96268e-104
3.26516e-95
1.09656e-86
4.88201e-78
1.42439e-69
2.32567e-61
2.86981e-54
9.53527e-149
3.6381e-140
2.78679e-131
9.39174e-123
3.09861e-114
8.29023e-106
4.0498e-97
6.5039e-89
2.29063e-80
7.76442e-73
1.27509e-146
5.08549e-138
4.19213e-129
1.54693e-120
5.58597e-112
1.70358e-103
7.82592e-95
1.62458e-86
4.48408e-78
1.32441e-70
1.38907e-145
5.53595e-137
4.52098e-128
1.66469e-119
6.00321e-111
1.8362e-102
8.35766e-94
1.72135e-85
4.87388e-77
1.37957e-69
1.58325e-144
6.30328e-136
5.12037e-127
1.87944e-118
6.75396e-110
2.06611e-101
9.27791e-93
1.93737e-84
5.54882e-76
1.50551e-68
2.10185e-143
8.35971e-135
6.76079e-126
2.4768e-117
8.87594e-109
2.71833e-100
1.20115e-91
2.55463e-83
7.33243e-75
1.90115e-67
3.30492e-142
1.31298e-133
1.0577e-124
3.87056e-116
1.38415e-107
4.24706e-99
1.83817e-90
4.03304e-82
1.1469e-73
2.8308e-66
6.3144e-141
2.50465e-132
2.00875e-123
7.34605e-115
2.62222e-106
8.05855e-98
3.43105e-89
7.61306e-81
2.16928e-72
5.08832e-65
1.48316e-139
5.87251e-131
4.70116e-122
1.71986e-113
6.13491e-105
1.88876e-96
7.88522e-88
1.81761e-79
5.11623e-71
1.13342e-63
4.38305e-138
1.73182e-129
1.37436e-120
5.00676e-112
1.77404e-103
5.42596e-95
2.22173e-86
5.09228e-78
1.4369e-69
2.9905e-62
7.50993e-138
2.85403e-129
2.21511e-120
7.51417e-112
2.50367e-103
7.026e-95
3.03546e-86
6.60598e-78
1.97056e-69
4.03861e-62
2.98094e-156
9.40609e-148
3.87305e-139
8.83632e-131
2.32976e-122
5.12552e-114
2.55072e-105
5.06141e-98
1.56486e-88
1.01715e-80
3.76262e-154
1.263e-145
5.64048e-137
1.41002e-128
4.09296e-120
1.03083e-111
4.64998e-103
3.4795e-95
3.17255e-86
1.62812e-78
4.07611e-153
1.36437e-144
6.05038e-136
1.50915e-127
4.38047e-119
1.10691e-110
4.99292e-102
3.29821e-94
3.47735e-85
1.69851e-77
4.62955e-152
1.54716e-143
6.8309e-135
1.69926e-126
4.92041e-118
1.24343e-109
5.57489e-101
3.38354e-93
3.99348e-84
1.85538e-76
6.0994e-151
2.03746e-142
8.97899e-134
2.23144e-125
6.45181e-117
1.63218e-108
7.25063e-100
4.16155e-92
5.32346e-83
2.34176e-75
9.49249e-150
3.17136e-141
1.39716e-132
3.47297e-124
1.00355e-115
2.54406e-107
1.11267e-98
6.35953e-91
8.39725e-82
3.48132e-74
1.78705e-148
5.97419e-140
2.63455e-131
6.55723e-123
1.89465e-114
4.81224e-106
2.08616e-97
1.12709e-89
1.60027e-80
6.24022e-73
4.14e-147
1.38598e-138
6.13261e-130
1.53005e-121
4.42425e-113
1.12634e-104
4.80249e-96
2.668e-88
3.80068e-79
1.38495e-71
1.18511e-145
3.977e-137
1.76509e-128
4.40866e-120
1.27043e-111
3.2205e-103
1.35816e-94
7.11382e-87
1.0718e-77
3.63642e-70
2.35781e-145
7.45555e-137
3.08756e-128
7.07585e-120
1.88141e-111
4.24463e-103
2.0449e-94
8.83717e-89
1.53279e-77
5.37078e-70
1.55437e-164
4.29371e-156
2.37254e-147
5.52112e-139
1.66648e-130
4.71527e-122
1.78054e-113
2.06078e-105
1.35394e-96
1.21661e-88
1.81793e-162
5.11456e-154
3.26796e-145
8.45724e-137
2.86791e-128
9.06444e-120
3.39954e-111
5.40228e-103
2.62231e-94
1.81916e-86
1.96847e-161
5.57748e-153
3.50578e-144
9.03188e-136
3.05808e-127
9.6549e-119
3.60334e-110
5.47888e-102
2.85379e-93
1.90127e-85
2.23493e-160
6.35608e-152
3.95963e-143
1.01629e-134
3.42801e-126
1.07845e-117
4.00105e-109
5.91915e-101
3.25882e-92
2.07931e-84
2.93943e-159
8.38044e-151
5.1972e-142
1.33207e-133
4.48193e-125
1.40643e-116
5.18444e-108
7.5228e-100
4.31771e-91
2.62339e-83
4.56264e-158
1.3026e-149
8.06486e-141
2.06744e-132
6.94696e-124
2.17605e-115
7.95738e-107
1.1503e-98
6.76499e-90
3.89437e-82
8.55741e-157
2.44385e-148
1.5142e-139
3.88808e-131
1.30603e-122
4.08738e-114
1.48527e-105
2.10267e-97
1.2799e-88
6.96271e-81
1.97469e-155
5.6275e-147
3.5081e-138
9.04136e-130
3.03999e-121
9.51272e-113
3.43133e-104
4.90745e-96
3.0153e-87
1.53974e-79
5.60748e-154
1.59609e-145
1.00049e-136
2.58578e-128
8.65882e-120
2.69307e-111
9.63095e-103
1.34095e-94
8.41669e-86
4.02407e-78
1.22718e-153
3.3934e-145
1.88838e-136
4.41156e-128
1.33876e-119
3.80118e-111
1.39879e-102
1.12862e-94
1.27265e-85
6.51933e-78
8.59164e-173
2.70432e-164
1.42362e-155
3.40386e-147
1.16129e-138
3.73184e-130
1.29873e-121
2.46031e-113
1.0122e-104
1.22377e-96
9.31453e-171
2.90218e-162
1.87367e-153
5.06383e-145
1.97304e-136
7.06318e-128
2.52319e-119
5.43664e-111
1.94656e-102
1.74373e-94
1.01162e-169
3.19317e-161
2.01056e-152
5.39811e-144
2.09518e-135
7.47072e-127
2.64819e-118
5.59612e-110
2.10206e-101
1.82481e-93
1.15058e-168
3.65581e-160
2.2711e-151
6.06928e-143
2.34271e-134
8.30522e-126
2.92572e-117
6.11896e-109
2.38727e-100
1.99737e-92
1.51182e-167
4.81956e-159
2.97624e-150
7.93885e-142
3.05298e-133
1.07763e-124
3.77416e-116
7.83282e-108
3.14667e-99
2.51944e-91
2.34029e-166
7.4683e-158
4.60533e-149
1.22847e-140
4.71447e-132
1.65906e-123
5.77879e-115
1.19762e-106
4.90485e-98
3.73527e-90
4.36893e-165
1.3925e-156
8.60931e-148
2.30073e-139
8.82441e-131
3.09921e-122
1.07315e-113
2.20362e-105
9.23309e-97
6.66265e-89
1.00192e-163
3.17506e-155
1.98515e-146
5.3293e-138
2.04701e-129
7.18875e-121
2.48057e-112
5.12735e-104
2.16423e-95
1.46939e-87
2.81334e-162
8.83816e-154
5.60903e-145
1.51233e-136
5.78496e-128
2.01833e-119
6.90914e-111
1.40959e-102
6.00557e-94
3.82569e-86
6.76723e-162
2.13492e-153
1.12993e-144
2.70939e-136
9.23303e-128
2.92278e-119
9.68079e-111
1.52028e-102
9.32938e-94
6.65214e-86
4.63915e-181
1.86769e-172
8.40029e-164
2.09212e-155
7.68473e-147
2.61253e-138
9.04132e-130
2.05359e-121
6.25768e-113
9.13461e-105
4.73387e-179
1.93912e-170
1.07518e-161
3.05465e-153
1.29669e-144
4.91306e-136
1.75281e-127
4.21353e-119
1.22865e-110
1.27854e-102
5.16529e-178
2.13426e-169
1.15243e-160
3.24683e-152
1.37102e-143
5.16416e-135
1.82954e-126
4.35664e-118
1.31667e-109
1.33705e-101
5.88844e-177
2.44364e-168
1.30102e-159
3.64334e-151
1.52816e-142
5.71641e-134
2.01447e-125
4.78071e-117
1.48676e-108
1.46282e-100
7.7379e-176
3.21637e-167
1.70153e-158
4.7528e-150
1.98406e-141
7.38363e-133
2.58934e-124
6.13202e-116
1.95149e-107
1.84374e-99
1.1944e-174
4.96576e-166
2.6251e-157
7.32992e-149
3.05176e-140
1.13181e-131
3.95291e-123
9.36582e-115
3.03038e-106
2.73009e-98
2.21669e-173
9.20424e-165
4.88794e-156
1.36702e-147
5.68652e-139
2.10385e-130
7.30963e-122
1.72537e-113
5.68564e-105
4.86193e-97
5.04763e-172
2.08595e-163
1.12224e-154
3.15513e-146
1.31475e-137
4.86633e-129
1.6879e-120
4.00659e-112
1.32997e-103
1.07108e-95
1.39886e-170
5.72871e-162
3.14547e-153
8.8875e-145
3.68653e-136
1.35657e-127
4.6691e-119
1.10207e-110
3.68042e-102
2.7848e-94
3.64495e-170
1.47219e-161
6.63886e-153
1.65187e-144
5.99686e-136
1.97525e-127
6.42495e-119
1.32748e-110
5.7475e-102
5.02927e-94
2.35294e-189
1.15313e-180
4.76155e-172
1.28058e-163
4.8526e-155
1.66208e-146
5.76403e-138
1.41873e-129
3.39499e-121
5.324e-113
2.3449e-187
1.20314e-178
6.04783e-170
1.86307e-161
8.17378e-153
3.11079e-144
1.11246e-135
2.8106e-127
6.8512e-119
7.52444e-111
2.56488e-186
1.31652e-177
6.46602e-169
1.97496e-160
8.61029e-152
3.2532e-143
1.15782e-134
2.91857e-126
7.29594e-118
7.85425e-110
2.93173e-185
1.50388e-176
7.28588e-168
2.21052e-159
9.56375e-151
3.58874e-142
1.27213e-133
3.21125e-125
8.19417e-117
8.57496e-109
3.84974e-184
1.97454e-175
9.50864e-167
2.8745e-158
1.23689e-149
4.61706e-141
1.63078e-132
4.12206e-124
1.07116e-115
1.07951e-107
5.92473e-183
3.03829e-174
1.46251e-165
4.41657e-157
1.89494e-148
7.05055e-140
2.4833e-131
6.29009e-123
1.65719e-114
1.59666e-106
1.09385e-181
5.60738e-173
2.71226e-164
8.20026e-156
3.5152e-147
1.30509e-138
4.5789e-130
1.1591e-121
3.09904e-113
2.84058e-105
2.47253e-180
1.26711e-171
6.20779e-163
1.88525e-154
8.10087e-146
3.01123e-137
1.05602e-128
2.6841e-120
7.23343e-112
6.26282e-104
6.77425e-179
3.46045e-170
1.72819e-161
5.26655e-153
2.25362e-144
8.34364e-136
2.90571e-127
7.36061e-119
1.99582e-110
1.62838e-102
1.84292e-178
9.05468e-170
3.73732e-161
9.96558e-153
3.69255e-144
1.21503e-135
3.97878e-127
9.49901e-119
3.09914e-110
2.96526e-102
1.10507e-197
6.13631e-189
2.49555e-180
7.3992e-172
2.84518e-163
9.68087e-155
3.30846e-146
8.35996e-138
1.65386e-129
2.58999e-121
1.11551e-195
6.6017e-187
3.22303e-178
1.09482e-169
4.82497e-161
1.80735e-152
6.38237e-144
1.64301e-135
3.43164e-127
3.75303e-119
1.21524e-194
7.15149e-186
3.43049e-177
1.15745e-168
5.06589e-160
1.884e-151
6.63352e-143
1.71296e-134
3.63949e-126
3.90896e-118
1.38832e-193
8.14314e-185
3.85646e-176
1.2916e-167
5.60831e-159
2.07275e-150
7.27767e-142
1.88673e-133
4.06844e-125
4.25521e-117
1.82077e-192
1.06608e-183
5.01989e-175
1.67386e-166
7.22692e-158
2.65836e-149
9.31131e-141
2.42222e-132
5.29251e-124
5.34784e-116
2.79416e-191
1.63537e-182
7.69657e-174
2.56188e-165
1.103e-156
4.04635e-148
1.41502e-139
3.6924e-131
8.15395e-123
7.90251e-115
5.13494e-190
3.00801e-181
1.42196e-172
4.7354e-164
2.0376e-155
7.4625e-147
2.6037e-138
6.80119e-130
1.51967e-121
1.40564e-113
1.15591e-188
6.78604e-180
3.2453e-171
1.08486e-162
4.68167e-154
1.71773e-145
5.99798e-137
1.57176e-128
3.53463e-120
3.10459e-112
3.15087e-187
1.85352e-178
8.99044e-170
3.00561e-161
1.29311e-152
4.73198e-144
1.64304e-135
4.29009e-127
9.70621e-119
8.07768e-111
8.61265e-187
4.78496e-178
1.93757e-169
5.64378e-161
2.10718e-152
6.88068e-144
2.25363e-135
5.76738e-127
1.48353e-118
1.45815e-110
5.03489e-206
2.95116e-197
1.20032e-188
3.89155e-180
1.51398e-171
5.14401e-163
1.71272e-154
4.29164e-146
7.47294e-138
1.14495e-129
5.26682e-204
3.33609e-195
1.60605e-186
5.93515e-178
2.60663e-169
9.63654e-161
3.32472e-152
8.51578e-144
1.58223e-135
1.69854e-127
5.69473e-203
3.577e-194
1.69953e-185
6.25009e-177
2.72829e-168
1.00293e-159
3.45568e-151
8.89879e-143
1.67331e-134
1.76765e-126
6.48906e-202
4.05471e-193
1.90436e-184
6.9517e-176
3.01148e-167
1.10123e-158
3.78761e-150
9.8013e-142
1.86137e-133
1.92033e-125
8.48628e-201
5.28847e-192
2.47068e-183
8.97828e-175
3.86798e-166
1.40887e-157
4.83907e-149
1.25768e-140
2.40975e-132
2.40802e-124
1.29861e-199
8.0884e-191
3.77591e-182
1.36916e-173
5.88381e-165
2.13878e-156
7.3422e-148
1.9149e-139
3.69643e-131
3.55561e-123
2.3792e-198
1.48412e-189
6.95329e-181
2.52069e-172
1.08308e-163
3.93292e-155
1.34905e-146
3.52457e-138
6.86308e-130
6.32865e-122
5.34406e-197
3.3468e-188
1.58367e-179
5.75943e-171
2.48257e-162
9.03383e-154
3.10422e-145
8.13203e-137
1.59087e-128
1.39919e-120
1.45448e-195
9.15146e-187
4.37204e-178
1.58584e-169
6.81712e-161
2.47495e-152
8.46767e-144
2.2109e-135
4.34371e-127
3.63943e-119
3.89515e-195
2.27793e-186
9.18402e-178
2.90444e-169
1.09472e-160
3.58703e-152
1.16592e-143
3.03592e-135
6.52839e-127
6.51535e-119
2.26783e-214
1.34937e-205
5.4784e-197
1.89417e-188
7.39312e-180
2.51095e-171
8.11614e-163
1.98904e-154
3.22418e-146
4.76712e-138
2.50768e-212
1.62253e-203
7.67134e-195
2.99319e-186
1.29912e-177
4.7496e-169
1.59542e-160
4.02127e-152
6.89561e-144
7.22069e-136
2.6928e-211
1.72622e-202
8.07632e-194
3.1395e-185
1.35635e-176
4.9411e-168
1.65996e-159
4.20904e-151
7.27774e-143
7.52375e-135
3.05713e-210
1.94745e-201
9.01421e-193
3.48008e-184
1.49336e-175
5.41769e-167
1.81834e-158
4.63235e-150
8.05832e-142
8.16065e-134
3.9828e-209
2.5295e-200
1.16497e-191
4.47838e-183
1.91257e-174
6.91767e-166
2.32053e-157
5.93656e-149
1.03852e-140
1.02147e-132
6.07709e-208
3.85719e-199
1.77472e-190
6.80713e-182
2.90112e-173
1.04792e-164
3.51626e-156
9.02603e-148
1.58632e-139
1.50737e-131
1.11099e-206
7.06306e-198
3.25917e-189
1.24932e-180
5.325e-172
1.92266e-163
6.45343e-155
1.66014e-146
2.93428e-138
2.68459e-130
2.49233e-205
1.59233e-196
7.41242e-188
2.84906e-179
1.21824e-170
4.40849e-162
1.48313e-153
3.8244e-145
6.77899e-137
5.93987e-129
6.76937e-204
4.3497e-195
2.03841e-186
7.80616e-178
3.32866e-169
1.20154e-160
4.02846e-152
1.03573e-143
1.84008e-135
1.54179e-127
1.73694e-203
1.02815e-194
4.11997e-186
1.3848e-177
5.24728e-169
1.73358e-160
5.56232e-152
1.43336e-143
2.73187e-135
2.74221e-127
9.83332e-223
5.84944e-214
2.38425e-205
8.61674e-197
3.34052e-188
1.13034e-179
3.54492e-171
8.48557e-163
1.3352e-154
1.85497e-146
1.17094e-220
7.55491e-212
3.51634e-203
1.41518e-194
6.01191e-186
2.1714e-177
7.08951e-169
1.75285e-160
2.8666e-152
2.86993e-144
1.25061e-219
7.99991e-211
3.69072e-202
1.48075e-193
6.26874e-185
2.26005e-176
7.38738e-168
1.83727e-159
3.0221e-151
2.99588e-143
1.41276e-218
8.98217e-210
4.1036e-201
1.63617e-192
6.8874e-184
2.47543e-175
8.08859e-167
2.01974e-158
3.33328e-150
3.24451e-142
1.83255e-217
1.16183e-208
5.28333e-200
2.09834e-191
8.79892e-183
3.15602e-174
1.03134e-165
2.5844e-157
4.27813e-149
4.05685e-141
2.78814e-216
1.7665e-207
8.02414e-199
3.18044e-190
1.33159e-181
4.77276e-173
1.5609e-164
3.92301e-156
6.50849e-148
5.98378e-140
5.08923e-215
3.22877e-206
1.46992e-197
5.8231e-189
2.43876e-180
8.74132e-172
2.86152e-163
7.20791e-155
1.19939e-146
1.06584e-138
1.14172e-213
7.27769e-205
3.33868e-196
1.32603e-187
5.57088e-179
2.00134e-170
6.56752e-162
1.65763e-153
2.76081e-145
2.36036e-137
3.09139e-212
1.9811e-203
9.13297e-195
3.61453e-186
1.51486e-177
5.42811e-169
1.77634e-160
4.47102e-152
7.44753e-144
6.11112e-136
7.44053e-212
4.39321e-203
1.76197e-194
6.19313e-186
2.34246e-177
7.78556e-169
2.45401e-160
6.19276e-152
1.09479e-143
1.07844e-135
4.04938e-231
2.40875e-222
9.95394e-214
3.70933e-205
1.42093e-196
4.76004e-188
1.44824e-179
3.38885e-171
5.27031e-163
6.7301e-155
5.20687e-229
3.34201e-220
1.54686e-211
6.32309e-203
2.62124e-194
9.31033e-186
2.95399e-177
7.14814e-169
1.12998e-160
1.06345e-152
5.53142e-228
3.52683e-219
1.62102e-210
6.60967e-202
2.73297e-193
9.70022e-185
3.08307e-176
7.4998e-168
1.19003e-159
1.11105e-151
6.215e-227
3.94219e-218
1.79656e-209
7.28555e-201
2.99818e-192
1.0616e-183
3.37401e-175
8.23309e-167
1.3081e-158
1.20155e-150
8.02776e-226
5.07952e-217
2.30536e-208
9.31773e-200
3.82298e-191
1.35176e-182
4.29826e-174
1.05175e-165
1.67258e-157
1.50125e-149
1.21804e-224
7.70209e-216
3.49177e-207
1.40896e-198
5.7748e-190
2.04142e-181
6.49781e-173
1.59371e-164
2.53499e-156
2.21346e-148
2.22029e-223
1.40538e-214
6.3822e-206
2.57445e-197
1.05574e-188
3.73395e-180
1.18994e-171
2.9242e-163
4.65496e-155
3.94285e-147
4.98428e-222
3.16724e-213
1.44766e-204
5.85448e-196
2.40828e-187
8.53807e-179
2.72746e-170
6.71317e-162
1.06771e-153
8.73967e-146
1.34632e-220
8.58688e-212
3.93728e-203
1.58737e-194
6.51739e-186
2.30527e-177
7.34683e-169
1.80358e-160
2.86417e-152
2.25965e-144
3.02428e-220
1.78328e-211
7.243e-203
2.6338e-194
9.90488e-186
3.28791e-177
1.0133e-168
2.4915e-160
4.18434e-152
3.95318e-144
1.57579e-239
9.29722e-231
3.89518e-222
1.48721e-213
5.63464e-205
1.87126e-196
5.53847e-188
1.2705e-179
1.98533e-171
2.28973e-163
2.19731e-237
1.38729e-228
6.39569e-220
2.63976e-211
1.06968e-202
3.74142e-194
1.15383e-185
2.7309e-177
4.2472e-169
3.69522e-161
2.32461e-236
1.46045e-227
6.69776e-219
2.75903e-210
1.11604e-201
3.90322e-193
1.2061e-184
2.86669e-176
4.46801e-168
3.86234e-160
2.59712e-235
1.62481e-226
7.39971e-218
3.03448e-209
1.22289e-200
4.26905e-192
1.31923e-183
3.14218e-175
4.89654e-167
4.17323e-159
3.34132e-234
2.08605e-225
9.46746e-217
3.87192e-208
1.55694e-199
5.4302e-191
1.679e-182
4.00689e-174
6.23952e-166
5.21137e-158
5.05703e-233
3.15537e-224
1.43061e-215
5.84346e-207
2.34823e-198
8.19068e-190
2.53512e-181
6.05995e-173
9.42354e-165
7.68124e-157
9.20815e-232
5.74987e-223
2.61018e-214
1.06606e-205
4.28678e-197
1.49639e-188
4.63735e-180
1.11011e-171
1.72462e-163
1.3682e-155
2.06999e-230
1.29657e-221
5.91631e-213
2.42208e-204
9.76716e-196
3.41743e-187
1.06138e-178
2.5437e-170
3.94266e-162
3.03436e-154
5.57597e-229
3.50094e-220
1.60022e-211
6.53451e-203
2.631e-194
9.18794e-186
2.84777e-177
6.80893e-169
1.05243e-160
7.83898e-153
1.16248e-228
6.79686e-220
2.80072e-211
1.04839e-202
3.92322e-194
1.30001e-185
3.91304e-177
9.36707e-169
1.52913e-160
1.35839e-152
)
;

boundaryField
{
    flowInlet
    {
        type            fixedValue;
        value           uniform 0;
    }
    flowOutlet
    {
        type            zeroGradient;
    }
    minorInlet
    {
        type            fixedValue;
        value           uniform 1;
    }
    pipe
    {
        type            zeroGradient;
    }
    topSurf
    {
        type            zeroGradient;
    }
    bottomSurf
    {
        type            zeroGradient;
    }
    innerSurf
    {
        type            zeroGradient;
    }
    outerSurf
    {
        type            zeroGradient;
    }
}


// ************************************************************************* //
