/*--------------------------------*- C++ -*----------------------------------*\
| =========                 |                                                 |
| \\      /  F ield         | OpenFOAM: The Open Source CFD Toolbox           |
|  \\    /   O peration     | Version:  1.7.x                                 |
|   \\  /    A nd           | Web:      www.OpenFOAM.com                      |
|    \\/     M anipulation  |                                                 |
\*---------------------------------------------------------------------------*/
FoamFile
{
    version     2.0;
    format      ascii;
    class       volScalarField;
    location    "0.1";
    object      conc;
}
// * * * * * * * * * * * * * * * * * * * * * * * * * * * * * * * * * * * * * //

dimensions      [0 -3 0 0 1 0 0];

internalField   nonuniform List<scalar> 
8000
(
3.39113e-55
3.24467e-46
5.45842e-38
1.09005e-30
4.75108e-28
3.29138e-26
6.00276e-25
2.40487e-24
4.04754e-25
-2.55001e-24
4.54396e-53
7.03117e-45
7.85326e-37
1.52556e-29
8.09799e-27
5.49808e-25
9.44903e-24
3.54322e-23
2.30927e-24
-4.25821e-23
5.02994e-53
7.63002e-45
8.65557e-37
1.71512e-29
9.07702e-27
6.1559e-25
1.05754e-23
3.98643e-23
5.50995e-24
-3.6251e-23
5.34564e-53
8.07595e-45
9.26499e-37
1.87685e-29
9.84097e-27
6.67879e-25
1.15116e-23
4.38936e-23
8.73959e-24
-2.80409e-23
5.94442e-53
8.88047e-45
1.01886e-36
2.10016e-29
1.10009e-26
7.48867e-25
1.29715e-23
5.01312e-23
1.28302e-23
-2.03091e-23
6.81065e-53
1.00083e-44
1.13891e-36
2.38155e-29
1.25528e-26
8.58583e-25
1.49552e-23
5.85561e-23
1.75977e-23
-1.31887e-23
7.93374e-53
1.14336e-44
1.28159e-36
2.71059e-29
1.44684e-26
9.95488e-25
1.7445e-23
6.91744e-23
2.29688e-23
-6.97909e-24
9.28067e-53
1.31204e-44
1.43956e-36
3.06514e-29
1.66651e-26
1.15462e-24
2.03682e-23
8.18199e-23
2.89211e-23
-1.6827e-24
9.9296e-53
1.40282e-44
1.50188e-36
3.22394e-29
1.77284e-26
1.23722e-24
2.20083e-23
8.97349e-23
3.25173e-23
7.48653e-25
1.94679e-54
7.36311e-46
1.14503e-37
2.5854e-30
1.17235e-27
8.35102e-26
1.57278e-24
6.7799e-24
2.86565e-24
1.21826e-25
8.14367e-47
-6.38176e-39
-4.28217e-31
-1.77103e-28
-3.74495e-26
-1.73324e-24
-2.36619e-23
-7.50267e-23
-8.22903e-24
4.71786e-23
5.40376e-45
6.75809e-38
-7.98111e-30
-2.58492e-27
-6.60766e-25
-2.995e-23
-3.84182e-22
-1.13972e-21
-3.29409e-23
8.43022e-22
5.87749e-45
4.99061e-38
-9.01271e-30
-2.91398e-27
-7.42159e-25
-3.35969e-23
-4.30753e-22
-1.28372e-21
-1.09475e-22
7.14295e-22
6.1893e-45
4.10811e-38
-9.84978e-30
-3.18964e-27
-8.03811e-25
-3.64078e-23
-4.68455e-22
-1.41184e-21
-1.87034e-22
5.47374e-22
6.82253e-45
4.03484e-38
-1.10809e-29
-3.5724e-27
-8.98173e-25
-4.07958e-23
-5.27637e-22
-1.61171e-21
-2.853e-22
3.91497e-22
7.75746e-45
4.59688e-38
-1.27007e-29
-4.05483e-27
-1.02489e-24
-4.67578e-23
-6.08169e-22
-1.88176e-21
-3.98862e-22
2.48604e-22
8.98773e-45
5.94307e-38
-1.46777e-29
-4.61854e-27
-1.1816e-24
-5.42239e-23
-7.09735e-22
-2.22422e-21
-5.26478e-22
1.24303e-22
1.0483e-44
8.46165e-38
-1.69244e-29
-5.2268e-27
-1.36189e-24
-6.29454e-23
-8.2979e-22
-2.63556e-21
-6.68212e-22
1.77126e-23
1.12837e-44
1.28379e-37
-1.79609e-29
-5.48962e-27
-1.44657e-24
-6.73589e-23
-8.95936e-22
-2.88993e-21
-7.51729e-22
-2.91658e-23
2.52532e-46
-1.27901e-38
-1.07385e-30
-4.23823e-28
-9.24092e-26
-4.39093e-24
-6.19566e-23
-2.11383e-22
-6.51725e-23
-2.88174e-24
1.06031e-38
4.33715e-32
7.29295e-29
1.44129e-26
2.01189e-24
6.94976e-23
7.52663e-22
1.93942e-21
1.23975e-22
-7.37448e-22
3.6454e-37
-1.24052e-30
1.39685e-27
2.10931e-25
3.58037e-23
1.20894e-21
1.22697e-20
2.95347e-20
1.30843e-23
-1.37562e-20
3.9545e-37
-1.18702e-30
1.58908e-27
2.39425e-25
4.04888e-23
1.36531e-21
1.38463e-20
3.34499e-20
1.46869e-21
-1.16214e-20
4.16261e-37
-1.19132e-30
1.73931e-27
2.62569e-25
4.39043e-23
1.48157e-21
1.50814e-20
3.68363e-20
2.96702e-21
-8.81233e-21
4.56161e-37
-1.33086e-30
1.95814e-27
2.94275e-25
4.90634e-23
1.66063e-21
1.69958e-20
4.20749e-20
4.86575e-21
-6.18982e-21
5.13737e-37
-1.60162e-30
2.24486e-27
3.34038e-25
5.59678e-23
1.90286e-21
1.95884e-20
4.91214e-20
7.03429e-21
-3.79095e-21
5.88144e-37
-2.03165e-30
2.5932e-27
3.80219e-25
6.4489e-23
2.20611e-21
2.28606e-20
5.80786e-20
9.45083e-21
-1.7083e-21
6.76819e-37
-2.66714e-30
2.98498e-27
4.29391e-25
7.42183e-23
2.55856e-21
2.67163e-20
6.88308e-20
1.21152e-20
8.9789e-23
7.19819e-37
-3.38583e-30
3.14576e-27
4.48145e-25
7.8351e-23
2.72288e-21
2.87064e-20
7.51781e-20
1.36058e-20
8.30111e-22
2.48772e-38
8.36095e-32
1.8392e-28
3.44949e-26
4.95683e-24
1.75931e-22
1.97112e-21
5.46786e-21
1.20169e-21
5.88908e-23
-9.17231e-32
-8.07468e-30
-5.95608e-27
-7.7561e-25
-8.13558e-23
-2.24434e-21
-2.00175e-20
-4.28269e-20
-1.11097e-21
1.01508e-20
-4.35721e-30
2.24302e-28
-1.12604e-25
-1.10177e-23
-1.42035e-21
-3.82448e-20
-3.18459e-19
-6.35748e-19
1.64203e-20
1.93525e-19
-4.94138e-30
2.18374e-28
-1.29176e-25
-1.26127e-23
-1.62059e-21
-4.35742e-20
-3.62441e-19
-7.25418e-19
-6.07353e-21
1.62754e-19
-5.38011e-30
2.19496e-28
-1.41798e-25
-1.38874e-23
-1.76352e-21
-4.74608e-20
-3.96344e-19
-8.01903e-19
-3.01962e-20
1.21764e-19
-6.10228e-30
2.44973e-28
-1.59798e-25
-1.55864e-23
-1.97327e-21
-5.32792e-20
-4.47531e-19
-9.17882e-19
-6.07698e-20
8.32524e-20
-7.12587e-30
2.9439e-28
-1.8317e-25
-1.76847e-23
-2.2504e-21
-6.10517e-20
-5.16033e-19
-1.07235e-18
-9.51235e-20
4.79917e-20
-8.46055e-30
3.72559e-28
-2.11295e-25
-2.00876e-23
-2.58964e-21
-7.07175e-20
-6.02029e-19
-1.26809e-18
-1.32765e-19
1.74173e-20
-1.00543e-29
4.87195e-28
-2.42362e-25
-2.25844e-23
-2.97105e-21
-8.1809e-20
-7.02273e-19
-1.50131e-18
-1.73569e-19
-9.19379e-21
-1.08399e-29
6.08602e-28
-2.53374e-25
-2.33827e-23
-3.11266e-21
-8.64537e-20
-7.49988e-19
-1.63175e-18
-1.95222e-19
-1.91157e-20
-2.77312e-31
-1.58657e-29
-1.50004e-26
-1.85231e-24
-2.00274e-22
-5.68355e-21
-5.25305e-20
-1.21166e-19
-1.83603e-20
-1.08014e-21
1.57937e-29
6.94102e-28
3.13777e-25
2.99979e-23
2.56224e-21
5.89163e-20
4.43407e-19
7.95162e-19
-5.63296e-21
-1.18098e-19
7.53872e-28
-1.76209e-26
5.72501e-24
4.00464e-22
4.25784e-20
9.52419e-19
6.65418e-18
1.10907e-17
-5.69685e-19
-2.22424e-18
8.60928e-28
-1.74335e-26
6.60714e-24
4.61212e-22
4.88885e-20
1.09183e-18
7.61682e-18
1.27138e-17
-3.06592e-19
-1.8433e-18
9.39684e-28
-1.75668e-26
7.27416e-24
5.10199e-22
5.34133e-20
1.19435e-18
8.36898e-18
1.41238e-17
-1.20912e-21
-1.34845e-18
1.06685e-27
-1.96044e-26
8.20664e-24
5.73771e-22
5.98795e-20
1.34393e-18
9.47823e-18
1.62237e-17
3.86067e-19
-8.80254e-19
1.24532e-27
-2.3535e-26
9.40319e-24
6.50726e-22
6.82874e-20
1.5408e-18
1.09433e-17
1.89914e-17
8.12101e-19
-4.5086e-19
1.47565e-27
-2.97092e-26
1.08283e-23
7.37386e-22
7.84751e-20
1.7835e-18
1.27689e-17
2.24828e-17
1.26659e-18
-7.90319e-20
1.74701e-27
-3.86661e-26
1.23783e-23
8.25277e-22
8.97723e-20
2.0588e-18
1.48769e-17
2.66184e-17
1.74755e-18
2.48371e-19
1.86986e-27
-4.76379e-26
1.28709e-23
8.50104e-22
9.36283e-20
2.16773e-18
1.5849e-17
2.89119e-17
2.00177e-18
3.54581e-19
4.80519e-29
1.37529e-27
7.88548e-25
7.15081e-23
6.30785e-21
1.49505e-19
1.16905e-18
2.26761e-18
2.18897e-19
1.73882e-20
-1.47667e-27
-3.29e-26
-1.16987e-23
-8.863e-22
-6.65386e-20
-1.31983e-18
-8.53646e-18
-1.29624e-17
4.99984e-19
1.22755e-18
-7.01526e-26
1.08837e-24
-2.02561e-22
-1.06243e-20
-1.01917e-18
-1.95563e-17
-1.16358e-16
-1.633e-16
1.33342e-17
2.25773e-17
-8.06644e-26
1.11297e-24
-2.34297e-22
-1.22682e-20
-1.17372e-18
-2.24835e-17
-1.3353e-16
-1.87531e-16
1.10194e-17
1.81596e-17
-8.82296e-26
1.14016e-24
-2.58525e-22
-1.36424e-20
-1.28732e-18
-2.47043e-17
-1.47519e-16
-2.09673e-16
7.839e-18
1.27339e-17
-1.00243e-25
1.27571e-24
-2.92025e-22
-1.53785e-20
-1.44636e-18
-2.78821e-17
-1.67785e-16
-2.42193e-16
3.81619e-18
7.55625e-18
-1.16968e-25
1.51934e-24
-3.34653e-22
-1.74299e-20
-1.65016e-18
-3.20112e-17
-1.94263e-16
-2.84721e-16
-4.59417e-19
2.79711e-18
-1.38367e-25
1.88801e-24
-3.85187e-22
-1.96932e-20
-1.8948e-18
-3.70608e-17
-2.27039e-16
-3.38212e-16
-4.79831e-18
-1.32255e-18
-1.63271e-25
2.40585e-24
-4.3981e-22
-2.19283e-20
-2.16337e-18
-4.27426e-17
-2.64651e-16
-4.0142e-16
-9.18719e-18
-5.02148e-18
-1.73637e-25
2.87698e-24
-4.57082e-22
-2.25467e-20
-2.2549e-18
-4.50271e-17
-2.82573e-16
-4.38003e-16
-1.16312e-17
-5.99354e-18
-4.50936e-27
-6.09814e-26
-2.94409e-23
-2.10678e-21
-1.64011e-19
-3.36405e-18
-2.27082e-17
-3.75378e-17
-1.93406e-18
-2.67504e-19
7.98713e-26
1.05627e-24
3.45475e-22
2.07385e-20
1.47672e-18
2.59574e-17
1.45539e-16
1.85017e-16
-1.2499e-17
-9.80902e-18
3.66272e-24
-4.52624e-23
5.6372e-21
2.12446e-19
2.0296e-17
3.41878e-16
1.73568e-15
2.0079e-15
-2.29571e-16
-1.71624e-16
4.21329e-24
-4.74927e-23
6.5223e-21
2.45192e-19
2.33937e-17
3.9338e-16
1.99312e-15
2.30587e-15
-2.18108e-16
-1.28647e-16
4.6082e-24
-4.92878e-23
7.20698e-21
2.74309e-19
2.57594e-17
4.34483e-16
2.2181e-15
2.60454e-15
-1.93441e-16
-8.11878e-17
5.23407e-24
-5.52639e-23
8.14987e-21
3.10077e-19
2.90194e-17
4.92418e-16
2.53952e-15
3.03807e-15
-1.62581e-16
-3.53453e-17
6.1032e-24
-6.54052e-23
9.34363e-21
3.51175e-19
3.3149e-17
5.66978e-16
2.95631e-15
3.60244e-15
-1.32151e-16
6.9459e-18
7.21284e-24
-8.0269e-23
1.07577e-20
3.95362e-19
3.80684e-17
6.57576e-16
3.46985e-15
4.31227e-15
-1.0502e-16
4.36746e-17
8.50192e-24
-1.00592e-22
1.22877e-20
4.37597e-19
4.34308e-17
7.58981e-16
4.05729e-15
5.15206e-15
-8.11842e-17
7.78344e-17
9.04062e-24
-1.17533e-22
1.27965e-20
4.50396e-19
4.53751e-17
8.02722e-16
4.36057e-15
5.6806e-15
-6.61409e-17
8.43456e-17
2.44776e-25
1.763e-24
8.72646e-22
4.91162e-20
3.65164e-18
6.67166e-17
3.93354e-16
5.50897e-16
6.80368e-18
3.6796e-18
-3.93842e-24
-1.77772e-23
-7.49508e-21
-3.70811e-19
-2.79356e-17
-4.44914e-16
-2.17191e-15
-2.29692e-15
2.41095e-16
6.03652e-17
-1.74091e-22
1.70508e-21
-1.19471e-19
-2.98087e-18
-3.3665e-16
-5.04102e-15
-2.15388e-14
-1.98809e-14
3.48058e-15
1.02922e-15
-2.00343e-22
1.82738e-21
-1.37849e-19
-3.42955e-18
-3.87673e-16
-5.79571e-15
-2.47175e-14
-2.28334e-14
3.53182e-15
6.0368e-16
-2.19098e-22
1.92367e-21
-1.52166e-19
-3.87364e-18
-4.28777e-16
-6.44658e-15
-2.78482e-14
-2.63574e-14
3.41477e-15
2.03927e-16
-2.48807e-22
2.1631e-21
-1.72206e-19
-4.39635e-18
-4.84813e-16
-7.35447e-15
-3.22728e-14
-3.14109e-14
3.27918e-15
-1.94084e-16
-2.89923e-22
2.54393e-21
-1.97832e-19
-4.96986e-18
-5.55276e-16
-8.51638e-15
-3.79845e-14
-3.79664e-14
3.19422e-15
-5.66286e-16
-3.42321e-22
3.08116e-21
-2.28592e-19
-5.55613e-18
-6.38788e-16
-9.92282e-15
-4.50072e-14
-4.62339e-14
3.2008e-15
-8.94999e-16
-4.03341e-22
3.79332e-21
-2.62476e-19
-6.07943e-18
-7.29522e-16
-1.14948e-14
-5.30464e-14
-5.60671e-14
3.29834e-15
-1.22131e-15
-4.2919e-22
4.34379e-21
-2.75254e-19
-6.26683e-18
-7.66342e-16
-1.22566e-14
-5.77425e-14
-6.30579e-14
3.34494e-15
-1.25595e-15
-1.21431e-23
-1.31601e-23
-1.92075e-20
-8.71376e-19
-6.95253e-17
-1.16089e-15
-6.04095e-15
-7.21257e-15
1.81858e-16
-5.52893e-17
1.13606e-22
-2.6051e-22
1.31869e-19
4.2926e-18
4.44981e-16
6.60636e-15
2.78836e-14
2.30495e-14
-3.34477e-15
-1.03185e-17
5.08179e-21
-4.93924e-20
2.13653e-18
1.83642e-17
4.56165e-15
6.11838e-14
2.07593e-13
1.26159e-13
-3.88646e-14
-2.57403e-16
5.82063e-21
-5.40205e-20
2.45406e-18
2.0713e-17
5.24005e-15
7.02146e-14
2.38209e-13
1.45976e-13
-4.05773e-14
2.68271e-15
6.35083e-21
-5.7616e-20
2.7027e-18
2.42859e-17
5.83077e-15
7.90665e-14
2.76025e-13
1.81282e-13
-4.09082e-14
4.75608e-15
7.20613e-21
-6.49351e-20
3.06105e-18
2.78902e-17
6.63213e-15
9.13444e-14
3.2906e-13
2.31109e-13
-4.15707e-14
7.00585e-15
8.39512e-21
-7.59137e-20
3.52746e-18
3.11028e-17
7.63746e-15
1.07028e-13
3.97315e-13
2.953e-13
-4.31508e-14
9.20639e-15
9.92023e-21
-9.08432e-20
4.09768e-18
3.34596e-17
8.8269e-15
1.26e-13
4.813e-13
3.76774e-13
-4.61345e-14
1.12654e-14
1.17187e-20
-1.09992e-19
4.7425e-18
3.43216e-17
1.01219e-14
1.47284e-13
5.78107e-13
4.74975e-13
-5.05667e-14
1.35781e-14
1.25467e-20
-1.23513e-19
5.02194e-18
3.52633e-17
1.07338e-14
1.59326e-13
6.44628e-13
5.57273e-13
-5.36415e-14
1.37213e-14
3.55755e-22
-1.48659e-21
3.46423e-19
9.82437e-18
1.12085e-15
1.77157e-14
8.18926e-14
8.09012e-14
-4.7413e-15
6.70779e-16
-3.21551e-21
2.69651e-20
-1.65236e-18
-6.98555e-18
-5.91038e-15
-8.26046e-14
-2.87564e-13
-1.5755e-13
4.1758e-14
-5.70763e-15
-1.37332e-19
1.32592e-18
-3.28322e-17
3.61805e-16
-4.85625e-14
-5.51281e-13
-1.04586e-12
3.44863e-13
3.48445e-13
-8.14496e-14
-1.56098e-19
1.47512e-18
-3.75301e-17
4.25487e-16
-5.55945e-14
-6.31937e-13
-1.21466e-12
3.42716e-13
3.6609e-13
-1.03567e-13
-1.69815e-19
1.59097e-18
-4.10781e-17
4.59117e-16
-6.25905e-14
-7.34185e-13
-1.60084e-12
4.66345e-14
3.82767e-13
-1.12259e-13
-1.92477e-19
1.79783e-18
-4.65454e-17
5.18724e-16
-7.20758e-14
-8.75611e-13
-2.13703e-12
-3.54525e-13
4.07303e-13
-1.25227e-13
-2.24196e-19
2.09481e-18
-5.39872e-17
6.09147e-16
-8.39927e-14
-1.05614e-12
-2.82194e-12
-8.57161e-13
4.44114e-13
-1.39822e-13
-2.65184e-19
2.48717e-18
-6.34485e-17
7.33394e-16
-9.81105e-14
-1.27488e-12
-3.66656e-12
-1.50051e-12
4.99064e-13
-1.55689e-13
-3.14361e-19
2.97507e-18
-7.46233e-17
8.87777e-16
-1.13588e-13
-1.52265e-12
-4.65427e-12
-2.29578e-12
5.73517e-13
-1.76892e-13
-3.39692e-19
3.28816e-18
-8.00976e-17
9.45474e-16
-1.22371e-13
-1.69273e-12
-5.49804e-12
-3.15212e-12
6.3753e-13
-1.80195e-13
-1.01561e-20
8.991e-20
-4.68632e-18
-3.33255e-18
-1.523e-14
-2.33641e-13
-9.50187e-13
-7.57182e-13
8.19148e-14
-1.10653e-14
4.80477e-20
-6.84305e-19
1.94031e-17
-6.95566e-16
4.61513e-14
6.0783e-13
1.41556e-12
-2.16415e-13
-2.51772e-13
5.71051e-14
1.94259e-18
-2.15954e-17
4.12477e-16
-8.69851e-15
2.55403e-13
1.44916e-12
-1.01874e-11
-2.20026e-11
-7.26363e-13
7.37808e-13
2.19546e-18
-2.43228e-17
4.72254e-16
-1.00077e-14
2.91522e-13
1.6909e-12
-1.11363e-11
-2.40883e-11
-7.02725e-13
8.02134e-13
2.38622e-18
-2.64515e-17
5.183e-16
-1.11703e-14
3.40324e-13
2.4227e-12
-8.71745e-12
-2.26564e-11
-8.62657e-13
7.94888e-13
2.70466e-18
-2.99877e-17
5.89819e-16
-1.28504e-14
4.0667e-13
3.43141e-12
-5.44092e-12
-2.09936e-11
-1.08334e-12
8.23778e-13
3.1519e-18
-3.49495e-17
6.88382e-16
-1.50735e-14
4.90243e-13
4.71206e-12
-1.3683e-12
-1.91807e-11
-1.3769e-12
8.73769e-13
3.73224e-18
-4.14044e-17
8.15033e-16
-1.78342e-14
5.89557e-13
6.26806e-12
3.66576e-12
-1.68255e-11
-1.79183e-12
9.46658e-13
4.43607e-18
-4.92758e-17
9.66034e-16
-2.10149e-14
6.9981e-13
8.06408e-12
9.75918e-12
-1.36256e-11
-2.35591e-12
1.06306e-12
4.83159e-18
-5.39498e-17
1.04405e-15
-2.27294e-14
7.78495e-13
9.66899e-12
1.70627e-11
-7.80859e-12
-2.99866e-12
1.11391e-12
1.53067e-19
-2.13258e-18
5.84399e-17
-1.93093e-15
1.24875e-13
1.9485e-12
6.77851e-12
3.68924e-12
-6.89817e-13
9.10497e-14
7.07441e-21
-1.8112e-19
8.06068e-18
8.57481e-16
-1.55576e-13
-1.25614e-12
3.26446e-12
1.19275e-11
3.22185e-13
-1.00608e-13
-3.60439e-19
1.01274e-17
-3.92649e-16
1.19198e-14
-8.36682e-14
1.72771e-11
1.76951e-10
2.1834e-10
-3.15246e-12
-1.47264e-12
-3.82458e-19
1.10255e-17
-4.46376e-16
1.36433e-14
-1.02315e-13
1.91691e-11
1.96028e-10
2.39297e-10
-3.91625e-12
-1.43873e-12
-4.10059e-19
1.19432e-17
-4.92739e-16
1.58267e-14
-2.57068e-13
1.71413e-11
1.90375e-10
2.36639e-10
-3.96379e-12
-1.2285e-12
-4.77092e-19
1.38926e-17
-5.76785e-16
1.90691e-14
-4.69012e-13
1.43729e-11
1.83533e-10
2.364e-10
-4.03239e-12
-1.11393e-12
-5.86199e-19
1.69505e-17
-7.02406e-16
2.34519e-14
-7.35902e-13
1.09469e-11
1.76191e-10
2.39221e-10
-4.16917e-12
-1.03838e-12
-7.46887e-19
2.13274e-17
-8.75786e-16
2.90498e-14
-1.05448e-12
6.77498e-12
1.67128e-10
2.42756e-10
-4.27075e-12
-9.92507e-13
-9.68878e-19
2.7221e-17
-1.10057e-15
3.58052e-14
-1.41739e-12
1.71311e-12
1.54291e-10
2.44317e-10
-4.18546e-12
-1.02024e-12
-1.17398e-18
3.21155e-17
-1.24622e-15
4.05524e-14
-1.77682e-12
-5.34172e-12
1.22004e-10
2.22857e-10
-3.41196e-12
-9.9475e-13
5.11231e-22
1.72058e-19
-1.52794e-17
3.04905e-15
-4.81681e-13
-6.47854e-12
-1.67764e-11
-6.15952e-13
9.23521e-13
-6.59779e-14
3.70322e-22
4.23063e-19
-1.61648e-16
1.8536e-15
2.59788e-13
-5.67586e-12
-9.22279e-11
-1.45998e-10
-4.23739e-14
9.62889e-13
-2.89592e-20
2.17649e-18
-1.98589e-17
-6.43492e-15
-5.84412e-12
-2.14845e-10
-1.62103e-09
-1.80354e-09
1.80456e-11
1.14966e-11
-2.34619e-20
2.08884e-18
-2.09566e-17
-7.37505e-15
-6.51e-12
-2.38723e-10
-1.79024e-09
-1.96924e-09
2.25639e-11
1.07123e-11
-2.02168e-20
2.09262e-18
-4.3912e-17
-1.02208e-14
-6.13276e-12
-2.35727e-10
-1.79294e-09
-1.97827e-09
2.37921e-11
8.50689e-12
-1.72572e-20
1.91119e-18
-4.22084e-17
-1.40081e-14
-5.60227e-12
-2.31807e-10
-1.80562e-09
-2.02099e-09
2.50432e-11
7.06727e-12
-1.21185e-20
1.38226e-18
-6.57493e-18
-1.90498e-14
-4.94179e-12
-2.27729e-10
-1.83339e-09
-2.10108e-09
2.70888e-11
5.97675e-12
-2.62063e-21
2.80786e-19
8.38838e-17
-2.58251e-14
-4.14279e-12
-2.22584e-10
-1.86746e-09
-2.20389e-09
2.98768e-11
5.1398e-12
1.29853e-20
-1.57581e-18
2.55242e-16
-3.48193e-14
-3.16119e-12
-2.14052e-10
-1.88902e-09
-2.30854e-09
3.28926e-11
4.77433e-12
2.65628e-20
-3.1995e-18
3.85149e-16
-4.31813e-14
-1.53802e-12
-1.83039e-10
-1.7491e-09
-2.24385e-09
3.34062e-11
4.35191e-12
7.64645e-22
7.91258e-19
-3.28781e-16
3.00179e-15
1.48645e-12
1.19688e-11
-3.57005e-11
-1.29773e-10
2.77341e-13
2.68479e-13
1.28936e-20
4.66645e-18
4.37126e-16
-2.14914e-15
2.27611e-12
1.09488e-10
1.01899e-09
1.44075e-09
-6.34404e-13
-2.36116e-11
-8.68263e-20
6.51062e-18
-1.32074e-15
1.51376e-13
6.03633e-11
1.72533e-09
1.22859e-08
1.36833e-08
-5.87585e-11
-3.06218e-10
-9.17166e-20
7.87891e-18
-1.49486e-15
1.69242e-13
6.7063e-11
1.90958e-09
1.34989e-08
1.48453e-08
-8.26278e-11
-2.68658e-10
-8.82913e-20
9.94254e-18
-1.2696e-15
1.73366e-13
6.70927e-11
1.92914e-09
1.36774e-08
1.50334e-08
-8.38183e-11
-1.99111e-10
-9.32237e-20
1.17593e-17
-9.71715e-16
1.7178e-13
6.69974e-11
1.95726e-09
1.39902e-08
1.55215e-08
-7.81284e-11
-1.46386e-10
-1.05904e-19
1.34536e-17
-6.18425e-16
1.66111e-13
6.69473e-11
1.99889e-09
1.44676e-08
1.63277e-08
-7.45861e-11
-1.04538e-10
-1.27592e-19
1.47133e-17
-2.45095e-16
1.57556e-13
6.67651e-11
2.04695e-09
1.50503e-08
1.73587e-08
-7.43165e-11
-7.11203e-11
-1.64936e-19
1.41392e-17
1.13835e-16
1.46591e-13
6.5861e-11
2.08236e-09
1.55989e-08
1.84604e-08
-7.54319e-11
-5.07295e-11
-1.82533e-19
1.34763e-17
6.35536e-16
1.30236e-13
5.91132e-11
1.95525e-09
1.50573e-08
1.84575e-08
-7.35892e-11
-4.05071e-11
2.4297e-20
1.0683e-17
1.21595e-15
-3.07456e-14
-1.07687e-12
7.66571e-11
1.04706e-09
1.7312e-09
-4.05187e-12
2.58503e-13
-5.07117e-20
-1.17207e-17
-1.2661e-16
-1.7766e-13
-3.12838e-11
-1.03155e-09
-8.99504e-09
-1.33178e-08
-2.58213e-12
-2.762e-10
9.18425e-20
2.13472e-17
1.6694e-14
-2.30596e-12
-4.2243e-10
-1.14289e-08
-8.40531e-08
-1.00902e-07
6.43201e-10
6.31223e-10
9.43366e-20
2.48099e-17
1.86411e-14
-2.54962e-12
-4.66868e-10
-1.25845e-08
-9.18007e-08
-1.0854e-07
7.85066e-10
1.46967e-10
6.27181e-20
1.87045e-17
1.83335e-14
-2.60341e-12
-4.7439e-10
-1.28245e-08
-9.35044e-08
-1.10386e-07
6.74494e-10
-5.65729e-10
5.49343e-20
9.07254e-18
1.80326e-14
-2.62347e-12
-4.83706e-10
-1.31589e-08
-9.62777e-08
-1.14537e-07
4.99337e-10
-9.76589e-10
6.69023e-20
-3.14888e-18
1.7729e-14
-2.61778e-12
-4.95713e-10
-1.36123e-08
-1.00271e-07
-1.21097e-07
3.43263e-10
-1.21646e-09
1.07603e-19
-1.7118e-17
1.74064e-14
-2.58372e-12
-5.08995e-10
-1.4139e-08
-1.05112e-07
-1.29441e-07
1.84466e-10
-1.40663e-09
2.27462e-19
-3.21427e-17
1.69705e-14
-2.50532e-12
-5.19424e-10
-1.46166e-08
-1.09883e-07
-1.38454e-07
-5.79709e-12
-1.44731e-09
2.76114e-19
-5.10612e-17
1.47075e-14
-2.30066e-12
-4.93604e-10
-1.41371e-08
-1.08143e-07
-1.40895e-07
-2.25021e-10
-1.38122e-09
-1.22667e-19
-3.51708e-17
-1.45306e-15
-8.80029e-14
-2.9427e-11
-1.17744e-09
-1.11414e-08
-1.77197e-08
-3.11475e-11
-6.11108e-10
1.74252e-20
1.98643e-17
1.50164e-15
2.0285e-12
2.41745e-10
7.64042e-09
7.09933e-08
1.22177e-07
2.32443e-08
-1.57698e-08
-1.83693e-19
-1.17662e-16
-4.31223e-14
1.84247e-11
2.37788e-09
6.64166e-08
5.38363e-07
7.52829e-07
1.6797e-08
2.11536e-07
-2.0573e-19
-1.35392e-16
-4.79783e-14
2.01487e-11
2.61117e-09
7.26926e-08
5.84067e-07
8.01891e-07
2.98371e-08
1.69799e-07
-1.93217e-19
-1.30329e-16
-4.76615e-14
2.05847e-11
2.66733e-09
7.43345e-08
5.96196e-07
8.16806e-07
3.91073e-08
1.05709e-07
-1.9698e-19
-1.32731e-16
-4.9053e-14
2.09199e-11
2.73833e-09
7.65898e-08
6.15333e-07
8.48807e-07
3.5006e-08
6.29033e-08
-2.15068e-19
-1.42071e-16
-5.19552e-14
2.1186e-11
2.82772e-09
7.95577e-08
6.42153e-07
8.98683e-07
2.32886e-08
3.79624e-08
-2.51018e-19
-1.56309e-16
-5.61096e-14
2.13416e-11
2.92749e-09
8.29865e-08
6.74445e-07
9.62003e-07
1.0662e-08
2.94356e-08
-3.27964e-19
-1.69834e-16
-6.11399e-14
2.12567e-11
3.01601e-09
8.62115e-08
7.067e-07
1.03086e-06
9.50477e-10
3.05744e-08
-3.55525e-19
-1.4764e-16
-5.94033e-14
2.02145e-11
2.92731e-09
8.45996e-08
7.0354e-07
1.06266e-06
-3.52369e-10
4.15202e-08
4.28618e-20
3.05469e-17
1.06494e-15
2.11455e-12
2.93437e-10
9.81446e-09
9.37305e-08
1.68754e-07
4.79324e-09
1.56077e-07
6.40231e-20
-3.38797e-16
-4.30693e-14
-1.40514e-11
-1.44871e-09
-4.7889e-08
-5.10613e-07
-1.10461e-06
6.95285e-06
-1.09067e-06
3.67284e-18
-2.23985e-15
-1.44993e-13
-1.03455e-10
-1.13096e-08
-3.40242e-07
-3.21399e-06
-5.66098e-06
3.08411e-05
1.24018e-05
4.04502e-18
-2.41305e-15
-1.52099e-13
-1.11986e-10
-1.23275e-08
-3.69785e-07
-3.46046e-06
-5.96052e-06
3.48158e-05
1.07165e-05
3.82492e-18
-2.44942e-15
-1.55118e-13
-1.14132e-10
-1.2603e-08
-3.78259e-07
-3.53137e-06
-6.06814e-06
3.38488e-05
7.28985e-06
3.80124e-18
-2.40455e-15
-1.48856e-13
-1.16084e-10
-1.2951e-08
-3.89783e-07
-3.64212e-06
-6.30636e-06
3.03803e-05
3.41508e-06
3.87257e-18
-2.2922e-15
-1.34311e-13
-1.17945e-10
-1.33829e-08
-4.04702e-07
-3.79558e-06
-6.67805e-06
2.58476e-05
-1.05165e-06
4.01674e-18
-2.12149e-15
-1.12379e-13
-1.19498e-10
-1.38637e-08
-4.21848e-07
-3.97972e-06
-7.15116e-06
2.10262e-05
-5.63208e-06
4.32719e-18
-1.89317e-15
-8.3173e-14
-1.2017e-10
-1.43029e-08
-4.38186e-07
-4.16547e-06
-7.67281e-06
1.62186e-05
-9.31276e-06
4.13993e-18
-1.68667e-15
-6.54892e-14
-1.1624e-10
-1.40319e-08
-4.33674e-07
-4.17951e-06
-8.00509e-06
1.14415e-05
-1.32134e-05
1.21448e-19
-2.9663e-16
-3.74368e-14
-1.63958e-11
-1.8682e-09
-6.35495e-08
-6.84819e-07
-1.54376e-06
2.40162e-06
-2.30036e-05
-3.54876e-18
2.51604e-15
3.78701e-13
7.4117e-11
7.10691e-09
2.61771e-07
3.44422e-06
1.18725e-05
0.000350581
0.000706357
-4.6033e-17
1.86428e-14
2.0881e-12
4.63772e-10
4.55125e-08
1.54969e-06
1.82696e-05
5.14694e-05
0.00158538
0.000395086
-5.04925e-17
2.0052e-14
2.21755e-12
4.9777e-10
4.92073e-08
1.67113e-06
1.95123e-05
5.4129e-05
0.00172167
0.000586315
-5.004e-17
2.02017e-14
2.23311e-12
5.05144e-10
5.02047e-08
1.70584e-06
1.98632e-05
5.45765e-05
0.00165262
0.000864247
-5.03323e-17
2.00669e-14
2.2163e-12
5.12272e-10
5.14517e-08
1.75259e-06
2.04161e-05
5.55081e-05
0.00151749
0.00116417
-5.09701e-17
1.97087e-14
2.17184e-12
5.195e-10
5.29819e-08
1.81256e-06
2.11828e-05
5.72188e-05
0.00135336
0.00147515
-5.18112e-17
1.91542e-14
2.10185e-12
5.26104e-10
5.46789e-08
1.88126e-06
2.21041e-05
5.96397e-05
0.00118187
0.00175556
-5.31656e-17
1.83842e-14
2.00435e-12
5.30278e-10
5.62472e-08
1.94727e-06
2.30455e-05
6.25092e-05
0.00100806
0.00193954
-5.09118e-17
1.71758e-14
1.88359e-12
5.17093e-10
5.54908e-08
1.93659e-06
2.32318e-05
6.44829e-05
0.000800726
0.00210397
-4.30311e-18
2.42598e-15
3.74145e-13
8.75561e-11
9.16727e-09
3.45114e-07
4.56109e-06
1.46362e-05
0.000155133
0.00153593
2.78887e-17
-9.47484e-15
-1.92728e-12
-3.06641e-10
-2.8306e-08
-1.20462e-06
-2.08681e-05
-3.61455e-05
0.00811178
-0.0479211
2.64443e-16
-6.72699e-14
-1.06794e-11
-1.63579e-09
-1.50424e-07
-6.02095e-06
-9.50838e-05
-9.60688e-05
0.0330274
-0.0750436
2.89522e-16
-7.20225e-14
-1.13053e-11
-1.73997e-09
-1.61149e-07
-6.43934e-06
-0.000100693
-8.63379e-05
0.0351827
-0.0866226
2.90736e-16
-7.1801e-14
-1.12888e-11
-1.75407e-09
-1.63647e-07
-6.54458e-06
-0.000102064
-0.000102083
0.0337279
-0.0949927
2.93316e-16
-7.09888e-14
-1.11855e-11
-1.7666e-09
-1.66685e-07
-6.68474e-06
-0.000104397
-0.000135341
0.0315457
-0.101347
2.96795e-16
-6.98136e-14
-1.10189e-11
-1.77906e-09
-1.70378e-07
-6.86449e-06
-0.000107702
-0.000180543
0.029057
-0.106005
3.00678e-16
-6.83825e-14
-1.08015e-11
-1.79035e-09
-1.74462e-07
-7.07039e-06
-0.000111692
-0.000232831
0.026487
-0.108486
3.05038e-16
-6.67058e-14
-1.054e-11
-1.7976e-09
-1.78273e-07
-7.27059e-06
-0.000115854
-0.000289597
0.0238904
-0.107089
2.93496e-16
-6.29749e-14
-1.0059e-11
-1.75673e-09
-1.76184e-07
-7.23955e-06
-0.000117016
-0.000348937
0.0204358
-0.102948
3.28261e-17
-8.97463e-15
-1.9071e-12
-3.49336e-10
-3.52284e-08
-1.53566e-06
-2.6915e-05
-0.000100241
0.00465561
-0.0465036
-1.12025e-16
6.07127e-14
1.03902e-11
1.07971e-09
8.63535e-08
4.42282e-06
0.000125232
0.00246144
0.146876
0.972914
-8.98726e-16
3.84035e-13
5.3492e-11
4.92957e-09
3.79968e-07
1.86501e-05
0.00049791
0.00914509
0.511345
2.54032
-9.88149e-16
4.09417e-13
5.65048e-11
5.1982e-09
4.02724e-07
1.97734e-05
0.000524538
0.00950576
0.533246
2.5895
-1.00072e-15
4.06767e-13
5.61827e-11
5.19876e-09
4.05857e-07
1.99549e-05
0.000525609
0.00922905
0.512298
2.42925
-1.01742e-15
4.02364e-13
5.56091e-11
5.18808e-09
4.09199e-07
2.01748e-05
0.000528138
0.00892809
0.486798
2.24829
-1.03789e-15
3.97478e-13
5.49212e-11
5.17399e-09
4.13233e-07
2.04598e-05
0.000533113
0.00865056
0.460676
2.06788
-1.06022e-15
3.92603e-13
5.41853e-11
5.15868e-09
4.17735e-07
2.0792e-05
0.000540387
0.00842197
0.434882
1.89365
-1.08293e-15
3.88016e-13
5.34732e-11
5.14442e-09
4.22089e-07
2.1121e-05
0.000548536
0.00823789
0.409624
1.74054
-1.04915e-15
3.70971e-13
5.14794e-11
5.02007e-09
4.16074e-07
2.09321e-05
0.000545086
0.00790564
0.372257
1.5341
-1.40035e-16
5.95315e-14
1.03451e-11
1.15531e-09
1.00033e-07
5.25727e-06
0.000143855
0.00213024
0.0985554
0.475743
-2.74094e-15
-7.90084e-13
-6.48284e-11
-3.48163e-09
-1.69187e-07
-8.42519e-06
-0.000269354
0.0149237
1.36234
15.5282
-1.74855e-14
-4.20407e-12
-2.88855e-10
-1.33204e-08
-5.86963e-07
-2.82945e-05
-0.000892348
0.0578201
3.89537
31.2654
-1.87081e-14
-4.46123e-12
-3.03455e-10
-1.39051e-08
-6.11796e-07
-2.96e-05
-0.00093946
0.0598575
4.03135
32.1746
-1.87018e-14
-4.44143e-12
-3.00955e-10
-1.37837e-08
-6.08471e-07
-2.97252e-05
-0.00097392
0.0556685
3.90195
31.5566
-1.86811e-14
-4.40874e-12
-2.97317e-10
-1.36069e-08
-6.02976e-07
-2.98258e-05
-0.00102067
0.0503559
3.75849
30.8609
-1.86848e-14
-4.3752e-12
-2.93403e-10
-1.3412e-08
-5.96615e-07
-2.99247e-05
-0.00107508
0.0446311
3.62485
30.2667
-1.87177e-14
-4.34518e-12
-2.89696e-10
-1.32241e-08
-5.9033e-07
-3.00293e-05
-0.00113356
0.038735
3.5028
29.8102
-1.87813e-14
-4.32254e-12
-2.86783e-10
-1.30792e-08
-5.85607e-07
-3.0171e-05
-0.00119363
0.0328837
3.39302
29.4471
-1.82257e-14
-4.18041e-12
-2.78078e-10
-1.27408e-08
-5.73172e-07
-2.98555e-05
-0.00123619
0.0255428
3.17478
28.2622
-2.96397e-15
-8.14554e-13
-6.45267e-11
-3.44309e-09
-1.71659e-07
-9.3167e-06
-0.000398089
0.00382527
1.00159
13.2414
1.83075e-15
4.46381e-13
3.87416e-11
3.03459e-09
2.75269e-07
2.88557e-05
0.00302229
0.240714
9.75439
112.511
5.80956e-15
9.98975e-13
7.35015e-11
7.03371e-09
7.53217e-07
8.48677e-05
0.00936995
0.755312
24.0341
195.287
5.62814e-15
9.3201e-13
6.88838e-11
6.98057e-09
7.67571e-07
8.74211e-05
0.00969965
0.781145
24.776
199.486
5.02938e-15
7.98473e-13
5.99029e-11
6.51285e-09
7.38298e-07
8.51357e-05
0.00949138
0.76425
24.4058
197.617
4.30358e-15
6.36001e-13
4.89485e-11
5.92768e-09
6.99976e-07
8.20054e-05
0.00922288
0.747117
24.0929
196.153
3.53457e-15
4.66383e-13
3.77691e-11
5.32939e-09
6.59262e-07
7.85671e-05
0.00894045
0.732248
23.888
195.341
2.80462e-15
3.11346e-13
2.8079e-11
4.81419e-09
6.2173e-07
7.51849e-05
0.00866484
0.720214
23.7957
195.221
2.20376e-15
1.93387e-13
2.15645e-11
4.47195e-09
5.92398e-07
7.21877e-05
0.00841609
0.711897
23.8257
195.791
1.85979e-15
1.5016e-13
2.05237e-11
4.32719e-09
5.65095e-07
6.84872e-05
0.00803015
0.68989
23.3594
192.696
1.00236e-15
2.1635e-13
1.95624e-11
1.89132e-09
2.00637e-07
2.30211e-05
0.00257276
0.216317
9.31917
110.159
7.05183e-15
2.1142e-12
2.08251e-10
1.44273e-08
9.91134e-07
7.77808e-05
0.00619965
0.377234
12.5149
139.415
3.84073e-14
9.74e-12
8.13501e-10
4.97229e-08
3.1887e-06
0.000244364
0.0195489
1.15416
29.8908
236.464
4.0108e-14
1.00681e-11
8.31198e-10
5.05671e-08
3.25691e-06
0.000251571
0.0202242
1.19285
30.7706
241.05
3.88799e-14
9.70478e-12
7.96661e-10
4.85161e-08
3.1521e-06
0.000246074
0.0198972
1.1742
30.4722
239.799
3.73428e-14
9.24274e-12
7.5307e-10
4.59285e-08
3.01698e-06
0.00023875
0.0194967
1.15772
30.2968
239.359
3.56373e-14
8.71926e-12
7.03432e-10
4.29762e-08
2.86222e-06
0.000230397
0.0190803
1.14564
30.2791
239.856
3.38181e-14
8.15225e-12
6.49525e-10
3.97673e-08
2.69377e-06
0.000221332
0.0186598
1.13805
30.4137
241.234
3.19633e-14
7.56601e-12
5.93825e-10
3.64528e-08
2.51946e-06
0.000211933
0.0182486
1.13548
30.7077
243.475
2.9278e-14
6.81205e-12
5.27937e-10
3.26016e-08
2.30795e-06
0.000199174
0.0175276
1.11355
30.4708
241.976
5.63493e-15
1.58847e-12
1.4817e-10
1.02707e-08
7.53275e-07
6.48995e-05
0.00560645
0.361624
12.6809
143.059
9.9055e-15
3.28423e-12
3.59175e-10
2.6376e-08
1.7803e-06
0.000128235
0.0089826
0.466923
13.5912
145.254
6.17529e-14
1.77275e-11
1.67578e-09
1.07553e-07
6.5132e-06
0.000437053
0.0294269
1.42646
32.1117
244.544
6.65217e-14
1.9015e-11
1.78737e-09
1.14125e-07
6.88481e-06
0.000460705
0.0308954
1.48595
33.1388
249.306
6.65173e-14
1.90373e-11
1.79053e-09
1.14421e-07
6.90914e-06
0.000462434
0.0309263
1.47885
32.9749
248.468
6.64306e-14
1.90254e-11
1.79024e-09
1.14511e-07
6.92098e-06
0.00046349
0.0309725
1.47809
32.9812
248.59
6.65222e-14
1.90543e-11
1.79323e-09
1.14793e-07
6.94298e-06
0.000465319
0.0311231
1.48673
33.1962
249.752
6.68553e-14
1.91449e-11
1.80163e-09
1.15397e-07
6.98149e-06
0.000468219
0.0313896
1.50496
33.6133
251.858
6.74909e-14
1.93158e-11
1.81737e-09
1.1644e-07
7.0418e-06
0.000472372
0.03178
1.53361
34.2405
254.868
6.63732e-14
1.90592e-11
1.80086e-09
1.15832e-07
7.01635e-06
0.000470904
0.0317786
1.54369
34.3894
254.358
1.06163e-14
3.53735e-12
3.8899e-10
2.88191e-08
1.95792e-06
0.000141546
0.00989721
0.510246
14.6787
152.539
9.19694e-15
3.23477e-12
3.75956e-10
2.91305e-08
2.0351e-06
0.000147003
0.00996355
0.487365
13.7211
147.713
5.63484e-14
1.70347e-11
1.70157e-09
1.14744e-07
7.18682e-06
0.000485547
0.0316815
1.4465
32.0824
247.698
5.95101e-14
1.78215e-11
1.76248e-09
1.17962e-07
7.37038e-06
0.000499026
0.0326265
1.48675
32.9496
252.661
5.80934e-14
1.73347e-11
1.7083e-09
1.14183e-07
7.1523e-06
0.000486844
0.0319451
1.45688
32.5872
252.013
5.63971e-14
1.67535e-11
1.64467e-09
1.09805e-07
6.89905e-06
0.000472685
0.0312119
1.4305
32.3591
252.364
5.4603e-14
1.61323e-11
1.57678e-09
1.05156e-07
6.63028e-06
0.000457811
0.0305007
1.40997
32.2993
253.789
5.27263e-14
1.54837e-11
1.50663e-09
1.00399e-07
6.35558e-06
0.000442664
0.0298218
1.39508
32.3977
256.189
5.08279e-14
1.48377e-11
1.43836e-09
9.5857e-08
6.09405e-06
0.000428174
0.0292098
1.387
32.6677
259.525
4.73923e-14
1.38084e-11
1.34032e-09
8.97684e-08
5.75088e-06
0.000408085
0.0281994
1.36081
32.4904
259.526
7.5708e-15
2.56641e-12
2.89896e-10
2.23107e-08
1.59481e-06
0.000121145
0.00867773
0.445214
13.6274
155.956
9.92145e-15
3.82644e-12
4.8652e-10
4.06452e-08
2.96216e-06
0.000212702
0.0137104
0.615225
15.297
151.845
6.65747e-14
2.2319e-11
2.4652e-09
1.80183e-07
1.16988e-05
0.000771694
0.046652
1.88447
35.7436
252.175
7.28917e-14
2.43003e-11
2.66699e-09
1.93848e-07
1.25414e-05
0.000825749
0.0497423
1.9895
37.1877
257.476
7.3434e-14
2.4479e-11
2.68575e-09
1.95289e-07
1.26562e-05
0.000835064
0.0502742
2.00074
37.2588
257.079
7.37727e-14
2.45705e-11
2.69371e-09
1.95929e-07
1.27212e-05
0.000841838
0.0507676
2.0175
37.4903
257.689
7.41674e-14
2.46543e-11
2.69863e-09
1.9626e-07
1.27656e-05
0.000847926
0.0513335
2.04338
37.9212
259.365
7.45516e-14
2.47053e-11
2.69735e-09
1.96013e-07
1.27696e-05
0.000851932
0.0518907
2.07569
38.514
261.967
7.48231e-14
2.46861e-11
2.68529e-09
1.94812e-07
1.27051e-05
0.000851764
0.0523192
2.11141
39.2383
265.415
7.30891e-14
2.40548e-11
2.61283e-09
1.89683e-07
1.2412e-05
0.000837603
0.0519779
2.12214
39.4863
265.74
1.12287e-14
4.29474e-12
5.42458e-10
4.53789e-08
3.34623e-06
0.000245543
0.0161144
0.720665
17.3782
162.447
7.37751e-15
3.03946e-12
4.11956e-10
3.62772e-08
2.72101e-06
0.000194568
0.0121585
0.530707
14.0746
157.644
4.82871e-14
1.73604e-11
2.05139e-09
1.58175e-07
1.05294e-05
0.000686088
0.0398104
1.56871
32.757
261.015
5.20241e-14
1.86125e-11
2.18692e-09
1.67673e-07
1.11105e-05
0.000721494
0.0416428
1.62544
33.7837
267.087
5.15901e-14
1.84816e-11
2.17366e-09
1.66809e-07
1.10666e-05
0.00071934
0.0414337
1.60815
33.5347
267.106
5.1201e-14
1.83734e-11
2.1644e-09
1.6637e-07
1.10574e-05
0.000720013
0.0414599
1.60399
33.5308
268.296
5.1093e-14
1.83695e-11
2.16817e-09
1.67005e-07
1.11238e-05
0.000726122
0.0418672
1.61777
33.842
270.783
5.13286e-14
1.84974e-11
2.18871e-09
1.69032e-07
1.12885e-05
0.000739174
0.0427449
1.65289
34.51
274.501
5.20084e-14
1.88009e-11
2.23197e-09
1.7296e-07
1.15869e-05
0.000761496
0.0442361
1.7157
35.6189
279.432
5.20523e-14
1.8952e-11
2.26623e-09
1.76825e-07
1.1913e-05
0.000786586
0.0459198
1.78649
36.5976
281.209
7.46816e-15
3.14339e-12
4.3579e-10
3.92798e-08
3.01295e-06
0.000220006
0.0138513
0.593826
15.6623
173.167
6.23432e-15
2.7001e-12
3.86844e-10
3.62925e-08
2.90677e-06
0.000219607
0.0142932
0.633635
15.471
157.589
4.14852e-14
1.56838e-11
1.96469e-09
1.62442e-07
1.1646e-05
0.000806864
0.0487273
1.9116
35.5851
257.789
4.50503e-14
1.69329e-11
2.10882e-09
1.73506e-07
1.2399e-05
0.000857453
0.0515651
2.00098
36.8097
262.883
4.46102e-14
1.67776e-11
2.09134e-09
1.72317e-07
1.23396e-05
0.000855022
0.0513644
1.98289
36.5076
261.853
4.38963e-14
1.65174e-11
2.06107e-09
1.70109e-07
1.22082e-05
0.00084792
0.0509562
1.96243
36.2557
261.697
4.31123e-14
1.62262e-11
2.02665e-09
1.67535e-07
1.20471e-05
0.000838829
0.050489
1.94412
36.1031
262.515
4.22214e-14
1.58914e-11
1.98648e-09
1.64422e-07
1.1839e-05
0.000826111
0.0498464
1.92355
35.9907
264.154
4.11812e-14
1.54992e-11
1.93863e-09
1.60551e-07
1.15602e-05
0.000807491
0.0488735
1.89614
35.8775
266.592
3.93471e-14
1.48567e-11
1.86572e-09
1.55034e-07
1.11793e-05
0.000781681
0.0474693
1.85582
35.4965
266.91
5.85583e-15
2.54184e-12
3.66886e-10
3.48346e-08
2.82802e-06
0.000216741
0.0141521
0.615467
15.3396
164.602
6.55171e-15
3.06412e-12
4.68922e-10
4.60674e-08
3.74564e-06
0.000276796
0.0171786
0.729564
18.1438
197.764
4.36604e-14
1.78261e-11
2.38321e-09
2.0597e-07
1.49469e-05
0.0010073
0.0575815
2.16903
42.0422
317.579
4.74711e-14
1.92545e-11
2.55645e-09
2.1964e-07
1.588e-05
0.00106843
0.0608716
2.27202
43.8336
327.94
4.68257e-14
1.89855e-11
2.52015e-09
2.16681e-07
1.57023e-05
0.00105991
0.0604504
2.24906
43.6068
329.616
4.60009e-14
1.86427e-11
2.47483e-09
2.13087e-07
1.54932e-05
0.00105086
0.0601511
2.23818
43.6371
332.427
4.51962e-14
1.83005e-11
2.42933e-09
2.09532e-07
1.5297e-05
0.0010442
0.060149
2.24544
44.0182
336.549
4.43667e-14
1.79416e-11
2.38143e-09
2.05827e-07
1.51008e-05
0.00103928
0.0604419
2.27278
44.7907
341.869
4.34544e-14
1.75488e-11
2.32956e-09
2.0189e-07
1.49017e-05
0.00103618
0.0610778
2.32512
46.0391
348.258
4.20035e-14
1.69408e-11
2.24958e-09
1.95662e-07
1.45575e-05
0.00102538
0.0614824
2.37869
47.0533
350.076
5.99963e-15
2.79744e-12
4.29059e-10
4.27744e-08
3.5909e-06
0.000278572
0.018143
0.787448
20.3141
223.052
4.12914e-15
2.09813e-12
3.4765e-10
3.65505e-08
3.10889e-06
0.000233627
0.0144363
0.589533
12.1942
93.1812
3.02495e-14
1.34716e-11
1.95696e-09
1.81328e-07
1.37395e-05
0.000934489
0.0523841
1.84353
28.9234
154.401
3.39918e-14
1.50718e-11
2.1787e-09
2.00964e-07
1.51781e-05
0.0010301
0.0574664
1.99659
31.0754
163.729
3.42793e-14
1.5225e-11
2.20428e-09
2.03724e-07
1.54287e-05
0.00105007
0.0585838
2.02641
31.7236
168.819
3.44413e-14
1.53241e-11
2.22276e-09
2.05923e-07
1.56445e-05
0.00106828
0.0596453
2.05717
32.4206
174.429
3.46849e-14
1.5456e-11
2.24582e-09
2.08561e-07
1.58963e-05
0.00108947
0.0609278
2.09758
33.2697
180.746
3.49932e-14
1.56127e-11
2.27204e-09
2.11471e-07
1.61689e-05
0.00111251
0.0623794
2.14655
34.2485
187.542
3.52899e-14
1.57605e-11
2.29645e-09
2.14171e-07
1.64234e-05
0.00113465
0.0638734
2.20302
35.3751
194.871
3.62314e-14
1.62189e-11
2.36784e-09
2.21303e-07
1.70157e-05
0.00117962
0.0666315
2.30238
36.8222
200.3
5.0911e-15
2.62559e-12
4.41418e-10
4.72486e-08
4.11297e-06
0.000316961
0.0197542
0.781118
16.4544
129.696
64.8913
200.304
382.171
722.633
957.412
1074.36
1006.8
970.942
988.385
1012.23
108.79
299.07
494.914
841.919
991.001
1063.46
988.607
978.658
991.678
1010.2
110.472
301.576
495.978
841.58
988.893
1063.07
990.194
978.972
990.571
1010.52
109.708
299.447
493.421
838.263
987.357
1063.38
991.286
978.725
990.095
1010.75
109.44
298.549
492.841
836.99
986.767
1063.45
991.743
978.579
989.937
1010.84
109.676
298.95
494.04
837.512
986.93
1063.25
991.762
978.615
989.934
1010.83
110.384
300.599
496.883
839.717
987.804
1062.82
991.346
978.829
990.082
1010.71
111.637
303.506
501.443
843.785
989.55
1062.19
990.296
979.138
990.542
1010.47
111.011
303.1
503.265
845.957
991.741
1062.24
988.669
978.969
991.602
1010.14
65.8151
202.979
389.927
728.579
959.508
1073.08
1006.48
971.375
988.376
1012.11
361.692
640.358
812.93
991.909
1016.68
1003.28
990.496
983.272
1006.83
999.82
500.513
771.358
872.423
1017.92
998.468
1001.71
989.121
987.505
1007.23
998.434
504.595
773.588
871.696
1017.39
998.083
1002.42
989.547
986.999
1007.05
998.57
501.567
770.357
870.037
1016.72
998.56
1002.72
989.664
986.663
1007.04
998.647
500.016
768.662
869.454
1016.35
998.792
1002.84
989.689
986.53
1007.06
998.663
500.013
768.56
869.749
1016.25
998.782
1002.86
989.684
986.548
1007.07
998.647
501.519
770.028
870.848
1016.41
998.545
1002.78
989.651
986.706
1007.05
998.6
504.724
773.13
872.902
1016.89
998.076
1002.52
989.528
987.065
1007.07
998.496
502.774
772.506
874.198
1017.44
998.154
1001.98
989.048
987.621
1007.23
998.339
363.148
642.497
815.048
992.265
1015.94
1003.48
990.496
983.373
1006.86
999.702
449.436
723.124
884.013
1004.37
1011.41
991.336
994.534
985.03
1007.98
998.57
605.293
841.515
927.449
1011.99
995.014
992.271
995.219
987.244
1008.92
997.086
609.268
842.647
926.4
1011.52
994.888
993.078
995.336
986.727
1008.89
997.184
606.578
840.079
925.221
1011.36
995.366
993.267
995.315
986.448
1008.94
997.225
605.7
839.14
924.787
1011.31
995.541
993.355
995.289
986.332
1009
997.21
606.598
839.605
924.857
1011.32
995.466
993.42
995.285
986.317
1009.04
997.171
609.164
841.386
925.388
1011.4
995.16
993.455
995.3
986.405
1009.06
997.112
613.451
844.652
926.604
1011.6
994.558
993.387
995.306
986.661
1009.07
997.007
613.095
845.457
927.672
1012.12
994.332
992.859
995.103
987.196
1009.13
996.865
457.936
729.894
885.862
1004.6
1010.46
991.721
994.673
984.863
1008.24
998.34
461.801
728.286
887.134
1001.67
1011.91
991.616
995.596
984.341
1007.44
998.948
617.863
843.475
929.836
1008.83
996.589
992.055
996.206
986.352
1008.66
997.393
621.887
844.416
928.772
1008.34
996.46
992.874
996.343
985.84
1008.62
997.493
619.611
842.019
927.631
1008.18
996.925
993.06
996.357
985.544
1008.67
997.525
619.253
841.271
927.234
1008.11
997.097
993.132
996.365
985.401
1008.76
997.494
620.706
841.9
927.321
1008.12
997.027
993.173
996.394
985.356
1008.84
997.435
623.823
843.794
927.846
1008.21
996.738
993.181
996.435
985.414
1008.89
997.354
628.609
847.139
929.032
1008.44
996.151
993.081
996.458
985.637
1008.95
997.224
629.047
848.409
930.067
1009.02
995.902
992.539
996.256
986.141
1009.06
997.056
474.474
737.207
889.412
1001.86
1011.04
991.823
995.944
983.994
1007.88
998.607
466.307
727.509
886.452
999.93
1012.91
991.898
996.209
983.592
1007.54
998.935
621.034
841.196
929.609
1007.66
997.879
992.005
996.696
985.616
1008.91
997.307
625.22
842.068
928.639
1007.1
997.791
992.788
996.891
985.08
1008.87
997.395
623.253
839.694
927.599
1006.8
998.337
992.919
996.977
984.739
1008.96
997.405
623.238
838.95
927.344
1006.6
998.617
992.907
997.064
984.541
1009.1
997.346
625.044
839.558
927.601
1006.46
998.679
992.842
997.18
984.434
1009.23
997.253
628.499
841.393
928.319
1006.39
998.546
992.72
997.317
984.425
1009.34
997.133
633.573
844.651
929.716
1006.45
998.138
992.467
997.442
984.575
1009.48
996.96
634.449
845.979
930.94
1006.86
998.066
991.782
997.322
985.005
1009.67
996.754
482.066
736.556
890.389
998.92
1013.01
991.365
997.13
982.853
1008.33
998.386
474.111
730.975
888.19
999.4
1013.67
991.054
997.324
982.611
1008.61
998.253
628.021
842.457
930.735
1007.35
998.458
991.395
997.721
984.653
1010.11
996.505
632.461
843.422
929.691
1006.96
998.256
992.265
997.886
984.123
1010.1
996.567
630.787
841.252
928.588
1006.81
998.698
992.47
997.956
983.775
1010.23
996.546
631.084
840.697
928.251
1006.79
998.849
992.557
998.015
983.577
1010.41
996.453
633.213
841.469
928.403
1006.87
998.747
992.624
998.081
983.484
1010.57
996.327
636.999
843.421
928.996
1007.05
998.408
992.675
998.142
983.505
1010.71
996.173
642.398
846.724
930.258
1007.38
997.749
992.645
998.152
983.708
1010.87
995.971
643.667
848.265
931.255
1008.15
997.332
992.254
997.863
984.228
1011.04
995.754
492.46
742.381
890.771
1000.47
1012.28
991.518
997.907
981.914
1009.66
997.475
487.179
736.205
896.194
995.771
1017.47
986.556
1000.64
980.347
1011.35
996.573
639.837
845.157
936.763
1002.95
1002.5
986.672
1001.79
981.828
1013.35
994.476
644.621
845.981
936.087
1002.1
1002.82
987.081
1002.31
981.038
1013.57
994.42
643.302
843.738
935.456
1001.46
1003.82
986.779
1002.78
980.408
1013.93
994.278
643.921
843.106
935.552
1000.9
1004.56
986.317
1003.29
979.888
1014.37
994.046
646.306
843.833
936.078
1000.43
1005.09
985.79
1003.88
979.424
1014.84
993.762
650.241
845.809
936.943
1000.09
1005.41
985.2
1004.53
979.018
1015.33
993.429
655.629
849.246
938.328
999.961
1005.39
984.503
1005.2
978.739
1015.87
993.023
656.926
851.052
939.407
1000.29
1005.61
983.444
1005.57
978.781
1016.41
992.616
508.178
747.449
902.517
991.74
1021.49
982.365
1005.05
977.018
1014.45
994.736
506.586
743.311
897.99
998.931
1014.89
986.885
1000.1
980.072
1013.56
994.922
658.961
846.644
936.833
1005.69
998.266
988.75
999.965
982.636
1014.91
992.879
664.913
847.205
936.208
1005.05
998.181
989.564
1000.13
982.036
1015.09
992.81
664.66
844.817
935.71
1004.5
998.882
989.575
1000.33
981.559
1015.42
992.656
666.405
843.806
936.013
1003.91
999.36
989.438
1000.55
981.228
1015.79
992.422
669.991
843.878
936.871
1003.25
999.668
989.242
1000.79
980.996
1016.15
992.148
675.209
844.843
938.254
1002.52
999.842
988.964
1001.08
980.865
1016.5
991.841
681.917
846.851
940.379
1001.73
999.799
988.539
1001.36
980.912
1016.84
991.483
684.177
847.481
942.075
1001.46
999.928
987.798
1001.3
981.339
1017.1
991.172
536.656
751.649
906.289
994.912
1016.32
985.647
1002.11
978.237
1016.11
993.087
478.98
709.565
834.898
1004.05
1009.73
1001.32
996.273
976.974
1014.38
994.694
612.439
821.31
877.832
1030.33
986.074
1005.23
991.47
982.539
1015.09
992.486
620.159
823.836
876.863
1030.26
985.387
1005.81
992.369
981.421
1015.67
992.133
621.573
822.258
875.521
1030.05
985.583
1005.82
993.092
980.414
1016.43
991.715
624.59
822.308
874.814
1030.36
985.226
1005.88
993.569
979.687
1017.21
991.217
629.06
823.791
874.515
1031.14
984.355
1006.06
993.893
979.15
1017.99
990.652
634.586
826.556
874.369
1032.46
982.908
1006.44
994.004
978.83
1018.76
990.022
640.737
830.639
874.411
1034.56
980.716
1007.03
993.745
978.864
1019.51
989.325
641.854
832.089
873.718
1037.2
978.59
1007.72
992.845
979.326
1020.2
988.69
518.027
727.625
836.068
1010.28
1005.12
999.999
1001.03
971.626
1020.76
990.46
107.894
296.926
395.783
783.752
938.276
1084.84
999.992
974.127
987.629
1011.91
161.122
409.766
490.883
906.564
957.074
1082.07
977.444
984.386
989.391
1010.41
165.86
415.981
491.478
907.971
953.717
1082.47
978.546
984.882
988.202
1010.74
167.489
417.762
488.983
906.95
951.04
1083.46
979.215
984.816
987.656
1010.97
170.074
421.039
488.583
907.908
949.178
1084.24
979.203
984.892
987.406
1011.07
173.542
425.801
489.941
910.507
947.973
1084.79
978.738
985.161
987.306
1011.06
177.832
431.707
492.902
914.451
947.45
1085.12
977.85
985.601
987.359
1010.94
182.697
438.41
497.376
919.911
947.786
1085.23
976.336
986.145
987.72
1010.69
184.884
442.087
499.145
924.18
948.497
1086.03
974.232
986.278
988.63
1010.38
129.86
330.741
404.647
807.639
931.009
1088.33
996.755
975.868
987.165
1011.74
3.85371e-16
2.24943e-13
4.22995e-11
4.88989e-09
4.31659e-07
3.13608e-05
0.00180687
0.0743329
1.13566
14.5679
3.33368e-15
1.72748e-12
2.88633e-10
2.9796e-08
2.37052e-06
0.00015709
0.00828021
0.292726
4.07696
30.6122
4.13778e-15
2.13597e-12
3.55473e-10
3.65941e-08
2.91092e-06
0.000193405
0.0102085
0.353921
5.00875
36.0317
4.62538e-15
2.38987e-12
3.982e-10
4.10982e-08
3.28627e-06
0.000220037
0.0116863
0.40118
5.75948
40.4709
5.18338e-15
2.68015e-12
4.47149e-10
4.62917e-08
3.72432e-06
0.000251685
0.0134667
0.458345
6.68391
45.6649
5.86211e-15
3.03242e-12
5.06517e-10
5.26063e-08
4.26048e-06
0.000290908
0.0157039
0.530942
7.87084
51.9891
6.69172e-15
3.46262e-12
5.79014e-10
6.03316e-08
4.92016e-06
0.000339781
0.0185428
0.625299
9.41263
59.58
7.70344e-15
3.98692e-12
6.67256e-10
6.97363e-08
5.7272e-06
0.000400444
0.0221505
0.748473
11.3949
68.7374
9.14948e-15
4.74403e-12
7.9524e-10
8.33589e-08
6.8875e-06
0.000486421
0.0271753
0.917012
13.7719
76.5785
1.32417e-15
7.8872e-13
1.51719e-10
1.81714e-08
1.70159e-06
0.000134463
0.00838963
0.326228
6.2079
47.8277
1.092e-17
7.3243e-15
1.56851e-12
2.01714e-10
1.89475e-08
1.39141e-06
7.81777e-05
0.0034362
0.0604907
0.00971906
1.13245e-16
6.8107e-14
1.30946e-11
1.51861e-09
1.2953e-07
8.70488e-06
0.00044947
0.0171655
0.26362
0.188467
1.57616e-16
9.45524e-14
1.81322e-11
2.0998e-09
1.79302e-07
1.20864e-05
0.000625137
0.0235693
0.358363
0.230705
1.99215e-16
1.19663e-13
2.29849e-11
2.66978e-09
2.29251e-07
1.55736e-05
0.000813308
0.0305148
0.46001
0.225915
2.54857e-16
1.53236e-13
2.94813e-11
3.43645e-09
2.9714e-07
2.03977e-05
0.00107773
0.0401215
0.598204
0.248203
3.32373e-16
1.99975e-13
3.85302e-11
4.50807e-09
3.92846e-07
2.72939e-05
0.00146139
0.0538845
0.791946
0.323895
4.42447e-16
2.6638e-13
5.13995e-11
6.03733e-09
5.30531e-07
3.73613e-05
0.00203237
0.0742264
1.06895
0.492667
6.02509e-16
3.63331e-13
7.02607e-11
8.29014e-09
7.35336e-07
5.25923e-05
0.00291906
0.105424
1.47003
0.90315
8.59093e-16
5.18184e-13
1.00115e-10
1.18165e-08
1.0529e-06
7.60477e-05
0.00425063
0.15049
2.00781
1.49892
1.30282e-16
9.05172e-14
2.00893e-11
2.71226e-09
2.75103e-07
2.24237e-05
0.00142116
0.0589599
0.977485
0.750615
2.23008e-19
1.69833e-16
4.08793e-14
5.80842e-12
5.84873e-10
4.46363e-08
2.54911e-06
0.000116575
0.00239013
0.00296256
2.77596e-18
1.90873e-15
4.15263e-13
5.35308e-11
4.92006e-09
3.44311e-07
1.80382e-05
0.000725333
0.0130695
0.0145251
4.3319e-18
2.97442e-15
6.46218e-13
8.32536e-11
7.65931e-09
5.36529e-07
2.81207e-05
0.00112403
0.0200302
0.0200553
6.18601e-18
4.25498e-15
9.2627e-13
1.19691e-10
1.10668e-08
7.81224e-07
4.12888e-05
0.00165546
0.0292401
0.0245216
9.02533e-18
6.21728e-15
1.35633e-12
1.75922e-10
1.63778e-08
1.16736e-06
6.23573e-05
0.0025047
0.0435806
0.0316145
1.3553e-17
9.34887e-15
2.04391e-12
2.66213e-10
2.49778e-08
1.80097e-06
9.74252e-05
0.00391317
0.0666468
0.0432244
2.09888e-17
1.45031e-14
3.17839e-12
4.1584e-10
3.93578e-08
2.86904e-06
0.000157477
0.00633543
0.104856
0.0626074
3.3672e-17
2.33403e-14
5.13262e-12
6.75389e-10
6.46187e-08
4.80304e-06
0.00026994
0.0107972
0.169395
0.0996511
5.74704e-17
3.98102e-14
8.73167e-12
1.14639e-09
1.09866e-07
8.19777e-06
0.000461991
0.0180726
0.265438
0.16276
9.12697e-18
7.3224e-15
1.84925e-12
2.7768e-10
3.02718e-08
2.55351e-06
0.000163461
0.00760995
0.135836
0.0816103
3.65218e-21
3.13547e-18
8.41598e-16
1.31658e-13
1.43002e-11
1.15204e-09
6.87222e-08
3.23178e-06
7.47254e-05
0.000135601
5.4624e-20
4.25647e-17
1.03762e-14
1.47878e-12
1.4702e-10
1.08729e-08
5.93814e-07
2.47681e-05
0.000508341
0.000726705
9.55564e-20
7.44251e-17
1.81344e-14
2.58381e-12
2.56875e-10
1.89893e-08
1.03568e-06
4.30863e-05
0.000877132
0.00111561
1.53979e-19
1.20183e-16
2.9346e-14
4.19208e-12
4.18731e-10
3.11845e-08
1.71193e-06
7.1687e-05
0.00145273
0.00154313
2.55815e-19
2.00069e-16
4.89774e-14
7.02377e-12
7.06188e-10
5.30165e-08
2.93387e-06
0.000123766
0.00248326
0.00222436
4.41501e-19
3.45986e-16
8.49255e-14
1.22295e-11
1.23862e-09
9.40523e-08
5.25487e-06
0.000223017
0.00440419
0.00335265
7.93665e-19
6.23768e-16
1.53658e-13
2.2241e-11
2.26743e-09
1.73414e-07
9.79306e-06
0.000419872
0.00814308
0.00530298
1.49051e-18
1.17761e-15
2.91435e-13
4.24617e-11
4.38894e-09
3.43071e-07
1.98117e-05
0.000853065
0.0157423
0.00916551
3.03562e-18
2.39284e-15
5.90154e-13
8.56559e-11
8.83307e-09
6.89163e-07
3.96705e-05
0.00167848
0.0290479
0.016848
5.07088e-19
4.66966e-16
1.32732e-13
2.1942e-11
2.56491e-09
2.25739e-07
1.46572e-05
0.000742281
0.0153701
0.00877123
5.0309e-23
4.85279e-20
1.44676e-17
2.49057e-15
2.93349e-13
2.52398e-11
1.59828e-09
7.7517e-08
1.97387e-06
5.03377e-06
9.04395e-22
7.95283e-19
2.16141e-16
3.39887e-14
3.67006e-12
2.89899e-10
1.67839e-08
7.26797e-07
1.65432e-05
3.17904e-05
1.77309e-21
1.55949e-18
4.2392e-16
6.66515e-14
7.18746e-12
5.6678e-10
3.27408e-08
1.41554e-06
3.2054e-05
5.45001e-05
3.21981e-21
2.83879e-18
7.7325e-16
1.21814e-13
1.31996e-11
1.04839e-09
6.08549e-08
2.65015e-06
5.99415e-05
8.5326e-05
6.08136e-21
5.37498e-18
1.46839e-15
2.32297e-13
2.53126e-11
2.02361e-09
1.18141e-07
5.19427e-06
0.000116817
0.000139102
1.20394e-20
1.06687e-17
2.92348e-15
4.64253e-13
5.097e-11
4.11724e-09
2.42035e-07
1.07302e-05
0.000238621
0.000236875
2.50788e-20
2.23151e-17
6.14432e-15
9.80474e-13
1.07991e-10
8.75559e-09
5.18527e-07
2.32887e-05
0.000513855
0.000422801
5.48854e-20
4.92267e-17
1.36333e-14
2.19321e-12
2.4546e-10
2.03667e-08
1.23046e-06
5.59179e-05
0.00118457
0.000835178
1.32551e-19
1.18662e-16
3.27614e-14
5.24078e-12
5.8335e-10
4.81171e-08
2.88272e-06
0.000128895
0.0025867
0.00175861
2.3586e-20
2.47843e-17
7.87659e-15
1.42803e-12
1.79348e-10
1.66269e-08
1.11573e-06
5.94791e-05
0.00141079
0.000984379
5.97384e-25
6.47271e-22
2.14135e-19
4.06251e-17
5.21482e-15
4.83617e-13
3.2832e-11
1.65869e-09
4.58108e-08
1.62559e-07
1.29077e-23
1.27996e-20
3.87208e-18
6.71991e-16
7.91274e-14
6.7329e-12
4.1744e-10
1.89387e-08
4.69676e-07
1.23223e-06
2.8354e-23
2.81338e-20
8.51584e-18
1.47756e-15
1.73556e-13
1.47256e-11
9.10796e-10
4.12625e-08
1.01979e-06
2.36767e-06
5.79573e-23
5.76609e-20
1.74862e-17
3.03825e-15
3.58727e-13
3.06504e-11
1.90278e-09
8.67256e-08
2.14657e-06
4.20559e-06
1.24272e-22
1.24003e-19
3.77344e-17
6.5878e-15
7.8094e-13
6.7045e-11
4.18147e-09
1.92331e-07
4.75235e-06
7.80448e-06
2.81728e-22
2.82025e-19
8.61059e-17
1.50819e-14
1.80215e-12
1.56247e-10
9.78847e-09
4.53849e-07
1.1134e-05
1.51975e-05
6.79513e-22
6.83487e-19
2.09829e-16
3.68894e-14
4.40943e-12
3.82267e-10
2.40641e-08
1.13031e-06
2.77087e-05
3.10234e-05
1.72624e-21
1.7572e-18
5.43702e-16
9.6523e-14
1.1739e-11
1.04207e-09
6.68032e-08
3.18909e-06
7.57418e-05
7.15933e-05
4.93354e-21
5.00981e-18
1.54457e-15
2.72365e-13
3.28752e-11
2.89425e-09
1.83398e-07
8.61769e-06
0.000195169
0.000173445
9.38011e-22
1.12586e-18
3.99607e-16
7.95052e-14
1.07808e-11
1.06278e-09
7.51505e-08
4.17807e-06
0.000110859
0.000105536
6.18897e-27
7.54994e-24
2.77625e-21
5.82106e-19
8.18237e-17
8.23629e-15
6.03309e-13
3.21519e-11
9.54708e-10
4.59383e-09
1.60726e-25
1.80112e-22
6.0704e-20
1.16495e-17
1.50205e-15
1.38601e-13
9.26198e-12
4.4504e-10
1.19123e-08
4.21271e-08
3.95537e-25
4.43552e-22
1.49607e-19
2.87004e-17
3.68812e-15
3.38994e-13
2.25999e-11
1.0847e-09
2.89376e-08
9.09545e-08
9.09056e-25
1.02249e-21
3.4551e-19
6.63492e-17
8.57317e-15
7.93567e-13
5.30599e-11
2.55799e-09
6.83774e-08
1.83487e-07
2.21033e-24
2.49491e-21
8.4647e-19
1.63394e-16
2.11695e-14
1.9651e-12
1.31962e-10
6.41101e-09
1.71445e-07
3.88776e-07
5.72988e-24
6.49339e-21
2.21054e-18
4.27994e-16
5.59085e-14
5.242e-12
3.53043e-10
1.72522e-08
4.59447e-07
8.71546e-07
1.60009e-23
1.82097e-20
6.2324e-18
1.20979e-15
1.57743e-13
1.4738e-11
9.95389e-10
4.91835e-08
1.31515e-06
2.04715e-06
4.70137e-23
5.44808e-20
1.88564e-17
3.70044e-15
4.91168e-13
4.69856e-11
3.22963e-09
1.62317e-07
4.24817e-06
5.57396e-06
1.5875e-22
1.83185e-19
6.31204e-17
1.22966e-14
1.61798e-12
1.53303e-10
1.03986e-08
5.14843e-07
1.2903e-05
1.56091e-05
3.22565e-23
4.4453e-20
1.76724e-17
3.87153e-15
5.7034e-13
6.03326e-11
4.55942e-09
2.65244e-07
7.74419e-06
1.03114e-05
5.61499e-29
7.75307e-26
3.18114e-23
7.4015e-21
1.14493e-18
1.25795e-16
9.99228e-15
5.67524e-13
1.81118e-11
1.14467e-10
1.75415e-27
2.23127e-24
8.40353e-22
1.78955e-19
2.53809e-17
2.55427e-15
1.84887e-13
9.48749e-12
2.73848e-10
1.2738e-09
4.83457e-27
6.15324e-24
2.31962e-21
4.93765e-19
6.97535e-17
6.98549e-15
5.04462e-13
2.58644e-11
7.43788e-10
3.09466e-09
1.24794e-26
1.59423e-23
6.02148e-21
1.28277e-18
1.82256e-16
1.83874e-14
1.33095e-12
6.84378e-11
1.96935e-09
7.08965e-09
3.43787e-26
4.41025e-23
1.67372e-20
3.5847e-18
5.10163e-16
5.15132e-14
3.74451e-12
1.93852e-10
5.57889e-09
1.71646e-08
1.01785e-25
1.31208e-22
4.9967e-20
1.07341e-17
1.54042e-15
1.57202e-13
1.14537e-11
5.9509e-10
1.70619e-08
4.44357e-08
3.28992e-25
4.25114e-22
1.62652e-19
3.50063e-17
5.00766e-15
5.07963e-13
3.70308e-11
1.94215e-09
5.59625e-08
1.20485e-07
1.11614e-24
1.47946e-21
5.74728e-19
1.25159e-16
1.82264e-14
1.89172e-12
1.40388e-10
7.48122e-09
2.12769e-07
3.87805e-07
4.433e-24
5.84899e-21
2.26183e-18
4.8888e-16
7.05296e-14
7.24437e-12
5.30293e-10
2.78508e-08
7.61829e-07
1.26413e-06
9.62658e-25
1.53671e-21
6.88314e-19
1.66938e-16
2.69055e-14
3.08007e-12
2.51141e-10
1.53918e-08
4.88945e-07
9.02959e-07
4.45143e-31
7.01446e-28
3.23095e-25
8.38931e-23
1.43628e-20
1.73173e-18
1.49827e-16
9.13637e-15
3.14955e-13
2.53375e-12
1.67552e-29
2.43591e-26
1.03064e-23
2.4483e-21
3.84005e-19
4.23761e-17
3.33771e-15
1.84065e-13
5.74786e-12
3.42356e-11
5.16855e-29
7.51829e-26
3.18473e-23
7.56303e-21
1.18128e-18
1.29606e-16
1.01819e-14
5.61223e-13
1.74517e-11
9.36469e-11
1.49711e-28
2.18807e-25
9.28927e-23
2.2074e-20
3.46771e-18
3.83527e-16
3.01949e-14
1.66645e-12
5.17348e-11
2.43363e-10
4.67085e-28
6.85846e-25
2.92762e-22
6.99598e-20
1.10023e-17
1.21552e-15
9.60462e-14
5.33417e-12
1.65392e-10
6.73317e-10
1.576e-27
2.32976e-24
9.9861e-22
2.39344e-19
3.79521e-17
4.24008e-15
3.35967e-13
1.86886e-11
5.7651e-10
2.01277e-09
5.89226e-27
8.7064e-24
3.74559e-21
8.99413e-19
1.42072e-16
1.57549e-14
1.24617e-12
6.98627e-11
2.16335e-09
6.31796e-09
2.30685e-26
3.52525e-23
1.54611e-20
3.75829e-18
6.04337e-16
6.85165e-14
5.51873e-12
3.14035e-10
9.63986e-09
2.39774e-08
1.07297e-25
1.63421e-22
7.14147e-20
1.72347e-17
2.74478e-15
3.07794e-13
2.44502e-11
1.37141e-09
4.06737e-08
9.15127e-08
2.48548e-26
4.65368e-23
2.3691e-20
6.40942e-18
1.13926e-15
1.42297e-13
1.25998e-11
8.19351e-10
2.81245e-08
7.06359e-08
3.06216e-33
5.56629e-30
2.90322e-27
8.47974e-25
1.61827e-22
2.15383e-20
2.03817e-18
1.34224e-16
5.02703e-15
5.00948e-14
1.38974e-31
2.33365e-28
1.11841e-25
2.986e-23
5.21455e-21
6.34603e-19
5.46362e-17
3.2547e-15
1.10394e-13
8.22058e-13
4.79692e-31
8.0564e-28
3.86631e-25
1.03232e-22
1.79556e-20
2.17157e-18
1.86379e-16
1.1099e-14
3.74682e-13
2.53252e-12
1.55763e-30
2.63327e-27
1.26729e-24
3.38526e-22
5.92023e-20
7.22119e-18
6.21302e-16
3.69899e-14
1.24342e-12
7.45351e-12
5.504e-30
9.34344e-27
4.52341e-24
1.2159e-21
2.12921e-19
2.59076e-17
2.23444e-15
1.33805e-13
4.48484e-12
2.35667e-11
2.11122e-29
3.62128e-26
1.76311e-23
4.75238e-21
8.3865e-19
1.03216e-16
8.93496e-15
5.35122e-13
1.78064e-11
8.11891e-11
9.10446e-29
1.55804e-25
7.60831e-23
2.05553e-20
3.61386e-18
4.41192e-16
3.80596e-14
2.29312e-12
7.6441e-11
2.95622e-10
4.12063e-28
7.34017e-25
3.66755e-22
1.00373e-19
1.79657e-17
2.24118e-15
1.96876e-13
1.20296e-11
3.98151e-10
1.32006e-09
2.23643e-27
3.9826e-24
1.98642e-21
5.40038e-19
9.57391e-17
1.18088e-14
1.02298e-12
6.1598e-11
1.97699e-09
5.91122e-09
5.49754e-28
1.22808e-24
7.19352e-22
2.19349e-19
4.34189e-17
5.96747e-15
5.76796e-13
4.0033e-11
1.48007e-09
4.94008e-09
1.80372e-35
3.83851e-32
2.29495e-29
7.62491e-27
1.63735e-24
2.42313e-22
2.52024e-20
1.80105e-18
7.36024e-17
8.88984e-16
9.87896e-34
1.94432e-30
1.06812e-27
3.23925e-25
6.35508e-23
8.589e-21
8.12166e-19
5.24935e-17
1.93994e-15
1.77099e-14
3.81436e-33
7.50278e-30
4.1275e-27
1.25271e-24
2.44919e-22
3.28916e-20
3.09899e-18
2.00222e-16
7.36041e-15
6.14445e-14
1.38416e-32
2.75219e-29
1.52103e-26
4.61689e-24
9.0708e-22
1.22883e-19
1.16129e-17
7.49107e-16
2.73484e-14
2.0452e-13
5.55346e-32
1.10523e-28
6.13906e-26
1.87748e-23
3.6972e-21
4.99353e-19
4.72349e-17
3.06256e-15
1.11305e-13
7.38709e-13
2.4159e-31
4.8822e-28
2.73442e-25
8.38464e-23
1.66279e-20
2.27143e-18
2.15862e-16
1.39821e-14
5.03207e-13
2.92861e-12
1.19568e-30
2.41238e-27
1.35596e-24
4.17129e-22
8.24582e-20
1.1171e-17
1.05653e-15
6.87169e-14
2.47228e-12
1.23639e-11
6.26351e-30
1.32215e-26
7.62768e-24
2.37941e-21
4.79101e-19
6.63167e-17
6.38702e-15
4.2091e-13
1.50356e-11
6.49664e-11
3.95482e-29
8.38104e-26
4.83928e-23
1.50095e-20
2.99446e-18
4.09739e-16
3.89065e-14
2.52521e-12
8.76715e-11
3.41037e-10
1.02284e-29
2.78846e-26
1.91171e-23
6.66657e-21
1.48814e-18
2.27227e-16
2.4099e-14
1.79293e-12
7.12983e-11
3.09073e-10
8.89725e-38
2.26351e-34
1.57843e-31
6.06158e-29
1.48358e-26
2.46396e-24
2.83257e-22
2.20578e-20
9.86516e-19
1.41842e-17
5.89436e-36
1.38752e-32
8.88478e-30
3.10761e-27
6.93413e-25
1.05017e-22
1.09687e-20
7.72267e-19
3.11651e-17
3.42819e-16
2.53828e-35
5.97746e-32
3.8352e-29
1.34386e-26
2.99143e-24
4.50224e-22
4.68229e-20
3.29424e-18
1.32184e-16
1.33918e-15
1.03217e-34
2.46094e-31
1.58877e-28
5.56618e-26
1.24383e-23
1.88857e-21
1.97215e-19
1.38393e-17
5.49999e-16
5.03665e-15
4.6705e-34
1.11582e-30
7.24178e-28
2.56085e-25
5.74766e-23
8.70069e-21
9.07681e-19
6.39441e-17
2.52579e-15
2.07542e-14
2.30975e-33
5.61705e-30
3.68381e-27
1.30625e-24
2.95009e-22
4.51634e-20
4.73917e-18
3.333e-16
1.30003e-14
9.46187e-14
1.30661e-32
3.18077e-29
2.09676e-26
7.46964e-24
1.68361e-21
2.55659e-19
2.6664e-17
1.87896e-15
7.31147e-14
4.62639e-13
7.89392e-32
2.02345e-28
1.37447e-25
4.97344e-23
1.14303e-20
1.77413e-18
1.88463e-16
1.34439e-14
5.18789e-13
2.85941e-12
5.78627e-31
1.49684e-27
1.02095e-24
3.67781e-22
8.38078e-20
1.28577e-17
1.34599e-15
9.44695e-14
3.54695e-12
1.75875e-11
1.55263e-31
5.33457e-28
4.38486e-25
1.78501e-22
4.57191e-20
7.84869e-18
9.18687e-16
7.34944e-14
3.13924e-12
1.7294e-11
3.55131e-40
1.11373e-36
9.27966e-34
4.21427e-31
1.19764e-28
2.26013e-26
2.89161e-24
2.46251e-22
1.2072e-20
2.03421e-19
2.85204e-38
8.27653e-35
6.32909e-32
2.61004e-29
6.74109e-27
1.15779e-24
1.34499e-22
1.03511e-20
4.56651e-19
5.9599e-18
1.36787e-37
3.97923e-34
3.05017e-31
1.26138e-28
3.25552e-26
5.56026e-24
6.42596e-22
4.93875e-20
2.16541e-18
2.62052e-17
6.23099e-37
1.83571e-33
1.41955e-30
5.87347e-28
1.51983e-25
2.61709e-23
3.04091e-21
2.32964e-19
1.00916e-17
1.11303e-16
3.16665e-36
9.38859e-33
7.29757e-30
3.0518e-27
7.95946e-25
1.36839e-22
1.58506e-20
1.21692e-18
5.22986e-17
5.22463e-16
1.77734e-35
5.36924e-32
4.23382e-29
1.77855e-26
4.66221e-24
8.10017e-22
9.45127e-20
7.24073e-18
3.06373e-16
2.7365e-15
1.1472e-34
3.48206e-31
2.76297e-28
1.16788e-25
3.06187e-23
5.28106e-21
6.11628e-19
4.68347e-17
1.97341e-15
1.549e-14
7.93587e-34
2.55834e-30
2.10502e-27
9.06493e-25
2.42774e-22
4.28433e-20
5.05592e-18
3.91511e-16
1.63213e-14
1.12448e-13
6.74057e-33
2.2063e-29
1.82997e-26
7.85894e-24
2.0892e-21
3.64418e-19
4.23439e-17
3.22107e-15
1.30642e-13
8.09891e-13
1.82486e-33
8.30191e-30
8.48991e-27
4.15778e-24
1.25192e-21
2.45506e-19
3.19314e-17
2.75155e-15
1.25912e-13
8.63622e-13
1.08624e-42
4.40495e-39
4.54543e-36
2.52146e-33
8.54458e-31
1.86506e-28
2.67852e-26
2.50188e-24
1.3437e-22
2.61693e-21
1.06006e-40
3.97504e-37
3.76415e-34
1.88995e-31
5.7957e-29
1.14791e-26
1.49594e-24
1.2619e-22
6.08092e-21
9.28521e-20
5.66658e-40
2.13609e-36
2.02566e-33
1.02005e-30
3.13211e-28
6.17782e-26
8.00279e-24
6.73597e-22
3.2242e-20
4.59314e-19
2.87327e-39
1.09805e-35
1.05639e-32
5.33938e-30
1.64273e-27
3.26308e-25
4.25375e-23
3.56738e-21
1.68333e-19
2.20216e-18
1.64169e-38
6.34559e-35
6.12483e-32
3.12826e-29
9.73882e-27
1.93682e-24
2.51331e-22
2.10774e-20
9.84529e-19
1.17595e-17
1.03616e-37
4.08719e-34
4.0349e-31
2.0825e-28
6.51386e-26
1.30748e-23
1.71085e-21
1.43115e-19
6.5621e-18
7.0662e-17
7.63675e-37
3.04358e-33
3.02036e-30
1.56801e-27
4.92117e-25
9.82346e-23
1.27437e-20
1.06267e-18
4.84425e-17
4.63141e-16
5.96611e-36
2.55561e-32
2.6593e-29
1.41597e-26
4.55427e-24
9.31699e-22
1.23239e-19
1.03793e-17
4.66462e-16
3.94055e-15
5.87245e-35
2.57059e-31
2.7058e-28
1.43939e-25
4.60263e-23
9.30826e-21
1.21088e-18
9.99582e-17
4.36564e-15
3.32028e-14
1.52439e-35
9.95511e-32
1.33906e-28
8.25681e-26
3.02946e-23
6.93976e-21
1.012e-18
9.39529e-17
4.58135e-15
3.83084e-14
2.32512e-45
1.31816e-41
1.77877e-38
1.26819e-35
5.33172e-33
1.3802e-30
2.25021e-28
2.30975e-26
1.35461e-24
3.0085e-23
2.76639e-43
1.44866e-39
1.79507e-36
1.15344e-33
4.36337e-31
1.02071e-28
1.50822e-26
1.39665e-24
7.32362e-23
1.29043e-21
1.6462e-42
8.70357e-39
1.07865e-35
6.94644e-33
2.63746e-30
6.15475e-28
9.03586e-26
8.34185e-24
4.34157e-22
7.1771e-21
9.24493e-42
4.96083e-38
6.28035e-35
4.08364e-32
1.55444e-29
3.65077e-27
5.395e-25
4.95928e-23
2.53977e-21
3.88227e-20
5.89139e-41
3.22684e-37
4.10099e-34
2.69406e-31
1.04224e-28
2.45846e-26
3.61407e-24
3.31533e-22
1.67607e-20
2.35514e-19
4.14897e-40
2.3218e-36
3.04744e-33
2.04507e-30
7.96126e-28
1.8936e-25
2.80874e-23
2.56717e-21
1.27002e-19
1.62033e-18
3.48099e-39
1.98955e-35
2.62095e-32
1.76267e-29
6.91328e-27
1.63983e-24
2.40865e-22
2.18941e-20
1.07535e-18
1.23011e-17
2.98641e-38
1.86801e-34
2.63566e-31
1.84505e-28
7.45951e-26
1.81773e-23
2.72469e-21
2.49651e-19
1.20296e-17
1.22274e-16
3.41078e-37
2.19638e-33
3.14174e-30
2.1992e-27
8.85872e-25
2.13397e-22
3.13924e-20
2.81046e-18
1.31352e-16
1.20348e-15
7.50192e-38
8.27067e-34
1.61834e-30
1.35336e-27
6.39833e-25
1.76535e-22
2.91516e-20
2.90888e-18
1.49716e-16
1.49526e-15
2.9431e-48
2.701e-44
5.19116e-41
5.16256e-38
2.86916e-35
9.14047e-33
1.71684e-30
1.9373e-28
1.23097e-26
3.06806e-25
4.30277e-46
3.6326e-42
6.41813e-39
5.7227e-36
2.8382e-33
8.12482e-31
1.38044e-28
1.40274e-26
7.93627e-25
1.58746e-23
2.83716e-45
2.43642e-41
4.3067e-38
3.84055e-35
1.9173e-32
5.48645e-30
9.25894e-28
9.3749e-26
5.25905e-24
9.91742e-23
1.75358e-44
1.53231e-40
2.784e-37
2.53061e-34
1.26955e-31
3.6572e-29
6.214e-27
6.25681e-25
3.44811e-23
6.04934e-22
1.22932e-43
1.1114e-39
2.03845e-36
1.87513e-33
9.6153e-31
2.79171e-28
4.71734e-26
4.73278e-24
2.56684e-22
4.16309e-21
9.57309e-43
8.87576e-39
1.69285e-35
1.61598e-32
8.38303e-30
2.45502e-27
4.18692e-25
4.17631e-23
2.20873e-21
3.27147e-20
9.00861e-42
8.71297e-38
1.6759e-34
1.59171e-31
8.35349e-29
2.44865e-26
4.13272e-24
4.09564e-22
2.14759e-20
2.87647e-19
8.21575e-41
8.88943e-37
1.88101e-33
1.91521e-30
1.04836e-27
3.17071e-25
5.46862e-23
5.44198e-21
2.78296e-19
3.32665e-18
1.08929e-39
1.23524e-35
2.64596e-32
2.67678e-29
1.46281e-26
4.37576e-24
7.39037e-22
7.16615e-20
3.54445e-18
3.81438e-17
1.51622e-40
4.0495e-36
1.34781e-32
1.72357e-29
1.15431e-26
4.03052e-24
7.65516e-22
8.17845e-20
4.3744e-18
5.06218e-17
1.47497e-51
3.15577e-47
9.93688e-44
1.59039e-40
1.30576e-37
5.41795e-35
1.19408e-32
1.47752e-30
1.0006e-28
2.73395e-27
2.69085e-49
5.2296e-45
1.51636e-41
2.16421e-38
1.56489e-35
5.78392e-33
1.14932e-30
1.27586e-28
7.66309e-27
1.70275e-25
1.93667e-48
3.88881e-44
1.13693e-40
1.6161e-37
1.17905e-34
4.36794e-32
8.61832e-30
9.5297e-28
5.66867e-26
1.19285e-24
1.29875e-47
2.67516e-43
8.0571e-40
1.18749e-36
8.77406e-34
3.27211e-31
6.49754e-29
7.1368e-27
4.16346e-25
8.19598e-24
9.71602e-47
2.13179e-42
6.56385e-39
9.84384e-36
7.48083e-33
2.82548e-30
5.58535e-28
6.09911e-26
3.49196e-24
6.38691e-23
8.16574e-46
1.8697e-41
5.97672e-38
9.52898e-35
7.43322e-32
2.83663e-29
5.65038e-27
6.11868e-25
3.40455e-23
5.71779e-22
8.21247e-45
2.04477e-40
6.81095e-37
1.07537e-33
8.49118e-31
3.25341e-28
6.41368e-26
6.90263e-24
3.80194e-22
5.81568e-21
7.4676e-44
2.2063e-39
8.15417e-36
1.4549e-32
1.2329e-29
4.90552e-27
9.89091e-25
1.06368e-22
5.67428e-21
7.77912e-20
1.08498e-42
3.55569e-38
1.37176e-34
2.39537e-31
2.02014e-28
7.93279e-26
1.55908e-23
1.62632e-21
8.36157e-20
1.03325e-18
-1.58319e-44
7.4473e-39
6.11679e-35
1.52074e-31
1.72764e-28
8.14946e-26
1.80204e-23
2.04073e-21
1.10958e-19
1.44683e-18
2.96989e-59
1.51234e-50
9.67908e-47
3.20224e-43
4.86717e-40
2.89523e-37
7.70066e-35
1.03891e-32
7.28548e-31
2.08226e-29
6.19012e-57
3.15024e-48
1.85342e-44
5.42921e-41
7.08359e-38
3.70843e-35
8.85115e-33
1.0679e-30
6.62892e-29
1.56035e-27
5.04326e-56
2.56561e-47
1.55819e-43
4.50313e-40
5.94512e-37
3.12658e-34
7.41809e-32
8.90862e-30
5.46899e-28
1.22272e-26
3.93861e-55
1.94087e-46
1.18471e-42
3.63186e-39
4.94173e-36
2.62913e-33
6.26927e-31
7.4773e-29
4.49717e-27
9.44631e-26
3.49646e-54
1.69184e-45
1.056e-41
3.32399e-38
4.73691e-35
2.55901e-32
6.08763e-30
7.20527e-28
4.24379e-26
8.31429e-25
3.55497e-53
1.65685e-44
1.02175e-40
3.52441e-37
5.30618e-34
2.92286e-31
6.99276e-29
8.18878e-27
4.67893e-25
8.45563e-24
4.35763e-52
1.93195e-43
1.33161e-39
4.52893e-36
6.96271e-33
3.84941e-30
9.11882e-28
1.06124e-25
5.98917e-24
9.92206e-23
5.82148e-51
2.34235e-42
1.5883e-38
6.48211e-35
1.1472e-31
6.69595e-29
1.62475e-26
1.88296e-24
1.02442e-22
1.52308e-21
1.08927e-49
4.09578e-41
3.30508e-37
1.272e-33
2.21173e-30
1.26748e-27
2.98724e-25
3.34757e-23
1.74597e-21
2.32452e-20
4.32684e-50
-2.69358e-42
1.28292e-37
6.0173e-34
1.99297e-30
1.44847e-27
3.83351e-25
4.58076e-23
2.46725e-21
3.37563e-20
1.25615e-67
9.56584e-59
3.92762e-50
2.41039e-46
1.41675e-42
1.42424e-39
4.69558e-37
6.72878e-35
4.6131e-33
1.27972e-31
2.97114e-65
2.23922e-56
8.61061e-48
5.59235e-44
2.48341e-40
2.13343e-37
6.23008e-35
7.96528e-33
4.86699e-31
1.15007e-29
2.67769e-64
1.98199e-55
8.30782e-47
5.07725e-43
2.31307e-39
1.99568e-36
5.79922e-34
7.38027e-32
4.45708e-30
1.00489e-28
2.32627e-63
1.7245e-54
6.95966e-46
4.26634e-42
2.13262e-38
1.87187e-35
5.46623e-33
6.91166e-31
4.08977e-29
8.70552e-28
2.30489e-62
1.70041e-53
7.51275e-45
3.93292e-41
2.28126e-37
2.04377e-34
5.95754e-32
7.47176e-30
4.32559e-28
8.62801e-27
2.63115e-61
1.9605e-52
8.61692e-44
4.06752e-40
2.85452e-36
2.62842e-33
7.70405e-31
9.55975e-29
5.37321e-27
9.94009e-26
3.65504e-60
2.55238e-51
1.4122e-42
5.44276e-39
4.28267e-35
3.96848e-32
1.15362e-29
1.4225e-27
7.87193e-26
1.34183e-24
5.61172e-59
4.03823e-50
2.47171e-41
5.00509e-38
7.85933e-34
7.84151e-31
2.33499e-28
2.86309e-26
1.52632e-24
2.34507e-23
1.22981e-57
8.18649e-49
5.85102e-40
1.37463e-36
1.78346e-32
1.71521e-29
4.92975e-27
5.81932e-25
2.95564e-23
4.07022e-22
4.99497e-58
-4.58084e-49
1.10815e-39
-2.47973e-36
1.59613e-32
2.15643e-29
6.9264e-27
8.55801e-25
4.38511e-23
6.00764e-22
1.68513e-76
-9.34787e-69
8.70845e-58
-3.65682e-49
2.57521e-45
6.68266e-42
2.91102e-39
4.44646e-37
2.87462e-35
6.18632e-34
4.76362e-74
2.87805e-65
1.7613e-55
-7.60469e-47
5.51603e-43
1.14434e-39
4.38341e-37
6.02748e-35
3.51262e-33
6.56968e-32
4.69076e-73
2.43031e-64
1.816e-54
-7.87887e-46
5.61139e-42
1.16738e-38
4.45074e-36
6.09213e-34
3.50984e-32
6.32068e-31
4.32258e-72
1.74073e-63
1.90016e-53
-8.65237e-45
5.62012e-41
1.20254e-37
4.60094e-35
6.25734e-33
3.53945e-31
6.08348e-30
4.52893e-71
7.6059e-63
2.40832e-52
-1.13258e-43
6.56204e-40
1.44781e-36
5.52718e-34
7.45593e-32
4.13281e-30
6.73155e-29
5.35484e-70
-7.43974e-62
3.53476e-51
-1.72894e-42
8.98122e-39
2.06348e-35
7.90624e-33
1.05554e-30
5.69789e-29
8.71837e-28
7.99695e-69
-5.14418e-60
6.34596e-50
-3.10083e-41
1.50919e-37
3.51155e-34
1.335e-31
1.76883e-29
9.38616e-28
1.34199e-26
1.15721e-67
-2.05626e-58
1.4533e-48
-7.25344e-40
2.98164e-36
7.71855e-33
2.99752e-30
3.94532e-28
2.0214e-26
2.63655e-25
2.84326e-66
-4.67078e-57
3.6343e-47
-1.87074e-38
8.01649e-35
1.90734e-31
7.07876e-29
8.93753e-27
4.35724e-25
5.1128e-24
2.0099e-66
-4.97466e-56
7.72202e-47
-2.59128e-38
5.6093e-35
2.57305e-31
1.0566e-28
1.3746e-26
6.65556e-25
7.49846e-24
4.49142e-84
4.15069e-75
-1.31602e-66
-4.92729e-57
2.86394e-48
2.54983e-44
1.73673e-41
3.1461e-39
1.98399e-37
3.09957e-36
8.47629e-82
6.79129e-73
-2.1206e-64
-8.29975e-55
8.27646e-46
5.0211e-42
2.90751e-39
4.73732e-37
2.72676e-35
3.76233e-34
8.3759e-81
6.61457e-72
-2.00874e-63
-8.17315e-54
9.06462e-45
5.37986e-41
3.10592e-38
5.07739e-36
2.91416e-34
3.87615e-33
8.75016e-80
6.83462e-71
-2.43827e-62
-9.28366e-53
9.60693e-44
5.85194e-40
3.4041e-37
5.5749e-35
3.17012e-33
4.03978e-32
1.0567e-78
8.35235e-70
-3.29331e-61
-1.26602e-51
1.18756e-42
7.46099e-39
4.34623e-36
7.12162e-34
4.00679e-32
4.86511e-31
1.51061e-77
1.19752e-68
-5.46915e-60
-2.04148e-50
1.72066e-41
1.12673e-37
6.62065e-35
1.08429e-32
6.00755e-31
6.90285e-30
2.47572e-76
2.02776e-67
-8.85636e-59
-3.70041e-49
3.14784e-40
2.05806e-36
1.20263e-33
1.97258e-31
1.08635e-29
1.17603e-28
5.5083e-75
4.61972e-66
-2.49569e-57
-9.98672e-48
6.30042e-39
4.74248e-35
2.86035e-32
4.71701e-30
2.53797e-28
2.52625e-27
1.25036e-73
1.11391e-64
-4.22573e-56
-2.18061e-46
2.01472e-37
1.28459e-33
7.32456e-31
1.15878e-28
5.96117e-27
5.33798e-26
2.51059e-73
4.24836e-64
-1.4046e-56
-7.16092e-46
2.43674e-38
1.70266e-33
1.09371e-30
1.75066e-28
8.67622e-27
7.29096e-26
7.48213e-93
-7.25557e-83
-1.11615e-73
-2.62852e-65
1.0245e-55
9.5975e-47
1.42671e-43
3.56835e-41
2.5294e-39
3.48193e-38
-2.67584e-90
-1.39774e-80
-1.57017e-71
2.1357e-63
2.821e-53
2.23963e-44
2.69743e-41
5.93144e-39
3.7833e-37
4.56295e-36
-4.73114e-89
-1.51946e-79
-1.43617e-70
5.08747e-62
3.14706e-52
2.40795e-43
2.89293e-40
6.41419e-38
4.0958e-36
4.77219e-35
-6.7543e-88
-1.74249e-78
-1.53475e-69
6.16602e-61
3.45477e-51
2.63545e-42
3.2027e-39
7.15153e-37
4.54066e-35
5.08883e-34
-1.05927e-86
-2.30925e-77
-1.90985e-68
8.51441e-60
4.43924e-50
3.38212e-41
4.12763e-38
9.27672e-36
5.84954e-34
6.27908e-33
-1.9221e-85
-3.63079e-76
-2.82184e-67
1.36167e-58
6.72499e-49
5.12581e-40
6.34063e-37
1.43425e-34
8.94561e-33
9.14174e-32
-4.18877e-84
-6.5987e-75
-4.26316e-66
3.35769e-57
1.27325e-47
9.49992e-39
1.16737e-35
2.6589e-33
1.6546e-31
1.60197e-30
-1.02282e-82
-1.55241e-73
-1.08056e-64
5.85096e-56
2.76736e-46
2.14766e-37
2.76344e-34
6.40271e-32
3.91713e-30
3.50515e-29
-3.39573e-81
-3.70215e-72
-7.48623e-64
3.87028e-54
8.81555e-45
6.11971e-36
7.36683e-33
1.63445e-30
9.52582e-29
7.619e-28
1.70629e-81
-5.12336e-72
-1.33397e-62
-9.23776e-54
3.61346e-45
7.43173e-36
1.0314e-32
2.26988e-30
1.25767e-28
9.60501e-28
-3.12527e-99
-2.67056e-90
-6.44354e-82
1.34089e-72
2.43731e-63
2.35685e-54
6.28063e-46
3.02476e-43
2.81289e-41
3.9293e-40
-4.86781e-97
-3.86863e-88
2.67702e-80
4.0265e-70
6.01418e-61
5.43325e-52
1.39706e-43
5.68928e-41
4.67932e-39
5.66207e-38
-5.17747e-96
-3.83538e-87
9.38738e-79
4.86231e-69
6.69484e-60
5.86993e-51
1.49563e-42
6.1645e-40
5.0939e-38
5.97225e-37
-5.83452e-95
-4.13841e-86
1.34944e-77
5.63217e-68
7.48343e-59
6.48218e-50
1.66298e-41
6.92758e-39
5.70711e-37
6.46511e-36
-7.65181e-94
-5.17849e-85
2.17845e-76
7.63153e-67
9.79592e-58
8.39256e-49
2.1505e-40
9.05312e-38
7.42805e-36
8.10521e-35
-1.18522e-92
-7.61583e-84
4.04738e-75
1.22356e-65
1.51754e-56
1.28459e-47
3.30925e-39
1.4094e-36
1.14741e-34
1.19955e-33
-2.15404e-91
-1.25215e-82
1.02988e-73
2.48534e-64
2.90698e-55
2.40393e-46
6.13856e-38
2.63683e-35
2.14553e-33
2.13851e-32
-4.96573e-90
-2.80406e-81
2.43629e-72
5.68731e-63
6.6027e-54
5.49222e-45
1.4288e-36
6.3251e-34
5.09971e-32
4.73917e-31
-1.22038e-88
-4.52029e-80
1.23188e-70
2.02487e-61
2.05594e-52
1.57578e-43
4.01174e-35
1.69148e-32
1.29187e-30
1.06866e-29
-2.77769e-88
-2.56858e-79
-1.55221e-70
1.05085e-62
1.40866e-52
1.88606e-43
5.2706e-35
2.18014e-32
1.57776e-30
1.26769e-29
-6.13662e-107
-2.85823e-98
2.841e-89
4.2043e-80
4.18292e-71
3.14126e-62
1.37097e-53
1.41763e-45
2.33779e-43
3.81574e-42
-7.72572e-105
-2.74282e-96
7.66067e-87
9.68892e-78
9.48324e-69
7.12562e-60
3.0009e-51
3.08337e-43
4.4029e-41
6.08927e-40
-7.61777e-104
-2.10272e-95
9.33188e-86
1.11098e-76
1.04873e-67
7.72442e-59
3.21798e-50
3.33164e-42
4.79447e-40
6.43743e-39
-8.17058e-103
-1.84457e-94
1.10682e-84
1.27762e-75
1.18068e-66
8.59132e-58
3.59104e-49
3.75458e-41
5.39714e-39
7.02438e-38
-1.01233e-101
-1.66038e-93
1.53692e-83
1.72058e-74
1.55623e-65
1.12017e-56
4.66655e-48
4.91842e-40
7.05614e-38
8.88198e-37
-1.46725e-100
-1.27777e-92
2.53162e-82
2.74875e-73
2.43227e-64
1.72885e-55
7.21115e-47
7.67206e-39
1.0945e-36
1.32613e-35
-2.38915e-99
1.73605e-91
5.22857e-81
5.43815e-72
4.66649e-63
3.25968e-54
1.34515e-45
1.44254e-37
2.05667e-35
2.387e-34
-5.1191e-98
8.49105e-90
1.25164e-79
1.27548e-70
1.08091e-61
7.51126e-53
3.14027e-44
3.41785e-36
4.88011e-34
5.33644e-33
-8.28096e-97
9.31602e-88
4.40418e-78
4.15035e-69
3.29367e-60
2.16721e-51
8.84225e-43
9.68892e-35
1.30062e-32
1.25967e-31
-5.7688e-96
-3.18348e-87
9.55098e-79
2.43403e-69
2.91037e-60
2.55895e-51
1.16458e-42
1.17856e-34
1.48889e-32
1.42676e-31
-5.12122e-115
-7.60395e-107
7.36576e-97
7.21633e-88
5.25301e-79
3.15831e-70
1.61292e-61
2.933e-53
1.08845e-45
3.01923e-44
-3.71797e-113
1.09819e-104
1.46449e-94
1.48449e-85
1.1133e-76
7.05758e-68
3.50883e-59
6.29171e-51
2.34438e-43
5.41381e-42
-2.59081e-112
2.19539e-103
1.68506e-93
1.66317e-84
1.22278e-75
7.66123e-67
3.76265e-58
6.79563e-50
2.54167e-42
5.70805e-41
-2.00188e-111
3.14375e-102
1.96366e-92
1.90409e-83
1.38012e-74
8.56592e-66
4.20379e-57
7.68414e-49
2.85998e-41
6.23915e-40
-1.25352e-110
5.12802e-101
2.67928e-91
2.55214e-82
1.82327e-73
1.12235e-64
5.47535e-56
1.01095e-47
3.7372e-40
7.90654e-39
4.80326e-110
9.712e-100
4.34188e-90
4.06105e-81
2.85842e-72
1.74242e-63
8.47355e-55
1.58359e-46
5.793e-39
1.18342e-37
8.12123e-108
2.33689e-98
8.69165e-89
7.93321e-80
5.47978e-71
3.30103e-62
1.58548e-53
2.98865e-45
1.09014e-37
2.13853e-36
2.91263e-106
6.09699e-97
2.0798e-87
1.87202e-78
1.27991e-69
7.65599e-61
3.70122e-52
7.09789e-44
2.56562e-36
4.80145e-35
1.94166e-104
2.56151e-95
6.83139e-86
5.85295e-77
3.84727e-68
2.2144e-59
1.04354e-50
2.01107e-42
7.27556e-35
1.1963e-33
-5.20041e-104
-1.58593e-95
4.78847e-86
5.1165e-77
3.94172e-68
2.60007e-59
1.37078e-50
2.51831e-42
7.88959e-35
1.29316e-33
-4.40748e-125
5.35093e-114
1.5088e-104
9.23776e-96
5.52943e-87
2.59059e-78
1.35479e-69
3.18762e-61
2.36825e-53
1.33577e-46
4.62921e-121
1.20007e-111
2.80927e-102
1.77525e-93
1.1182e-84
5.65674e-76
2.91893e-67
6.77893e-59
4.97804e-51
2.68851e-44
6.66803e-120
1.42216e-110
3.13176e-101
1.95972e-92
1.22059e-83
6.14098e-75
3.1275e-66
7.30699e-58
5.39456e-50
2.81997e-43
8.68901e-119
1.68816e-109
3.5972e-100
2.2337e-91
1.37789e-82
6.89116e-74
3.49158e-65
8.27797e-57
6.08548e-49
3.0778e-42
1.32249e-117
2.34798e-108
4.8342e-99
2.97932e-90
1.81983e-81
9.05783e-73
4.54802e-64
1.09229e-55
7.97506e-48
3.89469e-41
2.38026e-116
3.88192e-107
7.71623e-98
4.71927e-89
2.85328e-80
1.41191e-71
7.03242e-63
1.71658e-54
1.2393e-46
5.82176e-40
5.36942e-115
7.93477e-106
1.50819e-96
9.1364e-88
5.45646e-79
2.68263e-70
1.31701e-61
3.24675e-53
2.33564e-45
1.05321e-38
1.3899e-113
1.93869e-104
3.5855e-95
2.15756e-86
1.27856e-77
6.25207e-69
3.06775e-60
7.72652e-52
5.50125e-44
2.36115e-37
5.2548e-112
6.46544e-103
1.11338e-93
6.5741e-85
3.79569e-76
1.81059e-67
8.65176e-59
2.18704e-50
1.55473e-42
6.27612e-36
-9.13182e-113
3.40702e-103
1.13128e-93
7.04436e-85
4.32022e-76
2.15422e-67
1.13524e-58
2.85166e-50
1.77604e-42
6.57969e-36
1.37279e-130
9.34853e-122
1.73796e-112
9.96598e-104
4.89025e-95
1.93958e-86
9.75526e-78
2.56685e-69
2.93676e-61
3.57404e-54
2.43129e-128
1.51597e-119
2.86293e-110
1.79354e-101
9.44605e-93
4.1402e-84
2.06925e-75
5.50488e-67
5.96818e-59
6.85201e-52
2.79464e-127
1.72004e-118
3.1468e-109
1.95855e-100
1.02509e-91
4.48729e-83
2.2135e-74
5.92245e-66
6.46211e-58
7.15902e-51
3.28529e-126
2.00442e-117
3.59605e-108
2.22455e-99
1.15629e-90
5.0456e-82
2.46565e-73
6.71477e-65
7.30507e-57
7.81136e-50
4.52693e-125
2.734e-116
4.80465e-107
2.95492e-98
1.52538e-89
6.64072e-81
3.2057e-72
8.87399e-64
9.59242e-56
9.87954e-49
7.42268e-124
4.43218e-115
7.62119e-106
4.65997e-97
2.389e-88
1.03715e-79
4.94241e-71
1.39696e-62
1.49278e-54
1.47551e-47
1.50002e-122
8.8294e-114
1.4755e-104
8.9572e-96
4.55636e-87
1.97177e-78
9.24832e-70
2.64424e-61
2.81463e-53
2.66507e-46
3.6624e-121
2.12936e-112
3.49524e-103
2.11153e-94
1.06852e-85
4.6097e-77
2.14565e-68
6.29544e-60
6.62727e-52
5.96653e-45
1.19728e-119
6.8445e-111
1.06443e-101
6.3206e-93
3.1427e-84
1.33241e-75
6.04701e-67
1.77728e-58
1.86724e-50
1.58348e-43
1.01777e-119
6.76819e-111
1.34517e-101
7.82511e-93
3.89133e-84
1.62825e-75
7.90383e-67
2.38138e-58
2.2778e-50
1.79754e-43
3.58606e-138
2.70087e-129
2.64335e-120
1.0011e-111
4.06086e-103
1.2931e-94
6.32442e-86
1.45047e-77
2.85552e-69
5.60368e-62
5.45329e-136
4.24477e-127
4.22585e-118
1.72195e-109
7.56148e-101
2.70637e-92
1.29553e-83
3.24966e-75
5.70476e-67
1.02035e-59
6.03965e-135
4.66702e-126
4.58821e-117
1.86432e-108
8.16341e-100
2.92698e-91
1.38414e-82
3.47784e-74
6.18577e-66
1.06354e-58
6.95945e-134
5.34595e-125
5.2101e-116
2.10954e-107
9.19591e-99
3.29504e-90
1.53797e-81
3.93865e-73
7.01654e-65
1.16014e-57
9.36565e-133
7.13867e-124
6.90626e-115
2.78946e-106
1.21083e-97
4.33963e-89
1.99428e-80
5.20955e-72
9.24245e-64
1.46623e-56
1.49614e-131
1.13002e-122
1.08579e-113
4.37742e-105
1.89244e-96
6.78536e-88
3.06183e-79
8.22282e-71
1.44203e-62
2.18704e-55
2.91861e-130
2.17776e-121
2.07651e-112
8.35703e-104
3.59716e-95
1.2898e-86
5.71945e-78
1.55669e-69
2.72335e-61
3.94227e-54
6.963e-129
5.14092e-120
4.8836e-111
1.964e-102
8.42874e-94
3.02176e-85
1.31968e-76
3.71387e-68
6.41854e-60
8.80969e-53
2.13698e-127
1.5449e-118
1.44755e-109
5.78875e-101
2.45633e-92
8.71445e-84
3.71625e-75
1.04605e-66
1.80558e-58
2.33258e-51
2.80807e-127
2.10686e-118
2.09118e-109
7.96268e-101
3.26516e-92
1.09656e-83
4.88201e-75
1.42439e-66
2.32567e-58
2.86981e-51
9.53527e-146
3.6381e-137
2.78679e-128
9.39174e-120
3.09861e-111
8.29023e-103
4.0498e-94
6.5039e-86
2.29063e-77
7.76442e-70
1.27509e-143
5.08549e-135
4.19213e-126
1.54693e-117
5.58597e-109
1.70358e-100
7.82592e-92
1.62458e-83
4.48408e-75
1.32441e-67
1.38907e-142
5.53595e-134
4.52098e-125
1.66469e-116
6.00321e-108
1.8362e-99
8.35766e-91
1.72135e-82
4.87388e-74
1.37957e-66
1.58325e-141
6.30328e-133
5.12037e-124
1.87944e-115
6.75396e-107
2.06611e-98
9.27791e-90
1.93737e-81
5.54882e-73
1.50551e-65
2.10185e-140
8.35971e-132
6.76079e-123
2.4768e-114
8.87594e-106
2.71833e-97
1.20115e-88
2.55463e-80
7.33243e-72
1.90115e-64
3.30492e-139
1.31298e-130
1.0577e-121
3.87056e-113
1.38415e-104
4.24706e-96
1.83817e-87
4.03304e-79
1.1469e-70
2.8308e-63
6.3144e-138
2.50465e-129
2.00875e-120
7.34605e-112
2.62222e-103
8.05855e-95
3.43105e-86
7.61306e-78
2.16928e-69
5.08832e-62
1.48316e-136
5.87251e-128
4.70116e-119
1.71986e-110
6.13491e-102
1.88876e-93
7.88522e-85
1.81761e-76
5.11623e-68
1.13342e-60
4.38305e-135
1.73182e-126
1.37436e-117
5.00676e-109
1.77404e-100
5.42596e-92
2.22173e-83
5.09228e-75
1.4369e-66
2.9905e-59
7.50993e-135
2.85403e-126
2.21511e-117
7.51417e-109
2.50367e-100
7.026e-92
3.03546e-83
6.60598e-75
1.97056e-66
4.03861e-59
2.98094e-153
9.40609e-145
3.87305e-136
8.83632e-128
2.32976e-119
5.12552e-111
2.55072e-102
5.06141e-95
1.56486e-85
1.01715e-77
3.76262e-151
1.263e-142
5.64048e-134
1.41002e-125
4.09296e-117
1.03083e-108
4.64998e-100
3.4795e-92
3.17255e-83
1.62812e-75
4.07611e-150
1.36437e-141
6.05038e-133
1.50915e-124
4.38047e-116
1.10691e-107
4.99292e-99
3.29821e-91
3.47735e-82
1.69851e-74
4.62955e-149
1.54716e-140
6.8309e-132
1.69926e-123
4.92041e-115
1.24343e-106
5.57489e-98
3.38354e-90
3.99348e-81
1.85538e-73
6.0994e-148
2.03746e-139
8.97899e-131
2.23144e-122
6.45181e-114
1.63218e-105
7.25063e-97
4.16155e-89
5.32346e-80
2.34176e-72
9.49249e-147
3.17136e-138
1.39716e-129
3.47297e-121
1.00355e-112
2.54406e-104
1.11267e-95
6.35953e-88
8.39725e-79
3.48132e-71
1.78705e-145
5.97419e-137
2.63455e-128
6.55723e-120
1.89465e-111
4.81224e-103
2.08616e-94
1.12709e-86
1.60027e-77
6.24022e-70
4.14e-144
1.38598e-135
6.13261e-127
1.53005e-118
4.42425e-110
1.12634e-101
4.80249e-93
2.668e-85
3.80068e-76
1.38495e-68
1.18511e-142
3.977e-134
1.76509e-125
4.40866e-117
1.27043e-108
3.2205e-100
1.35816e-91
7.11382e-84
1.0718e-74
3.63642e-67
2.35781e-142
7.45555e-134
3.08756e-125
7.07585e-117
1.88141e-108
4.24463e-100
2.0449e-91
8.83717e-86
1.53279e-74
5.37078e-67
1.55437e-161
4.29371e-153
2.37254e-144
5.52112e-136
1.66648e-127
4.71527e-119
1.78054e-110
2.06078e-102
1.35394e-93
1.21661e-85
1.81793e-159
5.11456e-151
3.26796e-142
8.45724e-134
2.86791e-125
9.06444e-117
3.39954e-108
5.40228e-100
2.62231e-91
1.81916e-83
1.96847e-158
5.57748e-150
3.50578e-141
9.03188e-133
3.05808e-124
9.6549e-116
3.60334e-107
5.47888e-99
2.85379e-90
1.90127e-82
2.23493e-157
6.35608e-149
3.95963e-140
1.01629e-131
3.42801e-123
1.07845e-114
4.00105e-106
5.91915e-98
3.25882e-89
2.07931e-81
2.93943e-156
8.38044e-148
5.1972e-139
1.33207e-130
4.48193e-122
1.40643e-113
5.18444e-105
7.5228e-97
4.31771e-88
2.62339e-80
4.56264e-155
1.3026e-146
8.06486e-138
2.06744e-129
6.94696e-121
2.17605e-112
7.95738e-104
1.1503e-95
6.76499e-87
3.89437e-79
8.55741e-154
2.44385e-145
1.5142e-136
3.88808e-128
1.30603e-119
4.08738e-111
1.48527e-102
2.10267e-94
1.2799e-85
6.96271e-78
1.97469e-152
5.6275e-144
3.5081e-135
9.04136e-127
3.03999e-118
9.51272e-110
3.43133e-101
4.90745e-93
3.0153e-84
1.53974e-76
5.60748e-151
1.59609e-142
1.00049e-133
2.58578e-125
8.65882e-117
2.69307e-108
9.63095e-100
1.34095e-91
8.41669e-83
4.02407e-75
1.22718e-150
3.3934e-142
1.88838e-133
4.41156e-125
1.33876e-116
3.80118e-108
1.39879e-99
1.12862e-91
1.27265e-82
6.51933e-75
8.59164e-170
2.70432e-161
1.42362e-152
3.40386e-144
1.16129e-135
3.73184e-127
1.29873e-118
2.46031e-110
1.0122e-101
1.22377e-93
9.31453e-168
2.90218e-159
1.87367e-150
5.06383e-142
1.97304e-133
7.06318e-125
2.52319e-116
5.43664e-108
1.94656e-99
1.74373e-91
1.01162e-166
3.19317e-158
2.01056e-149
5.39811e-141
2.09518e-132
7.47072e-124
2.64819e-115
5.59612e-107
2.10206e-98
1.82481e-90
1.15058e-165
3.65581e-157
2.2711e-148
6.06928e-140
2.34271e-131
8.30522e-123
2.92572e-114
6.11896e-106
2.38727e-97
1.99737e-89
1.51182e-164
4.81956e-156
2.97624e-147
7.93885e-139
3.05298e-130
1.07763e-121
3.77416e-113
7.83282e-105
3.14667e-96
2.51944e-88
2.34029e-163
7.4683e-155
4.60533e-146
1.22847e-137
4.71447e-129
1.65906e-120
5.77879e-112
1.19762e-103
4.90485e-95
3.73527e-87
4.36893e-162
1.3925e-153
8.60931e-145
2.30073e-136
8.82441e-128
3.09921e-119
1.07315e-110
2.20362e-102
9.23309e-94
6.66265e-86
1.00192e-160
3.17506e-152
1.98515e-143
5.3293e-135
2.04701e-126
7.18875e-118
2.48057e-109
5.12735e-101
2.16423e-92
1.46939e-84
2.81334e-159
8.83816e-151
5.60903e-142
1.51233e-133
5.78496e-125
2.01833e-116
6.90914e-108
1.40959e-99
6.00557e-91
3.82569e-83
6.76723e-159
2.13492e-150
1.12993e-141
2.70939e-133
9.23303e-125
2.92278e-116
9.68079e-108
1.52028e-99
9.32938e-91
6.65214e-83
4.63915e-178
1.86769e-169
8.40029e-161
2.09212e-152
7.68473e-144
2.61253e-135
9.04132e-127
2.05359e-118
6.25768e-110
9.13461e-102
4.73387e-176
1.93912e-167
1.07518e-158
3.05465e-150
1.29669e-141
4.91306e-133
1.75281e-124
4.21353e-116
1.22865e-107
1.27854e-99
5.16529e-175
2.13426e-166
1.15243e-157
3.24683e-149
1.37102e-140
5.16416e-132
1.82954e-123
4.35664e-115
1.31667e-106
1.33705e-98
5.88844e-174
2.44364e-165
1.30102e-156
3.64334e-148
1.52816e-139
5.71641e-131
2.01447e-122
4.78071e-114
1.48676e-105
1.46282e-97
7.7379e-173
3.21637e-164
1.70153e-155
4.7528e-147
1.98406e-138
7.38363e-130
2.58934e-121
6.13202e-113
1.95149e-104
1.84374e-96
1.1944e-171
4.96576e-163
2.6251e-154
7.32992e-146
3.05176e-137
1.13181e-128
3.95291e-120
9.36582e-112
3.03038e-103
2.73009e-95
2.21669e-170
9.20424e-162
4.88794e-153
1.36702e-144
5.68652e-136
2.10385e-127
7.30963e-119
1.72537e-110
5.68564e-102
4.86193e-94
5.04763e-169
2.08595e-160
1.12224e-151
3.15513e-143
1.31475e-134
4.86633e-126
1.6879e-117
4.00659e-109
1.32997e-100
1.07108e-92
1.39886e-167
5.72871e-159
3.14547e-150
8.8875e-142
3.68653e-133
1.35657e-124
4.6691e-116
1.10207e-107
3.68042e-99
2.7848e-91
3.64495e-167
1.47219e-158
6.63886e-150
1.65187e-141
5.99686e-133
1.97525e-124
6.42495e-116
1.32748e-107
5.7475e-99
5.02927e-91
2.35294e-186
1.15313e-177
4.76155e-169
1.28058e-160
4.8526e-152
1.66208e-143
5.76403e-135
1.41873e-126
3.39499e-118
5.324e-110
2.3449e-184
1.20314e-175
6.04783e-167
1.86307e-158
8.17378e-150
3.11079e-141
1.11246e-132
2.8106e-124
6.8512e-116
7.52444e-108
2.56488e-183
1.31652e-174
6.46602e-166
1.97496e-157
8.61029e-149
3.2532e-140
1.15782e-131
2.91857e-123
7.29594e-115
7.85425e-107
2.93173e-182
1.50388e-173
7.28588e-165
2.21052e-156
9.56375e-148
3.58874e-139
1.27213e-130
3.21125e-122
8.19417e-114
8.57496e-106
3.84974e-181
1.97454e-172
9.50864e-164
2.8745e-155
1.23689e-146
4.61706e-138
1.63078e-129
4.12206e-121
1.07116e-112
1.07951e-104
5.92473e-180
3.03829e-171
1.46251e-162
4.41657e-154
1.89494e-145
7.05055e-137
2.4833e-128
6.29009e-120
1.65719e-111
1.59666e-103
1.09385e-178
5.60738e-170
2.71226e-161
8.20026e-153
3.5152e-144
1.30509e-135
4.5789e-127
1.1591e-118
3.09904e-110
2.84058e-102
2.47253e-177
1.26711e-168
6.20779e-160
1.88525e-151
8.10087e-143
3.01123e-134
1.05602e-125
2.6841e-117
7.23343e-109
6.26282e-101
6.77425e-176
3.46045e-167
1.72819e-158
5.26655e-150
2.25362e-141
8.34364e-133
2.90571e-124
7.36061e-116
1.99582e-107
1.62838e-99
1.84292e-175
9.05468e-167
3.73732e-158
9.96558e-150
3.69255e-141
1.21503e-132
3.97878e-124
9.49901e-116
3.09914e-107
2.96526e-99
1.10507e-194
6.13631e-186
2.49555e-177
7.3992e-169
2.84518e-160
9.68087e-152
3.30846e-143
8.35996e-135
1.65386e-126
2.58999e-118
1.11551e-192
6.6017e-184
3.22303e-175
1.09482e-166
4.82497e-158
1.80735e-149
6.38237e-141
1.64301e-132
3.43164e-124
3.75303e-116
1.21524e-191
7.15149e-183
3.43049e-174
1.15745e-165
5.06589e-157
1.884e-148
6.63352e-140
1.71296e-131
3.63949e-123
3.90896e-115
1.38832e-190
8.14314e-182
3.85646e-173
1.2916e-164
5.60831e-156
2.07275e-147
7.27767e-139
1.88673e-130
4.06844e-122
4.25521e-114
1.82077e-189
1.06608e-180
5.01989e-172
1.67386e-163
7.22692e-155
2.65836e-146
9.31131e-138
2.42222e-129
5.29251e-121
5.34784e-113
2.79416e-188
1.63537e-179
7.69657e-171
2.56188e-162
1.103e-153
4.04635e-145
1.41502e-136
3.6924e-128
8.15395e-120
7.90251e-112
5.13494e-187
3.00801e-178
1.42196e-169
4.7354e-161
2.0376e-152
7.4625e-144
2.6037e-135
6.80119e-127
1.51967e-118
1.40564e-110
1.15591e-185
6.78604e-177
3.2453e-168
1.08486e-159
4.68167e-151
1.71773e-142
5.99798e-134
1.57176e-125
3.53463e-117
3.10459e-109
3.15087e-184
1.85352e-175
8.99044e-167
3.00561e-158
1.29311e-149
4.73198e-141
1.64304e-132
4.29009e-124
9.70621e-116
8.07768e-108
8.61265e-184
4.78496e-175
1.93757e-166
5.64378e-158
2.10718e-149
6.88068e-141
2.25363e-132
5.76738e-124
1.48353e-115
1.45815e-107
5.03489e-203
2.95116e-194
1.20032e-185
3.89155e-177
1.51398e-168
5.14401e-160
1.71272e-151
4.29164e-143
7.47294e-135
1.14495e-126
5.26682e-201
3.33609e-192
1.60605e-183
5.93515e-175
2.60663e-166
9.63654e-158
3.32472e-149
8.51578e-141
1.58223e-132
1.69854e-124
5.69473e-200
3.577e-191
1.69953e-182
6.25009e-174
2.72829e-165
1.00293e-156
3.45568e-148
8.89879e-140
1.67331e-131
1.76765e-123
6.48906e-199
4.05471e-190
1.90436e-181
6.9517e-173
3.01148e-164
1.10123e-155
3.78761e-147
9.8013e-139
1.86137e-130
1.92033e-122
8.48628e-198
5.28847e-189
2.47068e-180
8.97828e-172
3.86798e-163
1.40887e-154
4.83907e-146
1.25768e-137
2.40975e-129
2.40802e-121
1.29861e-196
8.0884e-188
3.77591e-179
1.36916e-170
5.88381e-162
2.13878e-153
7.3422e-145
1.9149e-136
3.69643e-128
3.55561e-120
2.3792e-195
1.48412e-186
6.95329e-178
2.52069e-169
1.08308e-160
3.93292e-152
1.34905e-143
3.52457e-135
6.86308e-127
6.32865e-119
5.34406e-194
3.3468e-185
1.58367e-176
5.75943e-168
2.48257e-159
9.03383e-151
3.10422e-142
8.13203e-134
1.59087e-125
1.39919e-117
1.45448e-192
9.15146e-184
4.37204e-175
1.58584e-166
6.81712e-158
2.47495e-149
8.46767e-141
2.2109e-132
4.34371e-124
3.63943e-116
3.89515e-192
2.27793e-183
9.18402e-175
2.90444e-166
1.09472e-157
3.58703e-149
1.16592e-140
3.03592e-132
6.52839e-124
6.51535e-116
2.26783e-211
1.34937e-202
5.4784e-194
1.89417e-185
7.39312e-177
2.51095e-168
8.11614e-160
1.98904e-151
3.22418e-143
4.76712e-135
2.50768e-209
1.62253e-200
7.67134e-192
2.99319e-183
1.29912e-174
4.7496e-166
1.59542e-157
4.02127e-149
6.89561e-141
7.22069e-133
2.6928e-208
1.72622e-199
8.07632e-191
3.1395e-182
1.35635e-173
4.9411e-165
1.65996e-156
4.20904e-148
7.27774e-140
7.52375e-132
3.05713e-207
1.94745e-198
9.01421e-190
3.48008e-181
1.49336e-172
5.41769e-164
1.81834e-155
4.63235e-147
8.05832e-139
8.16065e-131
3.9828e-206
2.5295e-197
1.16497e-188
4.47838e-180
1.91257e-171
6.91767e-163
2.32053e-154
5.93656e-146
1.03852e-137
1.02147e-129
6.07709e-205
3.85719e-196
1.77472e-187
6.80713e-179
2.90112e-170
1.04792e-161
3.51626e-153
9.02603e-145
1.58632e-136
1.50737e-128
1.11099e-203
7.06306e-195
3.25917e-186
1.24932e-177
5.325e-169
1.92266e-160
6.45343e-152
1.66014e-143
2.93428e-135
2.68459e-127
2.49233e-202
1.59233e-193
7.41242e-185
2.84906e-176
1.21824e-167
4.40849e-159
1.48313e-150
3.8244e-142
6.77899e-134
5.93987e-126
6.76937e-201
4.3497e-192
2.03841e-183
7.80616e-175
3.32866e-166
1.20154e-157
4.02846e-149
1.03573e-140
1.84008e-132
1.54179e-124
1.73694e-200
1.02815e-191
4.11997e-183
1.3848e-174
5.24728e-166
1.73358e-157
5.56232e-149
1.43336e-140
2.73187e-132
2.74221e-124
9.83332e-220
5.84944e-211
2.38425e-202
8.61674e-194
3.34052e-185
1.13034e-176
3.54492e-168
8.48557e-160
1.3352e-151
1.85497e-143
1.17094e-217
7.55491e-209
3.51634e-200
1.41518e-191
6.01191e-183
2.1714e-174
7.08951e-166
1.75285e-157
2.8666e-149
2.86993e-141
1.25061e-216
7.99991e-208
3.69072e-199
1.48075e-190
6.26874e-182
2.26005e-173
7.38738e-165
1.83727e-156
3.0221e-148
2.99588e-140
1.41276e-215
8.98217e-207
4.1036e-198
1.63617e-189
6.8874e-181
2.47543e-172
8.08859e-164
2.01974e-155
3.33328e-147
3.24451e-139
1.83255e-214
1.16183e-205
5.28333e-197
2.09834e-188
8.79892e-180
3.15602e-171
1.03134e-162
2.5844e-154
4.27813e-146
4.05685e-138
2.78814e-213
1.7665e-204
8.02414e-196
3.18044e-187
1.33159e-178
4.77276e-170
1.5609e-161
3.92301e-153
6.50849e-145
5.98378e-137
5.08923e-212
3.22877e-203
1.46992e-194
5.8231e-186
2.43876e-177
8.74132e-169
2.86152e-160
7.20791e-152
1.19939e-143
1.06584e-135
1.14172e-210
7.27769e-202
3.33868e-193
1.32603e-184
5.57088e-176
2.00134e-167
6.56752e-159
1.65763e-150
2.76081e-142
2.36036e-134
3.09139e-209
1.9811e-200
9.13297e-192
3.61453e-183
1.51486e-174
5.42811e-166
1.77634e-157
4.47102e-149
7.44753e-141
6.11112e-133
7.44053e-209
4.39321e-200
1.76197e-191
6.19313e-183
2.34246e-174
7.78556e-166
2.45401e-157
6.19276e-149
1.09479e-140
1.07844e-132
4.04938e-228
2.40875e-219
9.95394e-211
3.70933e-202
1.42093e-193
4.76004e-185
1.44824e-176
3.38885e-168
5.27031e-160
6.7301e-152
5.20687e-226
3.34201e-217
1.54686e-208
6.32309e-200
2.62124e-191
9.31033e-183
2.95399e-174
7.14814e-166
1.12998e-157
1.06345e-149
5.53142e-225
3.52683e-216
1.62102e-207
6.60967e-199
2.73297e-190
9.70022e-182
3.08307e-173
7.4998e-165
1.19003e-156
1.11105e-148
6.215e-224
3.94219e-215
1.79656e-206
7.28555e-198
2.99818e-189
1.0616e-180
3.37401e-172
8.23309e-164
1.3081e-155
1.20155e-147
8.02776e-223
5.07952e-214
2.30536e-205
9.31773e-197
3.82298e-188
1.35176e-179
4.29826e-171
1.05175e-162
1.67258e-154
1.50125e-146
1.21804e-221
7.70209e-213
3.49177e-204
1.40896e-195
5.7748e-187
2.04142e-178
6.49781e-170
1.59371e-161
2.53499e-153
2.21346e-145
2.22029e-220
1.40538e-211
6.3822e-203
2.57445e-194
1.05574e-185
3.73395e-177
1.18994e-168
2.9242e-160
4.65496e-152
3.94285e-144
4.98428e-219
3.16724e-210
1.44766e-201
5.85448e-193
2.40828e-184
8.53807e-176
2.72746e-167
6.71317e-159
1.06771e-150
8.73967e-143
1.34632e-217
8.58688e-209
3.93728e-200
1.58737e-191
6.51739e-183
2.30527e-174
7.34683e-166
1.80358e-157
2.86417e-149
2.25965e-141
3.02428e-217
1.78328e-208
7.243e-200
2.6338e-191
9.90488e-183
3.28791e-174
1.0133e-165
2.4915e-157
4.18434e-149
3.95318e-141
1.57579e-236
9.29722e-228
3.89518e-219
1.48721e-210
5.63464e-202
1.87126e-193
5.53847e-185
1.2705e-176
1.98533e-168
2.28973e-160
2.19731e-234
1.38729e-225
6.39569e-217
2.63976e-208
1.06968e-199
3.74142e-191
1.15383e-182
2.7309e-174
4.2472e-166
3.69522e-158
2.32461e-233
1.46045e-224
6.69776e-216
2.75903e-207
1.11604e-198
3.90322e-190
1.2061e-181
2.86669e-173
4.46801e-165
3.86234e-157
2.59712e-232
1.62481e-223
7.39971e-215
3.03448e-206
1.22289e-197
4.26905e-189
1.31923e-180
3.14218e-172
4.89654e-164
4.17323e-156
3.34132e-231
2.08605e-222
9.46746e-214
3.87192e-205
1.55694e-196
5.4302e-188
1.679e-179
4.00689e-171
6.23952e-163
5.21137e-155
5.05703e-230
3.15537e-221
1.43061e-212
5.84346e-204
2.34823e-195
8.19068e-187
2.53512e-178
6.05995e-170
9.42354e-162
7.68124e-154
9.20815e-229
5.74987e-220
2.61018e-211
1.06606e-202
4.28678e-194
1.49639e-185
4.63735e-177
1.11011e-168
1.72462e-160
1.3682e-152
2.06999e-227
1.29657e-218
5.91631e-210
2.42208e-201
9.76716e-193
3.41743e-184
1.06138e-175
2.5437e-167
3.94266e-159
3.03436e-151
5.57597e-226
3.50094e-217
1.60022e-208
6.53451e-200
2.631e-191
9.18794e-183
2.84777e-174
6.80893e-166
1.05243e-157
7.83898e-150
1.16248e-225
6.79686e-217
2.80072e-208
1.04839e-199
3.92322e-191
1.30001e-182
3.91304e-174
9.36707e-166
1.52913e-157
1.35839e-149
)
;

boundaryField
{
    flowInlet
    {
        type            fixedValue;
        value           uniform 0;
    }
    flowOutlet
    {
        type            zeroGradient;
    }
    minorInlet
    {
        type            fixedValue;
        value           uniform 1000;
    }
    pipe
    {
        type            zeroGradient;
    }
    topSurf
    {
        type            zeroGradient;
    }
    bottomSurf
    {
        type            zeroGradient;
    }
    innerSurf
    {
        type            zeroGradient;
    }
    outerSurf
    {
        type            zeroGradient;
    }
}


// ************************************************************************* //
