/*--------------------------------*- C++ -*----------------------------------*\
| =========                 |                                                 |
| \\      /  F ield         | OpenFOAM: The Open Source CFD Toolbox           |
|  \\    /   O peration     | Version:  1.7.x                                 |
|   \\  /    A nd           | Web:      www.OpenFOAM.com                      |
|    \\/     M anipulation  |                                                 |
\*---------------------------------------------------------------------------*/
FoamFile
{
    version     2.0;
    format      ascii;
    class       volScalarField;
    location    "0.5";
    object      alpha1;
}
// * * * * * * * * * * * * * * * * * * * * * * * * * * * * * * * * * * * * * //

dimensions      [0 -3 0 0 1 0 0];

internalField   nonuniform List<scalar> 
8000
(
3.25108e-08
-1.39746e-08
2.65584e-07
2.14938e-07
2.11348e-05
5.38682e-05
2.90667e-05
1.23614e-05
1.60314e-05
-3.72591e-06
-2.63625e-07
1.21152e-07
-2.98276e-06
1.01842e-06
-0.000250941
-0.000606365
-0.00026499
-0.000126606
-0.000148628
2.46692e-05
-5.03783e-07
3.1481e-07
-6.54559e-06
6.58416e-06
-0.000501704
-0.00125119
-0.000778139
-0.000796011
-0.00038256
0.000208031
-3.33165e-07
3.57261e-07
-6.4826e-06
5.13103e-06
-0.00051815
-0.00124222
-0.000691745
-0.000814187
-0.000460305
0.000261507
-3.68855e-07
5.68923e-07
-6.40048e-06
3.93132e-06
-0.000486051
-0.0011613
-0.00058273
-0.000670745
-0.000439565
0.000239714
-6.46522e-07
1.06144e-06
-6.88821e-06
4.35612e-06
-0.000441672
-0.00111226
-0.000564099
-0.000566311
-0.000401032
0.000223194
-1.07428e-06
1.64994e-06
-7.28673e-06
4.92624e-06
-0.000373473
-0.00106123
-0.00062258
-0.000500194
-0.000363598
0.000216756
-1.30792e-06
1.53982e-06
-5.699e-06
1.69802e-06
-0.00024996
-0.000876739
-0.000676014
-0.000394367
-0.000293488
0.000174494
-7.17595e-07
7.67858e-07
-3.48824e-06
-1.69593e-09
-0.000170197
-0.000557963
-0.000280617
7.06748e-05
-0.000179447
4.61883e-05
7.29085e-08
-7.10411e-08
3.15406e-07
1.08573e-08
1.39823e-05
4.69678e-05
2.77238e-05
-3.25957e-06
1.77119e-05
-5.25013e-06
-7.51669e-08
-1.16273e-08
-6.08318e-07
-5.19379e-07
-5.15879e-05
-0.000124745
-6.43362e-05
-4.10405e-05
-4.16518e-05
9.92441e-06
5.53995e-07
2.19928e-07
6.78317e-06
-3.92604e-06
0.000605827
0.0013631
0.000511204
0.000396955
0.00038625
-6.2389e-05
8.364e-07
1.85201e-07
1.50369e-05
-1.91263e-05
0.00120947
0.00284983
0.00177286
0.00227434
0.000901474
-0.000599929
3.26398e-07
-1.40594e-07
1.49461e-05
-1.60358e-05
0.00123989
0.00282256
0.00157132
0.00232258
0.00110183
-0.000774885
5.4569e-07
-9.50837e-07
1.4933e-05
-1.33669e-05
0.00114106
0.00260569
0.00129102
0.00191506
0.001064
-0.0007117
1.46468e-06
-2.38818e-06
1.61816e-05
-1.41962e-05
0.001
0.00243899
0.00123256
0.00161825
0.000961032
-0.000654538
2.74043e-06
-3.87818e-06
1.66866e-05
-1.41092e-05
0.000789067
0.00223547
0.00136434
0.00142958
0.000850567
-0.000621678
3.28166e-06
-3.23438e-06
1.13158e-05
-3.01844e-06
0.000442557
0.00167646
0.00147396
0.00115046
0.000663103
-0.000481487
1.77235e-06
-1.48364e-06
6.91728e-06
-1.00114e-07
0.00031054
0.00104876
0.000510373
-9.45162e-05
0.000440114
-0.000119708
-1.84455e-07
1.3739e-07
-6.60072e-07
3.19486e-08
-2.67656e-05
-9.31573e-05
-5.62557e-05
-1.07675e-07
-4.40241e-05
1.37562e-05
1.05964e-07
1.37087e-07
9.26631e-07
1.25515e-06
8.57964e-05
0.000191638
9.16978e-05
9.00039e-05
7.41887e-05
-1.83953e-05
-6.09596e-07
-1.69212e-06
-1.07718e-05
3.91001e-06
-0.00107033
-0.00217537
-0.000604925
-0.000837337
-0.000667286
0.000103007
-2.44291e-07
-2.42961e-06
-2.43723e-05
2.55098e-05
-0.00209683
-0.00456559
-0.00280675
-0.00447068
-0.00133654
0.00112056
7.77078e-07
-1.16427e-06
-2.4563e-05
1.95366e-05
-0.00211806
-0.00449681
-0.00249137
-0.00457798
-0.00166044
0.00148931
1.70389e-08
9.53887e-07
-2.50894e-05
1.61357e-05
-0.00189268
-0.00407105
-0.00198529
-0.0037696
-0.00163217
0.00137095
-2.14782e-06
3.91388e-06
-2.73968e-05
1.8623e-05
-0.00156853
-0.00367661
-0.00187066
-0.00317422
-0.00146344
0.00124458
-4.81896e-06
6.4907e-06
-2.70875e-05
1.76981e-05
-0.00110403
-0.003165
-0.00210332
-0.00278648
-0.00126518
0.00115463
-5.51449e-06
4.56893e-06
-1.43104e-05
-4.0053e-06
-0.000418894
-0.00199189
-0.00227766
-0.0022696
-0.000938128
0.000857365
-2.89538e-06
1.85312e-06
-8.93136e-06
-3.38597e-06
-0.000329879
-0.00122679
-0.00060551
1.35502e-05
-0.00069099
0.000202515
3.08049e-07
-1.55372e-07
8.71304e-07
-3.59699e-08
2.77963e-05
0.000107573
7.14033e-05
1.74628e-05
7.26669e-05
-2.47299e-05
-1.42089e-07
-4.30711e-07
-1.37573e-06
-2.32512e-06
-0.000147688
-0.000306777
-0.000131702
-0.00018978
-0.000140568
3.69619e-05
2.79752e-07
5.11564e-06
1.80368e-05
-1.55119e-05
0.00195825
0.00362767
0.000600808
0.00178878
0.00132048
-0.000218554
-2.24506e-06
6.14031e-06
4.20482e-05
-6.53882e-05
0.00371121
0.00759557
0.00456614
0.00875655
0.00203072
-0.00247525
-4.34667e-06
2.20236e-06
4.31302e-05
-5.7623e-05
0.00367207
0.00740911
0.00406058
0.00889219
0.00251842
-0.00336987
-1.82805e-06
-2.8491e-06
4.49255e-05
-5.21428e-05
0.00317018
0.00655581
0.00314683
0.00730041
0.0025532
-0.00311561
3.81668e-06
-8.77921e-06
4.89534e-05
-5.3823e-05
0.00245932
0.00568878
0.00295412
0.00609806
0.00228949
-0.00279992
1.01108e-05
-1.30395e-05
4.59598e-05
-4.33642e-05
0.00148999
0.00457704
0.00343788
0.00527154
0.00193975
-0.00254451
1.07802e-05
-8.09621e-06
1.76611e-05
8.50112e-06
0.000198024
0.00227428
0.00380087
0.00435511
0.00135796
-0.00182132
5.52562e-06
-3.50008e-06
1.19162e-05
3.77647e-06
0.000258936
0.0013569
0.000772075
0.000201277
0.00124167
-0.000417629
-5.61109e-07
2.09528e-07
-1.12762e-06
5.57082e-07
-2.28868e-05
-0.00011925
-9.4661e-05
-5.47662e-05
-0.000130317
4.81998e-05
9.405e-08
1.06501e-06
1.92947e-06
5.02359e-06
0.000241504
0.00045537
0.000161836
0.000360328
0.000237741
-6.88399e-05
1.79977e-06
-1.21992e-05
-2.82282e-05
2.20544e-05
-0.00341505
-0.00571346
-0.000133323
-0.00316397
-0.00207456
0.000355694
9.14324e-06
-1.224e-05
-7.08231e-05
9.83744e-05
-0.00616931
-0.0119127
-0.00696417
-0.0152192
-0.00228055
0.00423319
1.23962e-05
-2.05792e-06
-7.52784e-05
8.5841e-05
-0.00591907
-0.0114435
-0.00627408
-0.0155378
-0.00285434
0.00593224
5.784e-06
8.48411e-06
-8.00027e-05
8.04684e-05
-0.00486432
-0.00979615
-0.00475294
-0.0126952
-0.00306764
0.00551161
-6.69037e-06
1.87946e-05
-8.58721e-05
8.39391e-05
-0.00341724
-0.00804437
-0.00453259
-0.0104721
-0.00278346
0.00490469
-1.92272e-05
2.4275e-05
-7.46981e-05
5.90719e-05
-0.00155818
-0.00588335
-0.00559624
-0.0088554
-0.0023106
0.00436708
-1.814e-05
1.37959e-05
-1.6532e-05
-3.419e-05
0.000641879
-0.00174762
-0.00628568
-0.00734076
-0.00139806
0.00299235
-8.83129e-06
6.67919e-06
-1.33429e-05
-1.30367e-05
0.000177064
-0.000877117
-0.00100377
-0.000587508
-0.0016939
0.000672497
9.09537e-07
-3.45324e-07
1.34237e-06
-1.60555e-06
-7.75836e-06
8.00765e-05
0.000113561
0.000130346
0.000203961
-8.60704e-05
2.25548e-07
-2.19326e-06
-2.29027e-06
-7.26751e-06
-0.000384755
-0.000662224
-0.000171785
-0.000668463
-0.000416594
0.000139831
-9.84155e-06
2.35732e-05
4.71104e-05
-8.70647e-05
0.0058023
0.00913914
-0.00086324
0.00564356
0.00362306
-0.00078891
-2.9046e-05
1.14027e-05
0.000124656
-0.000255943
0.00973955
0.0186202
0.0109367
0.0248292
0.0015521
-0.00878387
-3.25014e-05
-1.27572e-05
0.000136019
-0.000243411
0.00893573
0.0174157
0.010012
0.0249978
0.00183472
-0.0125777
-1.31322e-05
-3.20644e-05
0.000144632
-0.000226669
0.00686215
0.0142958
0.00758339
0.0202829
0.002549
-0.0117766
1.82663e-05
-4.66346e-05
0.000149214
-0.000204365
0.00415193
0.011035
0.00749778
0.0164167
0.00246467
-0.0104076
4.65471e-05
-4.85899e-05
0.000116952
-0.000112786
0.000906791
0.0072876
0.00976922
0.0134201
0.00194714
-0.00909574
3.79095e-05
-2.53667e-05
7.17321e-06
8.12412e-05
-0.00242431
0.000506694
0.011016
0.0114219
0.000530947
-0.00598717
1.81998e-05
-1.546e-05
1.20037e-05
2.96076e-05
-0.00125583
-0.000384679
0.00185971
0.00140441
0.00240476
-0.0013572
-1.58932e-06
7.37434e-07
-1.36331e-06
4.43664e-06
7.99995e-05
2.96048e-05
-0.000141366
-0.000276013
-0.000330448
0.000167152
-1.25551e-06
4.08146e-06
2.81133e-06
1.14907e-05
0.000598107
0.000954075
0.000143807
0.0011132
0.000644393
-0.000250471
2.65775e-05
-3.74106e-05
-8.29247e-05
0.000194317
-0.00962705
-0.0153123
0.00207027
-0.0076866
-0.00505444
0.00120538
5.70116e-05
-1.5614e-06
-0.000223438
0.000463333
-0.0146198
-0.0298636
-0.0185779
-0.0358526
6.41062e-05
0.0126609
5.43686e-05
4.5189e-05
-0.000249514
0.000435995
-0.0125845
-0.0270178
-0.0175006
-0.0363732
0.00039282
0.0187772
1.24975e-05
7.49387e-05
-0.000261937
0.000392743
-0.00874486
-0.021152
-0.0137176
-0.0291383
-0.000963688
0.0177343
-4.7354e-05
8.8892e-05
-0.000254422
0.000314748
-0.00403377
-0.0152884
-0.0140822
-0.0229013
-0.00130875
0.0155596
-9.45193e-05
7.7393e-05
-0.00017264
0.000102865
0.00116802
-0.00898919
-0.0184212
-0.0179374
-0.000799119
0.0133309
-6.55819e-05
3.94104e-05
1.98918e-05
-0.000217648
0.00560556
0.00170375
-0.0197068
-0.0157954
0.00149452
0.00826541
-3.13813e-05
2.76997e-05
7.80528e-08
-0.000104151
0.00348681
0.00303225
-0.00423082
-0.00216775
-0.00220251
0.00191547
2.4913e-06
-1.78681e-06
1.40661e-06
-8.28512e-06
-0.000219816
-0.000251148
0.00021601
0.000511171
0.000455088
-0.000282048
4.62836e-06
-6.18424e-06
-2.88115e-06
-7.28948e-06
-0.000897021
-0.00139691
-0.000121283
-0.00176791
-0.00108309
0.00053372
-8.2498e-05
4.1138e-05
0.000163642
-0.000549413
0.0154185
0.0275219
-0.0011611
0.00982977
0.00846819
-0.00303091
-0.000123733
-6.1178e-05
0.000400574
-0.000988665
0.0204445
0.0493674
0.0349612
0.0459617
-0.00557392
-0.0251092
-8.68346e-05
-0.000144778
0.000444503
-0.00091453
0.0160643
0.04303
0.0336598
0.0458759
-0.00802071
-0.0379585
2.79149e-05
-0.000179071
0.000450667
-0.000759713
0.00949213
0.0322309
0.0276584
0.0360679
-0.00525843
-0.0363807
0.000171031
-0.000170603
0.000401605
-0.000485535
0.00202282
0.0219904
0.028391
0.0271344
-0.00368836
-0.0319373
0.000263968
-0.00011254
0.000219533
2.14052e-05
-0.00548669
0.0114677
0.0348543
0.0201558
-0.00406331
-0.0269787
0.000160292
-4.55387e-05
-8.55235e-05
0.000545194
-0.0104025
-0.00476501
0.0342964
0.020115
-0.00832023
-0.0157479
8.21446e-05
-4.14782e-05
-4.44261e-05
0.000328895
-0.00746831
-0.00794228
0.00963392
0.00379159
0.00076135
-0.00389578
-4.51241e-06
3.57165e-06
-1.07814e-06
1.01205e-05
0.00044634
0.00060494
-0.000390591
-0.000904105
-0.000625249
0.00055902
-1.0393e-05
8.24279e-06
4.68103e-06
-9.77823e-06
0.0012939
0.0022379
0.000277271
0.00241282
0.0016171
-0.000831686
0.000142095
-2.26157e-05
-0.000324286
0.00128178
-0.0235525
-0.0520034
-0.00701282
-0.00519541
-0.0124102
0.00439169
0.000126348
0.000135999
-0.000673324
0.00175997
-0.0260917
-0.0831059
-0.0686778
-0.048473
0.00549409
0.0277371
2.22141e-05
0.000248006
-0.00073551
0.00148022
-0.0178816
-0.0701518
-0.0670417
-0.0492625
0.00956658
0.0437076
-0.000170969
0.000270696
-0.000715232
0.00104495
-0.007536
-0.0505245
-0.0569273
-0.0374307
0.0065982
0.0425297
-0.000378164
0.000213322
-0.000572192
0.000377058
0.00323488
-0.0321938
-0.0564383
-0.0266059
0.00508579
0.0372225
-0.000472633
9.29316e-05
-0.000217387
-0.000596408
0.0129413
-0.0132397
-0.0624251
-0.0198309
0.00733086
0.0306939
-0.000255125
3.05288e-05
0.000212047
-0.00126696
0.0169398
0.0113034
-0.0545365
-0.0252177
0.0154025
0.0159707
-0.000141987
3.45926e-05
0.000159996
-0.000925203
0.0138179
0.0178323
-0.0185257
-0.00589458
0.00349577
0.00441151
7.14467e-06
-6.57768e-06
2.34901e-07
2.85344e-08
-0.000748424
-0.00110894
0.000837917
0.0014871
0.000657913
-0.000786516
2.7656e-05
-6.23073e-06
-1.02395e-05
8.13457e-05
-0.0017328
-0.00377222
-0.00116423
-0.00269525
-0.00311235
0.00208806
-0.000324352
-7.73366e-05
0.000638079
-0.00286465
0.032594
0.0960576
0.0321333
-0.00879967
0.0257794
-0.0145507
-1.78393e-05
-0.000318016
0.00104499
-0.00287504
0.0276435
0.131243
0.126674
0.036902
-0.00807566
-0.0553068
0.000373729
-0.000449303
0.00110084
-0.00208122
0.0143013
0.107038
0.123556
0.0384403
-0.0170949
-0.0895693
0.000865536
-0.000409467
0.00100562
-0.00102891
-0.00012313
0.0734242
0.105989
0.0277095
-0.0144242
-0.0906316
0.00128947
-0.000221136
0.000686923
0.000357299
-0.0135623
0.0412553
0.0989989
0.0192204
-0.0142752
-0.0807673
0.00133511
2.62853e-05
8.89551e-05
0.00196244
-0.0239678
0.00718153
0.0963898
0.0190825
-0.0228027
-0.065049
0.000638646
5.64852e-05
-0.000430082
0.00254765
-0.0244885
-0.0266793
0.0738969
0.035732
-0.0401278
-0.0258492
0.000378633
2.65732e-05
-0.000404579
0.00218856
-0.0221015
-0.0370066
0.0285651
0.0130926
-0.0179177
-0.00880204
-1.48148e-05
9.05042e-06
3.15723e-06
-4.54452e-05
0.0010361
0.001705
-0.00146551
-0.00241843
-0.000457813
0.00171532
-1.87764e-05
-3.44633e-06
2.14642e-05
-0.000167313
0.00108776
0.00428711
0.00274935
0.000739978
0.00304112
-0.000318307
0.000145069
0.000124864
-0.0006931
0.00371369
-0.0200604
-0.099982
-0.0562376
0.0289834
-0.0248231
0.0106776
-0.000335719
0.000177268
-0.000802654
0.00230426
-0.00636096
-0.104569
-0.126751
-0.00199386
-0.00934114
0.0183338
-0.000708383
0.000213747
-0.000810988
0.000934351
0.00416352
-0.0795285
-0.121774
-0.00646642
-0.00496053
0.0299719
-0.00103541
0.000131293
-0.000674455
-0.000550071
0.0132812
-0.0476423
-0.10324
-0.00480993
-0.00246714
0.031295
-0.00119664
-4.53881e-05
-0.000336448
-0.00207567
0.0197623
-0.0156961
-0.0876983
-0.00750986
0.00412719
0.0271222
-0.00101218
-0.00017582
0.000147303
-0.00332814
0.0225534
0.0176814
-0.0708438
-0.0193367
0.0182521
0.0182986
-0.000417309
-6.82111e-05
0.000401983
-0.00307317
0.0174896
0.0372266
-0.0452041
-0.0359128
0.0321821
5.60842e-05
-0.000271166
-7.4758e-05
0.000489591
-0.00302987
0.0169241
0.0440867
-0.0187185
-0.0185112
0.020891
0.00223028
9.31535e-06
-5.14705e-06
-9.61318e-06
9.92343e-05
-0.00054645
-0.0013245
0.00156032
0.00242395
-0.000108644
-0.000247695
3.03665e-07
-1.63428e-05
2.96357e-05
-5.76174e-05
-0.000556857
-0.00279826
-0.00314203
0.000365338
-0.00355933
-0.000315752
-2.14736e-05
0.000371319
-0.000677398
0.000931987
0.0112541
0.0571491
0.0699483
-0.0137281
0.0141389
-0.000687207
9.16495e-05
7.26067e-05
-0.00015775
0.000251898
0.00230196
0.0361944
0.0990304
0.0495312
0.0106086
-0.00506703
0.000178086
-0.000213215
0.00033743
-0.000616215
-0.00434413
0.0196141
0.0881559
0.0537974
0.0154821
-0.0100891
0.000275046
-0.000442189
0.000694028
-0.00124489
-0.00989055
0.00186055
0.0697817
0.0476572
0.0137979
-0.0112286
0.000349313
-0.00060248
0.000895529
-0.00152932
-0.0132465
-0.0155106
0.0516862
0.0481062
0.00717598
-0.0111435
0.000319311
-0.000655574
0.000952626
-0.00141258
-0.0142594
-0.0311498
0.0313596
0.0567206
-0.00264905
-0.0103947
0.000109956
-0.000462791
0.000745939
-0.000891567
-0.0113348
-0.033652
0.0100734
0.0614577
-0.013125
-0.0049323
6.41585e-05
-0.000392892
0.00064603
-0.000728691
-0.0101691
-0.0339734
-0.00445195
0.0337125
-0.00891575
-0.00352879
1.98123e-06
1.24988e-05
-2.60106e-05
5.10977e-05
0.00018701
0.000971297
0.000150125
-0.00259805
-0.000879662
-0.000149229
-3.20092e-06
-1.19694e-05
3.51995e-05
-0.000108803
0.000644189
0.00403451
0.00569286
-0.00040271
0.00342878
0.00098915
6.70413e-05
0.000318696
-0.000560702
0.00164419
-0.0156868
-0.0887597
-0.100847
0.016279
-0.0126092
-0.00308943
0.000139035
0.000526938
-0.00101767
0.00205002
0.000393047
-0.0676508
-0.13225
-0.0430976
-0.0159787
0.00132911
0.000135595
0.000521737
-0.00109048
0.00204562
0.0107035
-0.0419262
-0.11758
-0.0435414
-0.016431
0.00369697
8.10953e-05
0.000392114
-0.000953074
0.00155997
0.0184612
-0.0133104
-0.0919082
-0.038346
-0.0136626
0.00380081
-1.05796e-06
0.000156372
-0.000598493
0.000579709
0.0222029
0.0121954
-0.0655786
-0.0406044
-0.00918933
0.00392697
-7.95278e-05
-0.000109314
-0.000127722
-0.000581159
0.0221958
0.0350608
-0.0367756
-0.0517288
-0.00154648
0.00460069
-8.07674e-05
-0.000202322
0.000191807
-0.00101804
0.0161764
0.041032
-0.0123054
-0.0602283
0.00945046
0.00467515
-3.8645e-05
-0.000179017
0.00025792
-0.00117147
0.0157061
0.0483401
0.00664131
-0.0360961
0.00814656
0.0018409
1.01281e-07
3.34995e-06
-2.00792e-05
6.2585e-05
-0.000156291
-0.000980198
0.000309848
0.00351574
0.000556418
9.4017e-05
-5.44821e-06
-1.49414e-05
1.22315e-05
1.74328e-05
0.000106218
-0.00260084
-0.00717593
0.000475298
-0.00340697
-0.00128211
5.12875e-05
0.000334365
-0.000529788
0.00144155
0.00607842
0.0577865
0.1222
0.00157228
0.0114703
0.00493773
6.65439e-05
0.0003424
-2.18541e-05
-0.000377828
-0.00933093
0.00803644
0.108887
0.0868439
0.0339133
0.0150716
4.33488e-05
0.000188772
0.000403548
-0.00202065
-0.0162256
-0.0117877
0.0886741
0.0890449
0.0386419
0.0150073
2.25809e-05
2.46841e-05
0.000661434
-0.00297866
-0.0199548
-0.0291536
0.061455
0.0800307
0.0321187
0.0124549
5.20139e-06
-0.000149275
0.000785951
-0.00316845
-0.0193494
-0.0422554
0.0313475
0.0788646
0.0233876
0.00956804
-1.97125e-05
-0.000341839
0.000858188
-0.00279849
-0.0162607
-0.050985
-0.000413949
0.0854384
0.013558
0.00643873
-5.08531e-05
-0.000390559
0.000749574
-0.0019154
-0.0110199
-0.0418768
-0.0176425
0.0819982
0.00381147
0.00328237
-3.11838e-05
-0.000268336
0.000569402
-0.0014043
-0.0100308
-0.0441338
-0.0288515
0.0490725
-0.00293514
0.000323285
2.0822e-06
9.47324e-06
-8.66491e-06
-5.61622e-06
-0.000453693
0.000110572
0.00102395
-0.00449706
-0.00113439
-0.000956752
-1.27821e-06
-2.05475e-05
4.93543e-05
-0.000220083
-0.000510153
0.0015382
0.00849235
0.00120367
0.00358115
-0.000256036
1.08258e-05
0.000229003
-0.000549241
0.000657589
-0.00699381
-0.055979
-0.131658
-0.0237589
-0.0118
-5.67167e-05
6.01098e-05
0.00047504
-0.00108244
0.0034985
0.00996972
-0.0140271
-0.0960155
-0.0904764
-0.0300462
-0.0072335
8.07791e-05
0.000460762
-0.00102943
0.00465443
0.0183094
0.00709154
-0.0728652
-0.0852281
-0.0296589
-0.0106563
7.70752e-05
0.000340669
-0.000775908
0.00460747
0.0227681
0.0261005
-0.0441799
-0.0760221
-0.0246371
-0.00963447
5.83559e-05
0.000164161
-0.000402206
0.00344368
0.0220064
0.0362776
-0.0153726
-0.0724406
-0.019676
-0.00793216
3.07641e-05
-3.48011e-05
-3.84465e-05
0.00182529
0.0188837
0.0414995
0.0114263
-0.0739224
-0.0147399
-0.00585771
1.9214e-06
-0.000177302
0.000174163
0.000602597
0.0135051
0.0346698
0.0182348
-0.0685232
-0.00926196
-0.00237671
7.80831e-06
-8.79254e-05
0.000191823
0.000216716
0.0123821
0.0447138
0.0358825
-0.0482772
-0.00267334
0.000895364
-6.47883e-07
8.27693e-06
-3.40229e-05
0.000148684
0.000821153
0.000966015
-0.000866638
0.00522513
0.0020758
-0.000655565
-1.40936e-06
-1.10989e-05
1.49117e-07
0.000290562
0.00154717
0.00149478
-0.00759172
-0.00178192
-0.0020188
-0.00379052
7.94047e-06
7.05236e-05
-0.000105057
0.000738197
-0.000804606
0.0285019
0.127865
0.0505982
0.0171836
0.0139997
1.24209e-05
0.000171215
6.39669e-05
-0.00301729
-0.0178421
-0.0242169
0.0572168
0.118549
0.0513627
0.0212618
8.88056e-06
0.000187648
0.000104714
-0.00505016
-0.0233007
-0.0386785
0.0343676
0.114311
0.0486541
0.0177321
4.73085e-06
0.000170929
9.1223e-05
-0.00562547
-0.0241559
-0.0476338
0.00902769
0.101587
0.0411879
0.0145443
4.19709e-07
0.00012103
0.000121415
-0.00488879
-0.0197661
-0.0469025
-0.0139368
0.0931194
0.0357088
0.0119909
-7.66838e-06
2.03476e-05
0.000269166
-0.00368715
-0.014609
-0.0439806
-0.0326576
0.0888453
0.0325886
0.0100922
-1.47602e-05
-8.70877e-05
0.000386056
-0.00244985
-0.0101189
-0.032664
-0.0295863
0.0754599
0.0292167
0.00900468
-7.94596e-06
-2.69477e-05
0.00019251
-0.00153481
-0.00846769
-0.0393942
-0.0486318
0.0512729
0.0119905
0.00567919
3.19813e-07
1.50393e-07
1.48643e-05
-0.000217867
-0.00163301
-0.00299989
0.00101486
-0.00561373
-0.00122076
-0.00161605
8.39321e-07
1.63693e-06
2.06966e-05
-0.000557561
-0.00233689
-0.00479166
0.00399494
-0.0029843
0.0028646
0.00298221
-3.21311e-06
2.93638e-06
-0.000536389
0.00109086
0.00186014
-0.0130498
-0.104833
-0.0894348
-0.0335891
-0.00485192
3.97092e-06
8.52114e-05
-0.000698694
0.00637613
0.0176254
0.0225216
-0.0202441
-0.117575
-0.0707293
-0.0392401
1.04862e-05
0.000101769
-0.000343082
0.00801939
0.0228387
0.0332709
-0.000344016
-0.108598
-0.0587798
-0.0380411
1.02313e-05
6.36964e-05
1.78908e-05
0.00757632
0.0234376
0.0395624
0.018799
-0.0960838
-0.0450529
-0.0314475
7.92304e-06
2.13801e-05
0.000242153
0.00552754
0.0190418
0.034246
0.0292154
-0.0842342
-0.0305549
-0.0257379
7.12125e-06
-9.22758e-06
0.000320616
0.00321913
0.0148614
0.0296407
0.0336572
-0.0734103
-0.014445
-0.0209202
5.67054e-06
-2.53906e-05
0.000295095
0.00163307
0.0117475
0.0242233
0.020434
-0.0573667
-0.00382115
-0.0154654
3.39993e-06
-6.29747e-06
0.000243038
0.000794731
0.0089771
0.0350287
0.0498106
-0.0494639
-0.00469446
-0.000452304
-2.48293e-07
-8.98278e-07
-2.73214e-05
0.000409037
0.00225702
0.00541225
0.000473809
0.00225191
0.00193716
0.00382797
-3.47669e-07
-1.01713e-07
4.9665e-05
0.000752229
0.00340263
0.00899366
0.00304758
0.0204381
-0.0267109
0.0280673
2.10204e-06
1.77246e-05
0.0001651
-0.00112264
-0.00717472
-0.00637279
0.0662869
0.119083
0.053569
-0.034882
-4.82812e-07
8.20384e-06
-0.000410955
-0.00699124
-0.022896
-0.0352047
-0.016895
0.105182
0.116411
-0.038854
7.72553e-07
5.04098e-05
-0.000889638
-0.00870873
-0.0258018
-0.0396696
-0.0286429
0.101785
0.113552
-0.0231124
3.94086e-06
9.04054e-05
-0.00106627
-0.00814916
-0.0237659
-0.0390916
-0.0379779
0.0910776
0.1148
-0.0176502
5.30203e-06
9.43176e-05
-0.00087493
-0.00601036
-0.0173628
-0.0288573
-0.0339258
0.0794793
0.127228
-0.0150236
2.82888e-06
6.24128e-05
-0.000462043
-0.00392791
-0.0124631
-0.024869
-0.0272834
0.0682059
0.152637
-0.0139355
-1.2823e-06
1.21388e-05
-6.8848e-05
-0.00268342
-0.0101029
-0.0232645
-0.0132265
0.0517213
0.162398
-0.0142943
-1.25989e-06
-9.28296e-07
-0.000150761
-0.00120553
-0.00649571
-0.0299422
-0.0501263
0.0459411
0.0891154
-0.000215585
1.98321e-07
1.2469e-06
-1.24039e-06
-0.000569471
-0.00298395
-0.00831424
-0.0038633
0.00556068
-0.00251813
0.0282943
4.0652e-07
2.2516e-06
-9.40553e-05
-0.00102766
-0.00401528
-0.0122091
-0.0142453
-0.027124
0.0237184
-0.121084
-3.99922e-06
-5.17607e-05
-0.000310462
0.00308658
0.0088881
0.0147479
-0.0223596
-0.144558
-0.101505
0.0123673
-1.39121e-06
-1.37696e-05
0.000578132
0.0102329
0.0224282
0.0241828
0.032191
-0.0632782
-0.100032
0.0558328
-2.79353e-06
-1.56546e-05
0.00130971
0.011313
0.0242526
0.025169
0.0355125
-0.0680183
-0.0278037
0.0460148
-7.64178e-06
-3.88963e-05
0.0015154
0.00967626
0.0218038
0.0237823
0.0349307
-0.0612713
0.031286
0.0365561
-9.92337e-06
-3.94115e-05
0.00121057
0.00646843
0.0160162
0.0152213
0.0177325
-0.0497389
0.100383
0.0327303
-8.16041e-06
-2.51151e-05
0.000769232
0.00365517
0.0124738
0.0163916
0.00545869
-0.0339985
0.184615
0.0295051
-2.44483e-06
3.79323e-06
0.000465314
0.00224504
0.0115575
0.0221464
-0.00318998
-0.0168112
0.238716
0.00779695
6.30717e-07
1.96163e-05
0.000295192
0.000631993
0.00616293
0.0271535
0.0444212
-0.0335274
0.169941
-0.0638995
-1.65993e-07
-1.53673e-06
3.58169e-05
0.000756371
0.00336368
0.0107098
0.0102191
-0.0194392
0.0575535
-0.12801
-3.86675e-07
4.5828e-06
0.000186011
0.00120313
0.0043502
0.0136335
0.0259964
-0.0174016
0.0812246
0.165019
8.42248e-06
5.92651e-05
-8.13339e-05
-0.00439593
-0.0129498
-0.0194349
-0.0122298
0.130815
0.210333
0.0137214
2.10484e-06
-6.58181e-05
-0.00200642
-0.0114739
-0.025787
-0.0207306
-0.0226209
-0.012877
0.311595
-0.0109774
-4.64372e-06
-0.000125176
-0.00285338
-0.0119007
-0.0259541
-0.0195499
-0.0179485
0.0155138
0.370234
-0.0217336
-8.4298e-06
-0.000137417
-0.00271121
-0.00972137
-0.0220976
-0.017337
-0.00957214
0.0129113
0.413255
-0.038834
-9.88321e-06
-0.000125954
-0.00188134
-0.00631614
-0.0157503
-0.0117291
0.0132251
0.00348701
0.48377
-0.0641517
-8.4972e-06
-9.24485e-05
-0.00100149
-0.00372808
-0.0119392
-0.017814
0.0192185
-0.0123193
0.598137
-0.0866897
-6.26762e-06
-5.91732e-05
-0.000458158
-0.00278092
-0.0109904
-0.0267412
0.0137278
-0.0262471
0.691398
-0.060813
-4.72018e-06
-4.29478e-05
-0.000241871
-0.000505235
-0.00439322
-0.024894
-0.0412127
-0.0185888
0.509169
0.120221
1.80917e-07
1.20888e-06
-9.45044e-05
-0.00087088
-0.00342947
-0.0119633
-0.0197186
-0.019613
0.0644363
0.407851
-8.85432e-08
4.00828e-06
-0.000291104
-0.00129741
-0.00383835
-0.011196
-0.0293059
-0.0532186
0.0324498
0.572786
-3.28876e-06
-5.9323e-05
0.000684152
0.00699425
0.0155071
0.0171157
0.015846
0.0290587
0.171259
0.809319
-4.79375e-06
0.000134004
0.00334534
0.0140637
0.0250703
0.00791253
-0.0215377
0.12092
0.29726
0.839574
-2.0706e-06
0.000304437
0.0039934
0.0134801
0.0242067
0.00759122
-0.0274234
0.0782264
0.361784
0.873237
1.45351e-06
0.000368202
0.00335136
0.0103797
0.0203873
0.00903242
-0.0384535
0.0416392
0.460119
0.940624
3.91989e-06
0.000321932
0.00205532
0.00643018
0.0150481
0.00971551
-0.0559096
0.00387876
0.63533
1.0168
4.1234e-06
0.000224131
0.000993528
0.00355885
0.0121508
0.0204496
-0.0442464
-0.0174831
0.896752
1.085
2.80236e-06
0.000123505
0.00058441
0.00249617
0.0117063
0.0319787
-0.0221029
-0.0183899
1.1347
1.15056
9.42788e-07
5.55693e-05
0.000105497
-9.14138e-05
0.00334156
0.0236634
0.0381019
0.0483529
0.978719
1.25719
1.4716e-07
-4.90046e-06
0.000187657
0.000881201
0.00302316
0.0110333
0.024986
-0.0340755
0.293701
1.28975
7.558e-08
-6.92447e-08
0.000293092
0.00099268
0.0028874
0.00846695
0.0332694
-0.024018
0.0661644
1.19676
1.35908e-06
2.09615e-05
-0.00111922
-0.00861988
-0.0202391
-0.018008
0.0200065
-0.310508
0.555282
1.27038
2.39816e-07
-0.00027507
-0.00362389
-0.014305
-0.0288673
-0.00574117
0.061395
-0.222932
0.805576
1.17428
-4.44464e-06
-0.000484269
-0.00383859
-0.0129493
-0.0274018
-0.00826471
0.0684174
-0.232213
0.970912
1.13679
-7.50344e-06
-0.000510029
-0.00290621
-0.00950716
-0.0229939
-0.0128067
0.0750381
-0.197805
1.1622
1.12786
-7.62607e-06
-0.000390687
-0.00159592
-0.00566812
-0.0172888
-0.0164869
0.076536
-0.154094
1.41621
1.10416
-5.63951e-06
-0.000235759
-0.000621529
-0.00294728
-0.0134625
-0.0283986
0.0429194
-0.107632
1.71104
1.03329
-2.92393e-06
-0.000116994
-0.000286421
-0.00191697
-0.0115026
-0.0392743
0.0102564
-0.0263676
1.90501
0.959878
-4.19066e-07
-4.41057e-05
0.000129782
0.000767809
-0.00165982
-0.0253226
-0.0538205
-0.0631451
1.76244
1.03252
-1.33679e-07
2.83409e-06
-0.000170439
-0.000609697
-0.00257914
-0.0109233
-0.0359671
-0.0845751
0.760483
1.51565
1.49894e-08
-3.58753e-06
-0.000242822
-0.000564726
-0.00046672
0.00130868
-0.0080856
-0.0898144
0.425847
1.26211
-1.96761e-06
6.05454e-06
0.00181678
0.0107438
0.02276
0.0125778
-0.0448169
-0.190267
0.886196
1.31722
3.17936e-06
0.000450431
0.00456412
0.0155914
0.0279255
-0.005993
-0.0998247
-0.267453
1.1355
1.24496
1.1378e-05
0.00069071
0.00444194
0.0135003
0.0262921
0.002288
-0.0961476
-0.310424
1.36466
1.14852
1.52055e-05
0.000674089
0.00316891
0.00956844
0.0223151
0.0126294
-0.0893888
-0.299756
1.65415
0.994422
1.39914e-05
0.000487702
0.00162579
0.00552548
0.0173836
0.0217708
-0.0721585
-0.212311
1.92465
0.821514
1.01335e-05
0.000281946
0.000556139
0.00255759
0.0132704
0.0345751
-0.0277884
-0.06362
2.11022
0.686981
5.60013e-06
0.000143737
0.000223201
0.00109003
0.00996908
0.0439513
0.00598583
0.124655
2.12072
0.652721
1.63782e-06
5.33001e-05
-0.000248701
-0.00139281
-0.000636736
0.0212907
0.0723734
0.163979
1.86877
0.831648
1.02389e-07
-6.18656e-07
0.000136795
0.000425949
0.00167783
0.00800812
0.0252678
0.0711257
1.00018
1.36403
-9.00988e-08
6.95143e-06
0.000172765
8.06099e-05
-0.00131011
-0.00467493
-0.00050273
-0.0087135
0.528672
1.45096
1.01267e-06
-0.000113229
-0.00266052
-0.0119701
-0.0252127
-0.00553726
0.06887
0.0515437
1.18753
1.18766
-1.26143e-05
-0.000657042
-0.00476069
-0.0153988
-0.0313186
0.00169292
0.108392
0.263935
1.25088
1.09156
-2.26206e-05
-0.000817483
-0.00400306
-0.012699
-0.0304917
-0.0150605
0.0848579
0.237832
1.31598
1.06641
-2.39443e-05
-0.000687685
-0.00244317
-0.00852501
-0.0263029
-0.0295483
0.061009
0.206575
1.48029
0.998221
-1.87268e-05
-0.000423342
-0.000955824
-0.00450326
-0.0203315
-0.0385284
0.0375697
0.225875
1.72201
0.847589
-1.17001e-05
-0.000191854
-3.91069e-05
-0.00139278
-0.0137436
-0.0459963
0.00247008
0.318728
1.92608
0.661992
-5.95696e-06
-8.319e-05
0.000184252
0.000351829
-0.00723298
-0.0478726
-0.0275986
0.40563
2.06195
0.507213
-2.43217e-06
-1.15776e-05
0.000526408
0.00214635
0.00256743
-0.0202041
-0.0981628
0.295168
2.05904
0.518887
-6.78423e-08
-2.08451e-06
-9.58229e-05
-0.000196946
-0.00113342
-0.0081226
-0.0320753
-0.0100054
1.28232
1.22363
1.07132e-07
-7.28357e-06
-0.000105126
0.000441257
0.00303975
0.00483309
-0.0182254
0.12354
0.501671
1.57227
1.13581e-06
0.000223768
0.0032566
0.0129777
0.0262925
0.000946894
-0.0698423
-0.0135127
1.27249
1.2206
2.17371e-05
0.000818887
0.00501393
0.0156354
0.032275
0.00241046
-0.094839
-0.033948
1.47361
1.12022
3.18336e-05
0.000908638
0.00395971
0.012352
0.0315416
0.025324
-0.0524398
0.044939
1.61368
1.02548
3.04612e-05
0.00070874
0.0022772
0.00777761
0.0264931
0.0397427
-0.0333694
0.0985612
1.83559
0.857397
2.22042e-05
0.000410244
0.000770939
0.00346916
0.0191554
0.0455919
-0.0220759
0.217263
2.05349
0.630842
1.31604e-05
0.000170994
-0.000178877
8.53278e-05
0.0104072
0.0465075
0.0115809
0.436984
2.11422
0.455641
6.77516e-06
6.80179e-05
-0.000443695
-0.00184704
0.00217851
0.0425113
0.0703236
0.690575
1.95513
0.41774
2.69903e-06
-7.97308e-06
-0.000562774
-0.00246016
-0.00497616
0.0116598
0.134522
0.755051
1.75388
0.522624
6.73829e-08
3.60596e-06
4.46652e-05
-2.95789e-05
6.04299e-05
0.00562915
0.0472846
0.264095
1.47087
0.952557
-2.21661e-07
1.02603e-05
-3.97533e-05
-0.00103396
-0.00522687
-0.00996638
0.00383127
-0.0108206
1.03635
1.28104
-6.19412e-06
-0.00038534
-0.00379737
-0.0133902
-0.0264469
0.00578212
0.128252
0.520143
1.53193
0.890762
-3.45611e-05
-0.000977437
-0.00484182
-0.0146276
-0.0365145
-0.022294
0.105805
0.662722
1.55744
0.803173
-4.17918e-05
-0.000929914
-0.00317453
-0.0105812
-0.0355778
-0.0483703
0.0657709
0.695961
1.56713
0.766524
-3.50453e-05
-0.000621878
-0.0012544
-0.0056119
-0.0285024
-0.0586499
0.0601736
0.799771
1.58486
0.723134
-2.23671e-05
-0.000278484
0.000210347
-0.00117744
-0.0184018
-0.0578438
0.0500435
0.832164
1.67804
0.63683
-1.0958e-05
-3.91959e-05
0.00096729
0.00199108
-0.00708244
-0.0496526
0.0070234
0.853075
1.79009
0.498908
-4.7757e-06
2.73498e-05
0.000986477
0.00344091
0.00233907
-0.0366268
-0.0587165
0.834803
1.86416
0.386971
-1.42435e-06
6.04681e-05
0.000752788
0.00249091
0.00510462
-0.00945177
-0.107801
0.606749
1.91906
0.389223
-6.35934e-08
-2.66382e-06
-2.21241e-06
0.0003357
0.00111016
-0.00137809
-0.0289563
0.0995013
1.46606
0.991389
8.02905e-08
9.15121e-06
0.000119332
0.000751059
0.00423303
0.00119699
-0.0329031
0.243459
0.690489
1.54455
1.27512e-05
0.000537127
0.00404997
0.013813
0.0286052
0.0116135
-0.023514
0.232525
1.31389
1.10721
4.45876e-05
0.00102876
0.00430427
0.0129385
0.0384142
0.0512157
-0.0135304
0.344403
1.41957
1.02428
4.65324e-05
0.000846687
0.00222009
0.00804841
0.0348668
0.0718266
0.0223374
0.345043
1.50933
0.959763
3.4784e-05
0.000480891
0.000316275
0.00275699
0.0243191
0.0695869
0.0231859
0.399407
1.6436
0.830036
1.96045e-05
0.000148065
-0.000925264
-0.00151359
0.011527
0.0562565
0.0506452
0.614149
1.77286
0.622231
7.88351e-06
-5.05446e-05
-0.00135641
-0.00384006
-0.000117594
0.0383211
0.114314
0.904628
1.76949
0.474488
2.87796e-06
-8.39207e-05
-0.00116556
-0.00430782
-0.00733091
0.0235704
0.195609
1.20928
1.61228
0.432811
-2.33285e-07
-8.78544e-05
-0.000623898
-0.00197477
-0.00556659
0.00312178
0.203837
1.29237
1.5449
0.438089
4.43424e-08
3.28674e-07
-4.51999e-05
-0.000571831
-0.00202514
-0.00151633
0.045739
0.462273
1.72716
0.619913
-5.06678e-07
1.55558e-05
8.41996e-05
-0.00117745
-0.00684158
-0.0136698
-0.0247723
0.104738
1.34224
1.13013
-2.18854e-05
-0.000670086
-0.00430904
-0.0129289
-0.0272869
-0.0172393
0.0655058
0.934281
1.72847
0.717182
-5.30402e-05
-0.00100269
-0.00315808
-0.0090476
-0.0365901
-0.0681841
0.0539018
0.97129
1.70022
0.681425
-4.77822e-05
-0.00066893
-0.000597616
-0.00360194
-0.0299777
-0.0756773
0.0474165
1.09028
1.74398
0.546159
-3.06236e-05
-0.00025011
0.0011992
0.00139695
-0.0170905
-0.0605455
0.0646551
1.21079
1.68771
0.474323
-1.33705e-05
6.30921e-05
0.0020501
0.00463748
-0.00428635
-0.0406828
0.0626734
1.21823
1.57856
0.515063
-1.98781e-06
0.000205424
0.00194736
0.0053695
0.004603
-0.0236085
0.0357432
1.17251
1.53538
0.520944
1.27237e-06
0.000183008
0.00136543
0.00458441
0.00879184
-0.0121611
-0.00882159
1.04003
1.51119
0.510273
2.78444e-06
0.000120242
0.000513524
0.00134076
0.00351261
-0.00085904
-0.030638
0.777945
1.53571
0.549637
6.6302e-08
2.91438e-06
9.0819e-05
0.000567764
0.00192979
0.00310705
0.00232056
0.234146
1.41973
0.814842
4.18978e-07
3.13069e-05
0.000508561
0.00231964
0.00747376
0.00434584
-0.0404173
0.285717
0.885717
1.28534
2.71329e-05
0.000751602
0.00423688
0.0103102
0.0239156
0.0344392
-0.0290372
0.595055
1.12692
0.9618
5.15044e-05
0.00080284
0.0013318
0.00429649
0.0310272
0.0815768
0.0448227
0.791462
1.20801
0.933258
3.87488e-05
0.000349717
-0.00115326
-0.00103087
0.0214571
0.0743386
0.0535298
0.683741
1.16768
1.01179
1.89377e-05
-4.97696e-05
-0.00242103
-0.00508204
0.00770265
0.04996
0.0673486
0.753157
1.27125
0.992646
3.13004e-06
-0.000274026
-0.00260544
-0.00674486
-0.00309926
0.0315453
0.120466
0.996323
1.4249
0.852123
-4.80714e-06
-0.000308036
-0.00193398
-0.00585217
-0.00854998
0.0205578
0.21017
1.31389
1.45623
0.66749
-5.01526e-06
-0.000222066
-0.00114942
-0.00417854
-0.00997031
0.0121688
0.298642
1.63414
1.41756
0.479876
-4.40459e-06
-0.000111787
-0.000222798
-0.000651902
-0.00293496
0.00325247
0.270943
1.66132
1.51933
0.367105
-1.49849e-07
-6.97045e-06
-8.09005e-05
-0.000390067
-0.00124043
6.69428e-05
0.0490337
0.592664
1.92359
0.359677
-5.68366e-07
2.29945e-05
0.000371871
0.00056647
-0.00216497
-0.00977159
-0.0188374
0.258479
1.52647
1.13443
-2.93624e-05
-0.000761717
-0.00288706
-0.00461116
-0.0126391
-0.0366181
0.0286544
1.21907
1.74987
1.02108
-4.31663e-05
-0.000447413
0.000751122
0.00135094
-0.0203513
-0.0649578
0.041799
1.20572
1.66817
0.997754
-2.40918e-05
5.30722e-05
0.00276345
0.00581704
-0.00980062
-0.0462727
0.0602721
1.37713
1.86789
0.666598
-4.25512e-06
0.000373149
0.00341408
0.0083008
0.00158913
-0.0237957
0.0769247
1.44709
1.75597
0.319749
8.09119e-06
0.000476154
0.00300578
0.00816024
0.00832334
-0.0109965
0.0853243
1.4365
1.48173
0.0580006
1.16348e-05
0.000398901
0.0019583
0.00589696
0.0101017
-0.00155753
0.0868731
1.35212
1.21177
0.0568997
8.74831e-06
0.000253662
0.00102786
0.00356525
0.00920454
0.00730993
0.0907518
1.16858
0.919794
0.335419
5.42477e-06
9.08957e-05
6.90392e-05
9.45786e-06
0.000792691
0.00619794
0.0917718
0.931603
0.89956
0.74923
2.69314e-07
8.19756e-06
5.48572e-05
0.000312866
0.000811426
0.00311929
0.0281945
0.392841
1.18988
0.965045
1.18127
0.797881
1.3524
0.746193
1.36097
0.635175
1.39079
0.578143
1.41209
0.545715
1.14012
0.89761
1.1688
0.782737
1.24993
0.717017
1.32049
0.646561
1.38072
0.591627
1.12733
0.907386
1.13022
0.806376
1.22433
0.745439
1.29706
0.668722
1.36365
0.602342
1.11104
0.931858
1.10442
0.832977
1.19487
0.770579
1.27302
0.687728
1.34563
0.616092
1.08159
0.972689
1.06054
0.879338
1.1459
0.814106
1.23017
0.72246
1.31179
0.641302
1.04681
1.02094
1.00445
0.940164
1.08207
0.873246
1.17094
0.771839
1.26309
0.677848
1.01314
1.06907
0.944205
1.0073
1.01139
0.94087
1.10218
0.830472
1.20465
0.722217
0.983304
1.1115
0.893289
1.0662
0.950696
0.99879
1.04227
0.881193
1.15345
0.760957
0.95091
1.15121
0.894313
1.08587
0.947723
0.995095
1.04754
0.867807
1.16338
0.747931
0.920761
1.08919
1.08107
1.00478
1.1572
0.819076
1.25589
0.677742
1.33921
0.575378
0.994684
1.02456
1.04749
0.935498
1.09791
0.854529
1.16119
0.781456
1.22753
0.719341
0.923868
1.06064
0.948898
1.01979
0.994472
0.967394
1.047
0.904824
1.11064
0.834109
0.943613
1.04006
0.959202
1.01508
0.996172
0.972211
1.03989
0.916703
1.09709
0.849835
0.951413
1.03716
0.955764
1.02135
0.985125
0.985371
1.02418
0.933423
1.0797
0.867551
0.949992
1.04691
0.939371
1.04294
0.958487
1.0148
0.992247
0.965476
1.04708
0.897705
0.953231
1.05586
0.922319
1.06902
0.924917
1.05319
0.948416
1.00958
1.00009
0.940507
0.971842
1.05002
0.91762
1.08454
0.89784
1.087
0.904534
1.05613
0.947164
0.991849
0.9921
1.0378
0.91948
1.09041
0.879684
1.11078
0.87002
1.09475
0.901817
1.03919
0.974657
1.06269
0.899694
1.10946
0.858669
1.12676
0.852441
1.10723
0.8895
1.04918
0.862074
1.2016
0.842281
1.16881
0.8485
1.10907
0.896707
1.02878
0.976871
0.938507
0.928114
1.05059
0.958431
1.01146
0.991191
0.975816
1.02826
0.939571
1.06789
0.904109
0.877704
1.10956
0.873314
1.10448
0.88491
1.08634
0.907753
1.05851
0.941641
1.02257
0.891026
1.10285
0.867239
1.1153
0.864749
1.10809
0.879736
1.08629
0.910345
1.05268
0.917318
1.084
0.876191
1.11349
0.857286
1.12093
0.859645
1.10883
0.883707
1.07883
0.964263
1.04502
0.904964
1.09361
0.865357
1.12213
0.847554
1.12995
0.855645
1.11486
1.01907
0.995383
0.946522
1.05946
0.889745
1.108
0.852776
1.1381
0.841749
1.14366
1.06236
0.955257
0.981551
1.03049
0.912765
1.09383
0.861748
1.14063
0.835512
1.16258
1.07511
0.943103
0.993271
1.02142
0.919878
1.09065
0.862379
1.14471
0.828871
1.17396
1.02285
0.997906
0.948559
1.06448
0.885617
1.11979
0.840577
1.15747
0.821055
1.16923
0.878068
1.14171
0.850058
1.14921
0.839837
1.14147
0.851888
1.11524
0.885932
1.07208
0.836907
1.14486
0.834558
1.13756
0.840803
1.1246
0.859258
1.10065
0.892415
1.06599
0.903463
1.08886
0.866799
1.12194
0.842514
1.14359
0.831991
1.15198
0.836458
1.14697
0.933862
1.05539
0.89796
1.09235
0.868978
1.12253
0.849214
1.14315
0.842086
1.15143
0.94123
1.05073
0.90257
1.08948
0.873271
1.12
0.853785
1.14177
0.844943
1.15312
0.963147
1.03782
0.913989
1.08634
0.875866
1.12367
0.850739
1.14828
0.8392
1.15952
1.01377
0.996094
0.952709
1.05678
0.899825
1.10779
0.860278
1.14485
0.837997
1.16492
1.07606
0.934901
1.01006
1.00184
0.947707
1.06461
0.895509
1.11794
0.859075
1.15581
1.12471
0.881237
1.05721
0.952014
0.991086
1.02232
0.932848
1.08685
0.887135
1.13904
1.11598
0.887567
1.04554
0.961287
0.979047
1.03281
0.921315
1.09763
0.875968
1.14925
0.892837
1.10921
0.843946
1.15006
0.806439
1.1859
0.780763
1.21154
0.770615
1.22039
0.804734
1.18238
0.815451
1.16365
0.833524
1.14374
0.851159
1.1236
0.872063
1.10206
0.897752
1.10627
0.860858
1.13454
0.84137
1.15044
0.834071
1.15829
0.834628
1.15996
0.92001
1.08595
0.865736
1.13406
0.831277
1.16499
0.815379
1.17871
0.813958
1.17888
0.950942
1.05874
0.88843
1.11606
0.841939
1.15884
0.813445
1.18348
0.803592
1.18977
1.00539
1.00676
0.9341
1.07309
0.876241
1.12853
0.834956
1.16872
0.812457
1.19052
1.07939
0.930604
1.0034
1.00485
0.936253
1.07341
0.883083
1.13015
0.846886
1.17042
1.13984
0.862782
1.07061
0.935826
1.00245
1.01072
0.942236
1.07937
0.895086
1.13522
1.15804
0.834335
1.10608
0.894475
1.04867
0.963161
0.992253
1.03288
0.942307
1.09604
1.12935
0.863218
1.08647
0.912806
1.03856
0.969795
0.991194
1.02876
0.94895
1.08307
0.994593
1.02156
0.948225
1.06056
0.911612
1.09192
0.884199
1.11337
0.871329
1.1225
0.888364
1.1202
0.855098
1.14333
0.836545
1.15231
0.830433
1.14683
0.842533
1.12702
1.00747
1.00145
0.955169
1.05359
0.906163
1.10252
0.865754
1.14253
0.840301
1.16703
1.03168
0.964355
0.984831
1.01463
0.938402
1.06899
0.894147
1.12269
0.857099
1.16673
1.04373
0.94944
1.00044
0.996583
0.959472
1.04718
0.920668
1.09851
0.885011
1.14435
1.06106
0.933089
1.02071
0.978012
0.98296
1.02529
0.948123
1.07168
0.915892
1.11337
1.09108
0.904423
1.05029
0.94968
1.01155
0.996769
0.976502
1.04172
0.945685
1.08162
1.13718
0.855992
1.09702
0.901746
1.05613
0.951503
1.01783
1.00052
0.984174
1.04546
1.17267
0.815312
1.13463
0.861276
1.09298
0.913742
1.05202
0.967507
1.01488
1.01835
1.16279
0.819959
1.11925
0.871993
1.07414
0.92794
1.03146
0.984538
0.993509
1.03833
0.963573
1.03266
0.913596
1.08092
0.875043
1.12378
0.841832
1.16114
0.818235
1.18999
0.827762
1.19338
0.820993
1.18489
0.830046
1.16435
0.845896
1.1394
0.865901
1.11287
0.949409
1.07026
0.911933
1.10059
0.88556
1.12209
0.86835
1.13605
0.859981
1.14131
0.963102
1.04628
0.914348
1.09209
0.875722
1.12922
0.848909
1.15495
0.835172
1.16686
0.982442
1.02382
0.931246
1.07315
0.886344
1.11814
0.850624
1.15303
0.83061
1.17089
1.02091
0.976215
0.970401
1.02512
0.925207
1.07412
0.886209
1.11909
0.859244
1.15148
1.08799
0.901262
1.04055
0.950541
0.996314
1.00305
0.956494
1.05526
0.92383
1.10029
1.14493
0.844209
1.10638
0.889608
1.06511
0.941601
1.02475
0.994663
0.988535
1.04273
1.17203
0.818214
1.14928
0.851138
1.11679
0.895174
1.0796
0.944065
1.04287
0.991222
1.17775
0.815255
1.1623
0.839004
1.13619
0.873436
1.10518
0.913752
1.07437
0.954212
1.10591
0.903318
1.06347
0.941231
1.02938
0.971323
1.00461
0.992525
0.993643
1.00521
0.961643
1.07666
0.92824
1.09188
0.909046
1.09176
0.905842
1.08135
0.917429
1.06124
1.0786
0.949608
1.02374
1.00159
0.972597
1.04837
0.930604
1.08454
0.904116
1.10428
1.08331
0.930328
1.03227
0.983484
0.979829
1.03918
0.929324
1.09314
0.888277
1.13532
1.12181
0.876989
1.07669
0.927912
1.02992
0.983422
0.984022
1.04079
0.941741
1.09255
1.1539
0.8422
1.12234
0.882949
1.08532
0.930844
1.04648
0.98195
1.00703
1.031
1.15392
0.849471
1.1322
0.878397
1.10388
0.914866
1.07239
0.954914
1.03938
0.994223
1.15139
0.84562
1.13454
0.868693
1.11233
0.898874
1.08763
0.933233
1.0616
0.969039
1.14482
0.83683
1.13318
0.858142
1.11592
0.886207
1.09602
0.917382
1.07588
0.94984
1.12795
0.85668
1.11196
0.881747
1.09124
0.910917
1.06942
0.94082
1.05004
0.96926
1.03125
0.959206
1.00246
0.991338
0.980632
1.0166
0.965135
1.03583
0.956438
1.05105
0.92551
1.11941
0.915333
1.11981
0.913079
1.10486
0.916359
1.07793
0.931365
1.04946
1.01139
0.999069
0.98766
1.01956
0.96146
1.04449
0.940606
1.06717
0.926999
1.07985
1.01298
0.991355
0.983445
1.01781
0.953569
1.04805
0.9308
1.07484
0.915148
1.09015
0.991427
1.02125
0.961016
1.04545
0.928497
1.0721
0.902904
1.0962
0.88838
1.10733
0.987518
1.01681
0.954486
1.04172
0.923989
1.06854
0.89872
1.09938
0.879742
1.1237
1.00753
0.956424
0.985016
0.979009
0.974615
1.00245
0.970034
1.03332
0.957423
1.07021
1.05437
0.88066
1.05074
0.898616
1.06107
0.913406
1.07816
0.928082
1.08296
0.95044
1.13583
0.816384
1.14191
0.829192
1.15076
0.838286
1.1643
0.842662
1.17264
0.85
1.21165
0.790939
1.20823
0.802166
1.1972
0.814393
1.18674
0.82473
1.17967
0.832892
1.21721
0.81221
1.18838
0.832035
1.16811
0.847081
1.15429
0.850261
1.15065
0.84802
0.99042
1.08754
0.982962
1.04626
1.00039
1.01738
1.02837
0.961368
1.0512
0.91821
0.978698
1.07357
0.906415
1.11753
0.881588
1.1104
0.891298
1.082
0.926663
1.04704
0.975886
1.0606
0.882351
1.14783
0.800361
1.19762
0.761257
1.20598
0.782502
1.17404
1.08213
0.936867
1.0002
1.02008
0.905266
1.09857
0.826683
1.15956
0.805701
1.18004
1.20344
0.776658
1.17473
0.823759
1.10477
0.907055
1.0095
1.01404
0.942858
1.09962
1.30182
0.646872
1.33666
0.63891
1.33924
0.681237
1.27648
0.789887
1.18773
0.91643
1.32342
0.621389
1.40473
0.571612
1.47321
0.556864
1.46696
0.6182
1.39746
0.726621
1.24361
0.723472
1.32387
0.665779
1.41401
0.611472
1.45002
0.613797
1.42396
0.666112
1.10144
0.901804
1.12308
0.879924
1.16721
0.847084
1.19147
0.825844
1.19678
0.825891
1.03542
0.992722
1.03906
0.968443
1.01589
0.98915
1.02252
0.982791
1.02077
0.980103
3.15015e-06
0.000125175
0.00216997
0.0145554
0.050861
0.0821758
0.0833576
0.463835
-0.0618023
-0.883544
0.000168824
0.0034672
0.0102964
0.0109469
0.0392028
0.145194
0.257166
0.303482
-0.787502
-2.77861
0.000151254
0.00082644
-0.00932334
-0.0190549
0.091151
0.300281
0.540195
1.12232
-0.36028
-1.04072
3.69337e-05
-0.00153957
-0.0176271
-0.0387972
0.0297667
0.183223
0.299339
0.347713
-1.49183
-1.72227
-4.54901e-05
-0.00256875
-0.0180349
-0.0448809
-0.0219753
0.0893441
0.273755
0.586727
-0.870485
-1.26903
-7.65458e-05
-0.00246868
-0.0136401
-0.0378254
-0.0442333
0.0542388
0.399156
1.24136
-0.118364
-0.4863
-6.70931e-05
-0.00169517
-0.00749259
-0.0232718
-0.0431822
0.0316165
0.617877
2.08001
0.5404
0.0569357
-3.98725e-05
-0.000898091
-0.00315422
-0.0114225
-0.0323275
0.00907214
0.764997
2.86275
1.61201
0.956969
-1.75489e-05
-0.000209919
0.000209307
0.00130215
-0.000403928
0.0132618
0.63822
2.93434
2.71796
1.6222
-1.05198e-06
-2.38118e-05
-0.000173578
-0.000749972
-0.00144968
-0.000917827
0.0862304
0.96892
3.35075
0.274348
3.85943e-06
0.000168555
0.00341454
0.0346236
0.160449
0.290625
0.211186
1.49887
0.409174
0.359514
0.000374032
0.0131122
0.103952
0.357521
0.491496
0.198742
0.535353
0.414742
-0.722731
0.622803
0.00082822
0.0210058
0.119836
0.337309
0.523003
0.835564
0.669852
-0.0404365
0.478127
0.871316
0.000780105
0.0173759
0.0857591
0.254205
0.500173
0.806296
0.687592
0.756981
1.51153
1.30758
0.000543756
0.0109878
0.0470496
0.150886
0.344566
0.511207
0.387374
0.487034
0.529707
1.96944
0.000296455
0.00520493
0.0166023
0.061199
0.174749
0.262379
0.326417
0.361704
-0.0662577
1.60523
0.00011641
0.00139214
-0.000461987
0.0048634
0.0514646
0.138646
0.330633
0.0381871
-0.760362
2.1403
3.1765e-05
-6.48861e-05
-0.00504486
-0.0159167
-0.0130056
0.0888902
0.50212
0.161635
-1.53578
1.85256
-1.46925e-05
-0.000626401
-0.00399246
-0.0135637
-0.0291807
0.00085344
0.511214
0.482186
-2.7185
1.37616
-3.30381e-07
-2.07721e-05
-0.000149848
-0.00155947
-0.00767535
-0.00447858
0.0194853
0.782627
-2.81812
0.649719
1.4868e-06
8.95297e-05
0.00221939
0.0307547
0.197965
0.320607
0.590089
-0.64879
2.42803
0.752005
0.000224125
0.010361
0.118995
0.607684
1.27011
0.359098
-0.0991111
0.341759
2.13211
0.659214
0.000661155
0.0229669
0.187829
0.613447
0.437755
-0.464849
-0.189527
-0.382655
1.13818
0.52887
0.000787735
0.0243587
0.173393
0.523467
0.536943
0.411938
0.218941
-0.391707
0.618249
-0.0537783
0.000696017
0.0201982
0.131901
0.39227
0.471783
0.466806
0.303706
-0.0132473
0.233602
-0.518297
0.000500485
0.0138115
0.0840109
0.261332
0.387053
0.460401
0.524692
0.502884
-0.0379371
-1.34324
0.000288639
0.00745903
0.0409923
0.136324
0.245916
0.328599
0.612475
0.829234
1.14798
-1.38784
0.000133799
0.00328306
0.0158994
0.0589402
0.123487
0.199699
0.622397
0.931756
2.40413
-1.20321
3.50451e-05
0.000371273
-0.00112656
-0.00537334
-0.0163779
0.0414453
0.38517
0.365265
2.15616
-0.583123
1.39701e-06
3.15086e-05
0.000301175
0.00198989
0.00166937
-0.0163714
0.0115386
-0.503427
0.873839
-1.12903
2.83305e-07
2.26547e-05
0.00064191
0.0113701
0.0965933
0.262061
0.716402
-0.0352772
0.206221
-0.259885
6.60487e-05
0.00373769
0.0560541
0.406771
1.45061
1.71689
0.694097
0.905975
1.22658
-0.0632974
0.000245317
0.0109018
0.122095
0.604753
1.11702
-0.0627987
-0.672986
-0.0783946
1.29977
0.186529
0.000361453
0.0145552
0.142687
0.608778
0.948707
0.149187
-0.215042
-0.365992
1.11583
0.0866225
0.000395417
0.0150681
0.135622
0.530871
0.754959
0.234919
0.135952
0.0536595
0.925589
0.40457
0.000353308
0.0128959
0.108642
0.416541
0.648993
0.478379
0.523375
0.380882
0.764405
0.404801
0.000256412
0.00897482
0.0711146
0.280554
0.515467
0.444233
0.493736
0.192542
0.833214
0.576338
0.000145208
0.00495127
0.0374867
0.160749
0.35283
0.232358
0.42259
0.43407
0.697164
0.909066
7.30253e-05
0.00186837
0.00996508
0.0406876
0.0940369
0.0265229
0.232266
0.642428
-0.531156
0.663312
1.0831e-06
3.88555e-05
0.000251233
0.00313776
0.022408
0.00274853
-0.127924
0.566418
-0.39452
0.154178
3.45275e-08
3.99973e-06
0.000115703
0.00238636
0.0216967
0.103498
0.348766
-0.00172387
-0.13564
0.0388233
1.2312e-05
0.000808239
0.0144964
0.135639
0.687864
1.65566
1.50738
1.18977
0.452739
0.0910858
5.61831e-05
0.00302089
0.0425045
0.291749
0.982221
1.211
0.712019
0.959887
0.853683
0.116887
0.00010058
0.00502362
0.0636606
0.381674
1.08504
1.08548
0.634725
0.746829
0.930122
0.282749
0.000134535
0.00648415
0.0765174
0.41676
1.03435
0.856985
0.573465
0.771569
1.04799
-0.00240564
0.000149296
0.00691169
0.0762881
0.38923
0.914521
0.78745
0.614507
0.741718
0.910234
0.374738
0.000134978
0.00605019
0.0627356
0.311708
0.767454
0.730066
0.528573
0.276692
0.784337
-0.205058
9.38561e-05
0.00404561
0.0393423
0.198457
0.576249
0.546153
0.43096
0.253634
0.32225
-0.00489071
6.76019e-05
0.00244383
0.0193022
0.0920595
0.303854
0.192148
0.151045
0.742025
0.486907
-0.476
-1.84245e-07
-1.00633e-05
-0.000313442
-0.00332977
0.00868962
0.126384
-0.232685
1.10456
0.652278
0.275656
2.96017e-09
5.02447e-07
1.47728e-05
0.000295809
0.00345229
0.0182061
0.0634844
-0.0338955
-0.00772044
-0.00331333
1.69972e-06
0.000125333
0.00251536
0.0279388
0.174118
0.673817
0.891922
0.528423
0.149698
0.00932648
9.39154e-06
0.000587011
0.00965515
0.0831899
0.389908
0.917681
0.964704
0.690706
0.327409
0.03393
1.99498e-05
0.00119315
0.018247
0.141404
0.589905
1.1641
1.0966
0.78495
0.464836
0.0278909
3.22088e-05
0.00189789
0.0276632
0.197788
0.742911
1.21195
1.08008
0.861218
0.549033
0.111356
4.37755e-05
0.00252295
0.034849
0.230511
0.79763
1.1467
0.950191
0.838436
0.579739
-0.047713
4.91943e-05
0.00277622
0.0360664
0.223496
0.756778
1.05062
0.739965
0.423893
0.462197
0.196115
4.23447e-05
0.00231998
0.027969
0.165668
0.624866
0.942067
0.561426
-0.0776748
0.315424
-0.116462
3.90858e-05
0.00190735
0.0197709
0.110564
0.455358
0.61685
0.197473
-0.26955
0.204364
0.269725
-5.19868e-07
-4.21434e-05
-0.000536894
-0.00610347
-0.0602681
0.135183
-0.467069
-0.442271
-0.56171
-0.207036
1.73543e-10
4.87132e-08
1.35728e-06
2.83959e-05
0.000416967
0.00181349
0.00398638
-0.00554685
-0.00124236
5.50897e-05
1.92175e-07
1.56567e-05
0.000334525
0.00420251
0.029014
0.152485
0.272631
0.123675
0.0284951
0.00200031
1.27119e-06
9.00297e-05
0.00164173
0.0166081
0.0939475
0.326041
0.457558
0.22736
0.079651
0.00688423
3.12814e-06
0.000219416
0.00383213
0.0358657
0.188747
0.577505
0.693893
0.341794
0.138717
0.0121943
6.01362e-06
0.000423206
0.0072259
0.0639572
0.316694
0.817283
0.870711
0.4599
0.194948
0.0175721
9.71943e-06
0.000697967
0.0115557
0.095194
0.440728
0.973496
0.911418
0.540369
0.229317
0.022967
1.36389e-05
0.000956963
0.0151036
0.115561
0.514186
1.03315
0.782264
0.424964
0.229024
0.0100237
1.38751e-05
0.00101138
0.0150739
0.10681
0.502643
1.04069
0.570163
0.190602
0.180712
0.0415047
1.51625e-05
0.000994627
0.0131727
0.0882638
0.425727
0.807253
0.0623549
0.035435
0.0274287
-0.0314294
-2.10975e-07
-3.21807e-05
-0.000473735
-0.00300098
-0.0818775
0.00803967
-0.891816
-0.0360871
0.165625
0.00915028
4.38655e-12
3.97959e-09
1.06806e-07
2.10128e-06
3.89358e-05
0.000112715
4.77892e-05
-0.000552596
-0.000131693
-4.1254e-06
1.89801e-08
1.69312e-06
3.71632e-05
0.000514727
0.00368428
0.0232515
0.0540725
0.0194939
0.00432843
0.000296003
1.48294e-07
1.17359e-05
0.000228371
0.00261063
0.0163229
0.0740051
0.130352
0.0505766
0.0156704
0.00125398
4.13628e-07
3.36675e-05
0.000646106
0.00698974
0.0419507
0.177779
0.258971
0.0993304
0.0329341
0.00258427
9.26398e-07
7.75469e-05
0.00148954
0.0155859
0.0920594
0.342975
0.424645
0.16876
0.0547064
0.0044055
1.72834e-06
0.000156054
0.00298999
0.0295278
0.168829
0.54309
0.570638
0.250003
0.0785499
0.00553655
2.95248e-06
0.000263303
0.00490623
0.0454129
0.253319
0.725909
0.613803
0.260448
0.09972
0.00780172
3.33809e-06
0.000347362
0.0063108
0.0533828
0.306762
0.842399
0.518564
0.189366
0.0965103
0.00886102
4.14039e-06
0.000389447
0.00638015
0.0501046
0.285402
0.668735
0.134623
0.0621216
0.0383166
0.00397476
-5.84064e-09
-1.38922e-05
-0.000269779
-0.000708608
-0.0393234
-0.046814
-0.291537
0.00221734
-0.0079416
0.000186507
-6.80968e-13
3.08746e-10
7.19723e-09
1.17452e-07
2.87359e-06
2.90544e-06
-1.37025e-05
-4.87887e-05
-1.50098e-05
-6.1053e-07
1.70486e-09
1.66276e-07
3.63622e-06
5.48136e-05
0.000389269
0.0027576
0.00798777
0.00246448
0.000634456
4.51514e-05
1.5543e-08
1.36545e-06
2.75237e-05
0.000347909
0.00226989
0.0125124
0.0268804
0.00893523
0.00286722
0.000226462
4.8355e-08
4.54628e-06
9.29399e-05
0.00113307
0.0072146
0.0395516
0.0686091
0.0225167
0.00706924
0.000527649
1.23545e-07
1.23384e-05
0.000258169
0.00309662
0.0200621
0.101984
0.147213
0.048144
0.0136443
0.0010139
2.57267e-07
2.9752e-05
0.000641352
0.00734613
0.0477259
0.216216
0.259282
0.0911864
0.0243136
0.00149157
5.11688e-07
6.07071e-05
0.00130659
0.0141622
0.0923886
0.373282
0.363279
0.125336
0.0395296
0.00281909
5.68681e-07
9.56014e-05
0.00211279
0.0208526
0.140033
0.51472
0.39031
0.12928
0.0483359
0.00362374
7.08034e-07
0.000115317
0.00236255
0.0212685
0.143715
0.428125
0.173654
0.0625879
0.0215677
0.00191954
2.81277e-08
-4.15183e-06
-0.000111751
-0.000162634
-0.0101666
-0.00617091
-0.0457716
0.00293922
0.00185268
0.00014615
-1.36186e-13
2.13099e-11
3.98041e-10
3.9992e-09
1.68714e-07
-3.15442e-07
-2.09947e-06
-4.14858e-06
-1.73949e-06
-9.06704e-08
1.41761e-10
1.51753e-08
3.22614e-07
5.2828e-06
3.58773e-05
0.000278635
0.000962354
0.000276975
9.67457e-05
6.88472e-06
1.49101e-09
1.45443e-07
2.96788e-06
4.10798e-05
0.000268626
0.00171954
0.00442326
0.00136546
0.000518669
4.02835e-05
5.08812e-09
5.55113e-07
1.179e-05
0.000160175
0.00102679
0.00692375
0.0142421
0.00433168
0.00145701
0.000104661
1.44784e-08
1.75139e-06
3.88508e-05
0.000526352
0.00350047
0.0230277
0.0393269
0.0114179
0.00319593
0.00022434
3.20343e-08
4.9702e-06
0.000117488
0.00153411
0.0105003
0.0641711
0.0899425
0.0275053
0.00703122
0.000392974
7.02521e-08
1.20957e-05
0.000293417
0.00363945
0.0257179
0.142543
0.165563
0.0494963
0.0143726
0.000931286
5.19549e-08
2.22099e-05
0.000588657
0.00657613
0.0483813
0.238129
0.224717
0.0699775
0.022178
0.00141588
3.9895e-08
2.86887e-05
0.000738592
0.00726462
0.0557462
0.22128
0.139977
0.0456465
0.0119458
0.000819723
1.28093e-08
-8.29013e-07
-3.15933e-05
-3.06972e-05
-0.00168537
0.00713299
-0.00186937
0.00291441
0.000839373
4.1683e-05
-1.53866e-14
1.38169e-12
1.97905e-11
-5.93071e-11
7.87582e-09
-5.98029e-08
-2.31091e-07
-3.46941e-07
-2.01197e-07
-1.2332e-08
1.11475e-11
1.31667e-09
2.67019e-08
4.75649e-07
2.97775e-06
2.55669e-05
0.000101051
2.95477e-05
1.54516e-05
1.03578e-06
1.33969e-10
1.45572e-08
2.95288e-07
4.45112e-06
2.82692e-05
0.000204514
0.000620442
0.000192106
9.48369e-05
7.00457e-06
4.95549e-10
6.32347e-08
1.36647e-06
2.054e-05
0.000127383
0.00101723
0.00248426
0.000756257
0.000298777
2.02562e-05
1.53496e-09
2.29947e-07
5.29773e-06
8.02002e-05
0.00051935
0.00419493
0.00864968
0.00241406
0.000739405
4.85177e-05
3.35375e-09
7.54614e-07
1.92712e-05
0.000283796
0.00191465
0.0149574
0.0253185
0.00733935
0.0019958
0.000102192
7.06858e-09
2.12474e-06
5.82305e-05
0.000819573
0.00581282
0.0424544
0.0608464
0.0171345
0.00500261
0.000290984
-6.47023e-09
4.2271e-06
0.000140554
0.00179182
0.0134176
0.0862885
0.103193
0.0323991
0.00943552
0.000516698
-2.47621e-08
5.42562e-06
0.000192424
0.00214178
0.0173588
0.0932364
0.0825277
0.0263902
0.00588542
0.00030548
3.43367e-09
-1.11048e-07
-7.59005e-06
-7.86759e-06
-0.0001933
0.00418592
0.00309092
0.00146161
0.000264365
6.51246e-06
-1.4541e-15
6.81172e-14
4.97728e-13
-3.2758e-11
2.46283e-10
-6.5557e-09
-2.38051e-08
-2.93072e-08
-2.36535e-08
-1.57244e-09
8.28348e-13
1.08136e-10
2.0646e-09
4.04508e-08
2.26837e-07
2.22342e-06
9.62799e-06
3.07724e-06
2.47624e-06
1.50088e-07
1.12685e-11
1.36971e-09
2.72268e-08
4.48652e-07
2.72205e-06
2.20454e-05
7.71407e-05
2.55996e-05
1.71644e-05
1.16907e-06
4.45724e-11
6.72899e-09
1.45116e-07
2.42313e-06
1.42807e-05
0.00013197
0.000379493
0.000123258
6.04465e-05
3.77029e-06
1.46394e-10
2.79963e-08
6.53381e-07
1.10878e-05
6.8371e-05
0.000653101
0.00162938
0.000465173
0.000167944
1.01481e-05
2.74805e-10
1.05438e-07
2.82702e-06
4.70571e-05
0.000304021
0.00288436
0.00602044
0.00176488
0.000548043
2.56253e-05
3.40813e-10
3.43352e-07
1.03205e-05
0.000164206
0.00112231
0.0103888
0.0186106
0.00521097
0.00162433
8.5321e-05
-4.11021e-09
7.28281e-07
3.03246e-05
0.000432228
0.00316619
0.02576
0.0394009
0.0131023
0.00378585
0.000177458
-1.11493e-08
8.90865e-07
4.71713e-05
0.000575713
0.00463163
0.0331878
0.039918
0.0140283
0.00310025
0.000108245
6.15751e-10
-5.65408e-09
-1.29899e-06
1.30658e-07
-9.88593e-06
0.00141887
0.00186825
0.000707838
0.000102271
-9.69707e-07
-1.20783e-16
3.39782e-15
3.36238e-15
-3.94966e-12
3.70758e-13
-6.27751e-10
-2.26369e-09
-2.46754e-09
-2.57939e-09
-1.88183e-10
5.95978e-14
8.6239e-12
1.54493e-10
3.32956e-09
1.62296e-08
1.89873e-07
8.64977e-07
3.25257e-07
3.92547e-07
2.08447e-08
9.08121e-13
1.23929e-10
2.40459e-09
4.32681e-08
2.47114e-07
2.24971e-06
8.86783e-06
3.38068e-06
3.07333e-06
1.86387e-07
3.79199e-12
6.85498e-10
1.46771e-08
2.71818e-07
1.50341e-06
1.58812e-05
5.32218e-05
1.97895e-05
1.22312e-05
6.73064e-07
1.25357e-11
3.23354e-09
7.64912e-08
1.452e-06
8.40399e-06
9.22155e-05
0.000278291
8.82483e-05
3.91136e-05
2.05179e-06
1.16794e-11
1.36412e-08
3.87234e-07
7.3585e-06
4.46783e-05
0.000495024
0.00128937
0.000417097
0.000153449
6.17287e-06
-7.3521e-11
4.83684e-08
1.65444e-06
3.08584e-05
0.000197486
0.00222477
0.00504574
0.00154465
0.000527546
2.33309e-05
-1.15052e-09
9.18124e-08
5.58982e-06
9.69247e-05
0.00067408
0.00679596
0.0133038
0.00488406
0.00140736
5.46192e-05
-2.90957e-09
7.41246e-08
9.40452e-06
0.000144566
0.00110358
0.0104172
0.0167233
0.00618819
0.00134297
3.03469e-05
7.73362e-11
1.74082e-09
-2.4168e-07
1.30581e-07
1.07861e-06
0.000365595
0.000647485
0.000180208
1.0275e-05
-7.80435e-07
-8.83698e-18
6.91704e-17
-3.92323e-15
-4.17936e-13
-8.1558e-13
-5.70162e-11
-2.18186e-10
-2.20142e-10
-2.87176e-10
-2.10459e-11
4.0247e-15
6.48561e-13
1.07632e-11
2.61475e-10
1.09723e-09
1.61018e-08
7.38766e-08
3.40146e-08
5.87119e-08
2.72661e-09
6.8803e-14
1.06366e-11
1.98725e-10
3.94708e-09
2.13265e-08
2.21785e-07
9.49347e-07
4.29938e-07
5.22357e-07
2.80524e-08
3.03496e-13
6.63817e-11
1.3825e-09
2.85983e-08
1.50156e-07
1.80981e-06
6.85852e-06
3.01632e-06
2.36206e-06
1.14053e-07
9.88558e-13
3.56029e-10
8.29755e-09
1.75948e-07
9.76576e-07
1.20389e-05
4.29429e-05
1.54131e-05
8.58784e-06
3.96645e-07
-8.73374e-13
1.7085e-09
4.97018e-08
1.05756e-06
6.18201e-06
7.7457e-05
0.000247628
8.98359e-05
3.96358e-05
1.41173e-06
-2.4118e-11
6.87707e-09
2.59673e-07
5.34884e-06
3.29098e-05
0.000426676
0.00121784
0.000406928
0.000156855
6.08701e-06
-2.37063e-10
1.16746e-08
1.07075e-06
2.0261e-05
0.000136848
0.00161477
0.00401734
0.00168728
0.000512666
1.63556e-05
-5.82928e-10
-2.19166e-09
2.0401e-06
3.47234e-05
0.00025389
0.00297543
0.00627645
0.00276443
0.000649951
7.98851e-06
5.60316e-12
5.48127e-10
-2.84241e-08
9.8e-08
5.76032e-07
8.30569e-05
0.000194842
7.41324e-05
6.61064e-06
-3.36217e-07
-5.92799e-19
5.17315e-18
-1.5712e-16
-3.28332e-14
-8.39238e-14
-4.63304e-12
-1.77826e-11
-1.79876e-11
-2.81347e-11
-2.24634e-12
2.57115e-16
4.80861e-14
7.54937e-13
2.06182e-11
7.27115e-11
1.38468e-09
6.30085e-09
3.80792e-09
8.63973e-09
3.34365e-10
4.76848e-15
8.72752e-13
1.58909e-11
3.57085e-10
1.80409e-09
2.19443e-08
9.9599e-08
5.7527e-08
8.73971e-08
3.92575e-09
2.06951e-14
6.06533e-12
1.23249e-10
2.97394e-09
1.47088e-08
2.05217e-07
8.61181e-07
4.80223e-07
4.52895e-07
1.78854e-08
4.64775e-14
3.61534e-11
8.30873e-10
2.10663e-08
1.11157e-07
1.55342e-06
6.43638e-06
2.94328e-06
1.98901e-06
7.03398e-08
-4.69271e-13
1.86263e-10
5.47641e-09
1.48696e-07
8.3251e-07
1.18656e-05
4.56544e-05
2.08332e-05
1.07043e-05
2.87273e-07
-5.34159e-12
7.20081e-10
3.11267e-08
8.86324e-07
5.21134e-06
7.88494e-05
0.00027659
0.00011374
4.78161e-05
1.36397e-06
-3.77829e-11
1.3255e-10
1.37556e-07
3.93856e-06
2.59551e-05
0.000365401
0.0011226
0.00054211
0.000167632
3.79204e-06
-7.56548e-11
-4.71779e-09
2.81943e-07
7.68095e-06
5.44186e-05
0.000798621
0.00214446
0.000983345
0.000230262
6.42492e-07
-6.34349e-13
1.72443e-10
-5.44012e-09
1.70629e-08
9.61743e-08
1.64936e-05
4.64671e-05
4.29081e-06
-3.24559e-06
-2.58315e-08
-2.98685e-20
8.4214e-19
-2.0544e-17
-2.83048e-15
-6.71472e-15
-3.87258e-13
-1.49495e-12
-1.62113e-12
-2.40599e-12
-1.98977e-13
1.50397e-17
3.37465e-15
4.7822e-14
1.51736e-12
4.60062e-12
1.17354e-10
5.12317e-10
3.96673e-10
1.17239e-09
3.91332e-11
3.15231e-16
7.05194e-14
1.2482e-12
3.05327e-11
1.48774e-10
2.12196e-09
9.8598e-09
7.03647e-09
1.36484e-08
5.26371e-10
1.3934e-15
5.54734e-13
1.12091e-11
2.91325e-10
1.41265e-09
2.246e-08
1.00433e-07
6.88018e-08
8.04532e-08
2.72843e-09
1.18389e-15
3.7485e-12
8.89263e-11
2.35545e-09
1.25168e-08
1.90946e-07
8.86714e-07
4.70856e-07
3.96406e-07
1.21522e-08
-7.77939e-14
2.21268e-11
7.16021e-10
1.96818e-08
1.12852e-07
1.71863e-06
7.73835e-06
4.08596e-06
2.46859e-06
5.7725e-08
-8.92147e-13
9.98175e-11
5.17751e-09
1.41478e-07
8.52945e-07
1.37478e-05
5.85432e-05
2.6912e-05
1.27413e-05
3.03805e-07
-5.4324e-12
-6.53673e-11
2.81e-08
7.60962e-07
5.1498e-06
7.85366e-05
0.000297691
0.000169866
5.62008e-05
8.79304e-07
-5.41435e-12
-1.41994e-09
5.97847e-08
1.69746e-06
1.21706e-05
0.000203942
0.000688742
0.000389816
0.000101894
-3.54738e-07
-2.02031e-13
1.84286e-11
-4.20361e-10
1.2315e-09
-4.43814e-09
2.70264e-06
8.60685e-06
3.30489e-06
2.68797e-07
-8.12697e-09
-1.36623e-21
8.71337e-20
1.39377e-18
-9.78476e-17
-2.79435e-16
-2.4635e-14
-7.24096e-14
-7.06963e-14
-1.57773e-13
-1.59697e-14
5.63864e-19
2.21519e-16
2.43873e-15
1.23743e-13
2.99209e-13
1.09143e-11
4.71645e-11
5.27316e-11
1.54239e-10
3.76309e-12
1.19458e-17
4.92809e-15
6.61857e-14
2.70896e-12
1.20891e-11
2.21123e-10
1.04414e-09
1.05412e-09
2.07492e-09
5.78021e-11
3.53611e-18
4.36635e-14
5.70527e-13
2.92081e-11
1.30277e-10
2.6214e-09
1.23768e-08
1.1846e-08
1.45942e-08
3.27061e-10
-8.76881e-16
3.31421e-13
4.36372e-12
2.68164e-10
1.34411e-09
2.51084e-08
1.28868e-07
1.04525e-07
9.40116e-08
1.54768e-09
-1.47762e-14
2.05361e-12
3.05592e-11
2.56482e-09
1.42892e-08
2.62427e-07
1.35302e-06
1.02451e-06
6.63451e-07
7.59964e-09
-1.31195e-13
6.96874e-12
2.15758e-10
2.10954e-08
1.27585e-07
2.44801e-06
1.20815e-05
7.65241e-06
3.72765e-06
4.02172e-08
-4.64028e-13
-4.31572e-11
1.19303e-09
1.29278e-07
9.2788e-07
1.67727e-05
7.37214e-05
4.80963e-05
1.57097e-05
6.98857e-08
1.22468e-12
-2.77693e-10
2.8201e-09
3.24726e-07
2.48966e-06
5.05759e-05
0.00020174
0.000114875
2.77686e-05
-4.02503e-07
-6.61164e-14
5.23762e-12
-5.82386e-11
-2.67327e-10
-7.77191e-09
3.42165e-07
1.39098e-06
-1.27098e-06
-6.17497e-07
1.32304e-08
-6.55512e-23
1.9584e-20
2.92611e-20
-1.39654e-17
-2.90245e-17
-2.3969e-15
-8.38384e-15
-1.03301e-14
2.45459e-14
-6.3799e-16
9.28158e-21
1.62274e-17
1.83356e-16
8.92012e-15
2.11738e-14
9.55505e-13
3.81297e-12
5.16076e-12
2.12806e-11
3.73405e-13
1.53803e-19
4.07631e-16
7.04842e-15
2.37192e-13
1.09506e-12
2.27562e-11
1.05294e-10
1.21391e-10
3.10035e-10
6.45821e-12
-7.00542e-18
3.98703e-15
7.60539e-14
2.94165e-12
1.37673e-11
3.0726e-10
1.46434e-09
1.58713e-09
2.37923e-09
3.94884e-11
-1.52054e-16
3.38114e-14
7.34559e-13
3.11831e-11
1.6649e-10
3.37087e-09
1.81939e-08
1.54617e-08
1.6297e-08
1.93869e-10
-2.12452e-15
2.41729e-13
6.76546e-12
3.51408e-10
2.08875e-09
4.13962e-08
2.36173e-07
1.91034e-07
1.32956e-07
8.28489e-10
-1.89278e-14
1.04777e-12
5.79998e-11
3.38248e-09
2.17672e-08
4.49684e-07
2.55627e-06
1.81247e-06
8.97018e-07
3.06608e-09
-7.72151e-15
-7.71443e-12
3.11368e-10
2.36588e-08
1.8156e-07
3.62065e-06
1.8752e-05
1.44662e-05
4.89787e-06
-2.7623e-08
6.79832e-13
-5.63826e-11
4.27407e-10
6.44666e-08
5.35258e-07
1.23053e-05
5.80228e-05
3.96286e-05
1.07954e-05
-2.51793e-07
-5.06915e-16
-1.83169e-14
2.56032e-12
-4.24597e-10
-4.90338e-09
-3.36946e-08
-3.26191e-07
-3.80148e-07
5.23214e-08
-7.83235e-10
-2.79297e-23
2.8383e-21
-1.89765e-19
3.7064e-18
7.50337e-20
3.11947e-16
2.53138e-15
5.83164e-15
3.9732e-16
-6.08878e-18
-1.0497e-20
1.93603e-18
-3.40909e-17
8.73639e-16
1.06218e-15
1.15038e-13
5.14455e-13
1.15012e-12
2.38481e-12
8.70496e-15
-2.90457e-19
5.04527e-17
-5.90076e-16
2.10082e-14
8.24432e-14
2.76656e-12
1.29293e-11
2.55236e-11
4.72164e-11
1.41084e-13
-4.71078e-18
6.72965e-16
-8.12942e-15
2.89278e-13
1.21604e-12
4.1087e-11
2.01958e-10
3.60122e-10
4.81153e-10
-1.01924e-12
-6.04971e-17
7.42887e-15
-9.60301e-14
3.49374e-12
1.83832e-11
5.20711e-10
2.94313e-09
4.285e-09
4.27201e-09
-2.64157e-11
-6.33933e-16
6.85647e-14
-1.13609e-12
4.45013e-11
2.79644e-10
7.40824e-09
4.42023e-08
5.05692e-08
3.46303e-08
-3.06775e-10
-4.72681e-15
4.4669e-13
-1.04586e-11
4.85381e-10
3.47449e-09
9.12396e-08
5.44474e-07
4.82216e-07
2.23046e-07
-2.50484e-09
-1.12969e-14
1.38297e-12
-7.91444e-11
3.66702e-09
3.22095e-08
8.15703e-07
4.52353e-06
3.58043e-06
1.06405e-06
-2.0384e-08
6.28216e-14
8.14836e-13
-2.73688e-10
1.04671e-08
9.99361e-08
2.94978e-06
1.51965e-05
1.00557e-05
2.22012e-06
-8.43381e-08
3.047e-15
-1.6899e-13
5.38551e-12
-1.01594e-10
-1.82187e-09
-5.19948e-08
-2.40646e-07
-1.85694e-07
-3.00646e-08
2.91427e-10
-2.6198e-23
7.43647e-22
-3.00525e-21
1.6415e-19
5.74601e-19
1.23325e-16
1.14552e-16
-2.57064e-16
2.75829e-15
-1.4169e-16
-2.97365e-21
1.66605e-19
-1.96586e-18
9.82176e-17
1.58744e-16
1.88068e-14
7.59396e-14
1.2815e-13
4.03664e-13
-9.01375e-15
-7.17271e-20
4.78283e-18
-4.96741e-17
2.80624e-15
1.00143e-14
4.95427e-13
2.57872e-12
4.83131e-12
8.57705e-12
-1.51952e-13
-1.07547e-18
6.9065e-17
-1.12253e-15
4.41027e-14
1.74054e-13
8.53123e-12
5.13748e-11
9.11884e-11
9.4834e-11
-1.9207e-12
-1.43435e-17
8.83884e-16
-1.98058e-14
6.02144e-13
3.14262e-12
1.30711e-10
8.99792e-10
1.42958e-09
9.69365e-10
-2.19882e-11
-1.68174e-16
9.96691e-15
-2.87477e-13
7.86843e-12
5.25986e-11
1.99587e-09
1.37948e-08
1.86017e-08
9.00051e-09
-2.24704e-10
-1.48922e-15
8.41868e-14
-2.99331e-12
8.41356e-11
6.9388e-10
2.46493e-08
1.61818e-07
1.78007e-07
6.57456e-08
-1.81633e-09
-7.81142e-15
4.41434e-13
-2.19267e-11
6.05424e-10
6.22697e-09
2.10698e-07
1.25898e-06
1.15662e-06
3.28636e-07
-1.20023e-08
-1.47108e-14
1.16803e-12
-7.00426e-11
1.68419e-09
1.86785e-08
7.32318e-07
4.05425e-06
2.92644e-06
6.7395e-07
-4.25894e-08
1.29098e-15
-8.31123e-14
2.31517e-12
-2.96663e-11
-4.86963e-10
-2.62048e-08
-1.41445e-07
-1.02421e-07
1.43071e-08
-2.68983e-09
1.03658e-24
5.60145e-22
-6.49535e-21
1.06945e-19
-4.50934e-19
7.65635e-17
1.23053e-16
4.48307e-16
2.84887e-15
1.5945e-17
1.75846e-22
2.99191e-20
-5.9763e-19
2.21476e-17
-1.68062e-18
6.33016e-15
2.46967e-14
4.32273e-14
1.2155e-13
1.47267e-15
2.35542e-21
5.99352e-19
-1.62782e-17
7.091e-16
1.17459e-15
1.63843e-13
9.867e-13
1.62582e-12
1.85067e-12
1.71e-14
2.33588e-20
8.43344e-18
-3.60626e-16
1.24936e-14
2.79301e-14
2.97894e-12
2.23788e-11
3.33284e-11
2.01224e-11
1.35253e-13
1.92577e-19
1.06396e-16
-6.30343e-15
1.8591e-13
6.64758e-13
4.78506e-11
4.05207e-10
5.55131e-10
2.09215e-10
1.01459e-12
1.13219e-18
1.1839e-15
-8.59825e-14
2.40422e-12
1.23428e-11
6.97128e-10
5.83835e-09
7.20812e-09
2.01544e-09
6.93921e-12
4.56978e-20
9.78421e-15
-8.32826e-13
2.42415e-11
1.65725e-10
7.94243e-09
6.23421e-08
6.7352e-08
1.6111e-08
5.43813e-11
4.94002e-17
6.22348e-14
-5.6797e-12
1.56778e-10
1.35889e-09
6.14934e-08
4.32448e-07
3.97893e-07
8.51592e-08
1.02536e-10
1.48402e-15
3.03608e-13
-1.76876e-11
3.81436e-10
3.57767e-09
1.97249e-07
1.25128e-06
9.06661e-07
1.82105e-07
-3.52595e-09
3.75946e-16
-1.84517e-14
5.6163e-13
-8.91395e-12
-5.45245e-11
-9.93377e-09
-5.72526e-08
-1.41761e-08
9.4574e-09
-5.00599e-10
1.9527e-24
1.7052e-22
-1.60793e-21
4.01341e-20
-3.34615e-19
2.83534e-17
5.19161e-17
3.21066e-16
1.65635e-15
3.61652e-17
1.67136e-22
8.25145e-21
-4.47166e-20
6.913e-18
-1.58645e-17
2.50525e-15
9.2081e-15
1.93701e-14
6.35908e-14
2.09364e-15
2.81324e-21
1.56966e-19
8.43807e-20
2.45778e-16
-4.16726e-17
6.70556e-14
4.25073e-13
7.10083e-13
8.4519e-13
2.5861e-14
3.0934e-20
1.71689e-18
-1.86297e-17
4.60252e-15
2.73692e-15
1.22993e-12
1.03176e-11
1.49149e-11
9.1464e-12
2.59033e-13
2.71389e-19
1.36578e-17
-5.7883e-16
7.15061e-14
1.47707e-13
1.96045e-11
1.92e-10
2.59179e-10
9.64621e-11
2.55443e-12
1.65054e-18
6.28598e-17
-1.00369e-14
9.19634e-13
3.38682e-12
2.74955e-10
2.72291e-09
3.43805e-09
9.49917e-10
2.39574e-11
3.4076e-18
-1.25629e-16
-1.06053e-13
8.89649e-12
4.81181e-11
2.97262e-09
2.78145e-08
3.20601e-08
7.91451e-09
2.08451e-10
-8.50049e-17
-5.24325e-15
-8.93256e-13
5.32274e-11
3.69848e-10
2.16327e-08
1.80147e-07
1.79538e-07
4.26501e-08
1.16051e-09
3.82805e-16
1.48229e-14
-3.59497e-12
1.14066e-10
8.09894e-10
6.4885e-08
4.75196e-07
3.73443e-07
9.08437e-08
1.90974e-09
1.14429e-16
-5.23073e-15
1.2024e-13
-2.71781e-12
1.19468e-11
-3.32902e-09
-1.95102e-08
1.30486e-10
5.06363e-09
3.3274e-12
7.39562e-25
7.37505e-23
-1.28976e-21
1.9106e-20
-2.17899e-19
9.94996e-18
2.54663e-17
1.92502e-16
5.37361e-16
1.4296e-17
5.65098e-23
3.24817e-21
-5.7969e-20
2.23596e-18
-1.5005e-17
9.06264e-16
3.27019e-15
9.52061e-15
2.35348e-14
7.72257e-16
8.37782e-22
4.8462e-20
-1.04011e-18
8.02729e-17
-3.11065e-16
2.49739e-14
1.59046e-13
2.81906e-13
2.90687e-13
9.10296e-15
9.77018e-21
6.01036e-19
-2.26934e-17
1.53692e-15
-4.46694e-15
4.55925e-13
4.00755e-12
5.60343e-12
3.03619e-12
9.06194e-14
9.613e-20
6.1673e-18
-4.11719e-16
2.44234e-14
-2.78502e-14
7.16016e-12
7.71526e-11
9.65222e-11
3.01203e-11
8.66486e-13
7.65374e-19
5.12919e-17
-5.81845e-15
3.15315e-13
2.1511e-13
9.79763e-11
1.11175e-09
1.29106e-09
2.81464e-10
7.84788e-12
3.94836e-18
2.57186e-16
-5.62327e-14
3.00707e-12
7.60678e-12
1.02745e-09
1.13269e-08
1.23662e-08
2.34368e-09
6.85e-11
-4.43605e-18
1.77208e-15
-4.40168e-13
1.71984e-11
6.06059e-11
7.26585e-09
7.15329e-08
6.92076e-08
1.3145e-08
4.08366e-10
3.93511e-16
3.67127e-14
-1.62347e-12
3.39741e-11
5.68596e-11
2.10024e-08
1.78747e-07
1.4113e-07
2.92105e-08
1.00956e-09
4.3421e-17
-2.15039e-15
4.96962e-14
-1.11481e-12
1.92687e-11
-1.01963e-09
-4.44466e-09
3.62154e-09
1.83469e-09
5.2182e-11
2.38005e-25
1.64706e-23
-3.50693e-22
8.47547e-21
-1.14943e-19
3.60292e-18
1.12134e-17
9.10494e-17
1.87698e-16
6.46961e-18
1.91228e-23
8.11118e-22
-6.9097e-21
7.3497e-19
-8.45083e-18
3.24177e-16
1.14402e-15
4.31641e-15
1.01561e-14
3.78248e-16
3.15567e-22
1.49147e-20
1.61423e-19
2.59048e-17
-2.14773e-16
8.97665e-15
5.6928e-14
1.14331e-13
1.28772e-13
4.73768e-15
4.12994e-21
2.0846e-19
2.95039e-18
4.99351e-16
-3.54748e-15
1.58146e-13
1.46381e-12
2.22196e-12
1.36673e-12
4.85273e-14
4.85678e-20
2.54761e-18
4.39444e-17
8.1535e-15
-3.95174e-14
2.38245e-12
2.93038e-11
3.83422e-11
1.3613e-11
4.68709e-13
4.80531e-19
2.55386e-17
4.77102e-16
1.07403e-13
-2.84975e-13
3.15046e-11
4.3553e-10
5.21954e-10
1.28279e-10
4.25876e-12
4.55774e-18
2.07377e-16
4.26115e-15
1.02938e-12
-5.99356e-13
3.22463e-10
4.50804e-09
5.19734e-09
1.09434e-09
3.74706e-11
-2.33578e-18
-6.61699e-17
-2.88308e-14
5.77806e-12
-8.66634e-13
2.27413e-09
2.83771e-08
2.98243e-08
6.42439e-09
2.27393e-10
1.3458e-16
5.6188e-15
-3.53446e-13
1.08963e-11
-4.57271e-11
6.54097e-09
6.87791e-08
6.0256e-08
1.445e-08
6.81838e-10
1.999e-17
-8.36928e-16
1.72336e-14
-4.51801e-13
9.67272e-12
-3.01615e-10
-1.08726e-09
1.48045e-09
7.81136e-10
3.82963e-11
1.26841e-25
1.06034e-23
-2.1882e-22
3.87954e-21
-6.24484e-20
1.35966e-18
4.49203e-18
3.47666e-17
5.499e-17
2.44946e-18
9.02675e-24
5.31717e-22
-1.00198e-20
2.85226e-19
-4.62312e-18
1.16882e-16
3.96235e-16
1.83616e-15
3.54702e-15
1.43478e-16
1.31434e-22
7.35935e-21
-1.25548e-19
9.15243e-18
-1.25995e-16
3.20317e-15
1.95537e-14
4.45497e-14
4.61401e-14
1.80717e-15
1.63722e-21
9.36015e-20
-1.76269e-18
1.72241e-16
-2.15601e-15
5.37168e-14
5.08766e-13
8.35757e-13
4.76174e-13
1.83077e-14
1.79349e-20
1.01009e-18
-2.09969e-17
2.79508e-15
-2.73373e-14
7.58148e-13
1.05681e-11
1.40497e-11
4.43787e-12
1.70455e-13
1.71743e-19
9.59406e-18
-2.32697e-16
3.70346e-14
-2.6195e-13
9.44387e-12
1.63473e-10
1.90223e-10
3.87566e-11
1.48783e-12
1.49968e-18
6.41934e-17
-1.57886e-15
3.57151e-13
-1.64412e-12
9.26671e-11
1.75207e-09
1.97202e-09
3.13439e-10
1.23604e-11
1.25465e-18
4.02138e-16
-3.20489e-14
2.02932e-12
-9.96866e-12
6.64197e-10
1.12504e-08
1.18772e-08
1.91804e-09
7.72123e-11
1.04873e-16
8.00982e-15
-2.05153e-13
4.07625e-12
-4.5425e-11
1.98222e-09
2.70462e-08
2.47323e-08
4.76302e-09
2.9244e-10
6.69574e-18
-9.94841e-16
1.70355e-14
-2.7696e-13
4.79315e-12
-9.3784e-11
-2.0634e-10
9.05493e-10
3.11521e-10
2.21377e-11
4.35841e-26
2.69481e-24
-5.81677e-23
1.68147e-21
-3.03857e-20
5.08175e-19
1.66617e-18
1.45814e-17
2.06744e-17
1.07849e-18
3.20725e-24
1.40539e-22
-2.28743e-21
1.04665e-19
-2.24916e-18
4.265e-17
1.30409e-16
7.84506e-16
1.51797e-15
6.51272e-17
4.90156e-23
2.13517e-21
4.60335e-21
3.06272e-18
-6.3827e-17
1.15066e-15
6.54122e-15
1.77906e-14
2.10662e-14
8.71537e-16
6.4214e-22
3.01811e-20
4.0371e-19
5.64719e-17
-1.10327e-15
1.80111e-14
1.72556e-13
3.29402e-13
2.19406e-13
8.91208e-15
7.95738e-21
4.11732e-19
1.14141e-17
9.26893e-16
-1.45669e-14
2.24301e-13
3.7662e-12
5.52426e-12
2.05909e-12
8.32532e-14
9.09366e-20
5.20763e-18
1.94756e-16
1.26467e-14
-1.48165e-13
2.38711e-12
6.1334e-11
7.57234e-11
1.81336e-11
7.27047e-13
1.14548e-18
6.03928e-17
2.48207e-15
1.25762e-13
-1.03117e-12
2.02232e-11
6.89005e-10
8.26167e-10
1.48077e-10
5.94248e-12
2.17042e-18
1.88826e-16
5.95557e-15
7.33223e-13
-6.42553e-12
1.50846e-10
4.55255e-09
5.31518e-09
9.56705e-10
3.74867e-11
4.2799e-17
1.99053e-15
-4.45319e-14
1.56299e-12
-2.49181e-11
5.15136e-10
1.09513e-08
1.14515e-08
2.4866e-09
1.52871e-10
6.01154e-18
-4.05808e-16
6.39158e-15
-1.28353e-13
2.11432e-12
-3.05563e-11
-6.00056e-11
3.62242e-10
1.39489e-10
1.04461e-11
4.40114e-26
1.84874e-24
-3.41233e-23
8.14751e-22
-1.5969e-20
2.04423e-19
6.10412e-19
5.69806e-18
6.88098e-18
5.16359e-19
2.90747e-24
1.17863e-22
-2.14091e-21
4.98084e-20
-1.1388e-18
1.61339e-17
4.35876e-17
3.4205e-16
5.77307e-16
3.21078e-17
4.0923e-23
1.52996e-21
-2.40212e-20
1.25677e-18
-3.21381e-17
4.2174e-16
2.17272e-15
7.49944e-15
8.55559e-15
4.44372e-16
4.70534e-22
1.67671e-20
-2.19261e-19
2.16711e-17
-5.48491e-16
6.11943e-15
5.75275e-14
1.34822e-13
8.75163e-14
4.49174e-15
4.6907e-21
1.43029e-19
-4.62602e-19
3.39276e-16
-7.28651e-15
6.28236e-14
1.31718e-12
2.20582e-12
7.77873e-13
4.04232e-14
4.16852e-20
1.00402e-18
2.00642e-17
4.58684e-15
-7.43249e-14
4.32022e-13
2.27065e-11
2.98747e-11
6.31159e-12
3.38328e-13
3.11531e-19
2.21108e-18
5.59009e-16
4.59209e-14
-5.11683e-13
1.11824e-12
2.70075e-10
3.3401e-10
4.59855e-11
2.50219e-12
-8.20739e-20
9.51602e-18
-3.07602e-16
2.82723e-13
-3.15808e-12
1.02912e-11
1.8704e-09
2.30935e-09
2.97566e-10
1.60296e-11
3.57862e-17
1.69188e-15
-3.03707e-14
6.98583e-13
-1.19617e-11
9.04582e-11
4.58788e-09
5.31869e-09
8.97035e-10
7.58311e-11
-1.88191e-18
-3.88112e-16
5.22844e-15
-7.20536e-14
9.93051e-13
-1.04738e-11
-1.43765e-11
2.142e-10
6.40859e-11
6.64606e-12
1.75131e-26
5.25908e-25
-6.27702e-24
3.34032e-22
-8.23555e-21
8.71281e-20
1.68755e-19
2.55978e-18
3.19127e-18
3.25152e-19
1.11258e-24
3.4705e-23
-5.34255e-22
1.83443e-20
-5.70864e-19
6.54597e-18
1.15559e-17
1.49912e-16
2.68273e-16
1.93522e-17
9.7649e-24
4.39724e-22
-2.01646e-21
3.93687e-19
-1.58675e-17
1.62281e-16
6.82236e-16
3.17062e-15
4.21436e-15
2.82048e-16
5.04257e-23
4.90014e-21
4.58663e-20
6.43657e-18
-2.66097e-16
2.13382e-15
1.86104e-14
5.70704e-14
4.4024e-14
2.90595e-15
-4.79195e-22
5.22709e-20
2.02731e-18
1.00384e-16
-3.51398e-15
1.44658e-14
4.58634e-13
9.43344e-13
4.04973e-13
2.67665e-14
-6.47521e-21
7.21004e-19
4.36262e-17
1.44495e-15
-3.47926e-14
-7.41549e-14
8.48201e-12
1.30179e-11
3.4072e-12
2.27633e-13
1.16284e-19
1.1637e-17
6.97956e-16
1.56887e-14
-2.19037e-13
-3.2419e-12
1.07204e-10
1.51673e-10
2.56735e-11
1.6661e-12
9.33438e-19
5.92316e-17
3.43511e-15
1.04343e-13
-1.26401e-12
-2.43567e-11
7.76638e-10
1.13302e-09
1.75979e-10
1.12491e-11
2.44941e-17
5.88051e-16
-3.66867e-15
2.81702e-13
-4.94541e-12
-3.13431e-11
1.9465e-09
2.73889e-09
5.48455e-10
5.08172e-11
-6.61824e-19
-1.52888e-16
1.73575e-15
-3.35067e-14
4.4944e-13
-3.3886e-12
-9.14294e-12
9.56337e-11
3.53819e-11
4.07439e-12
4.14285e-26
2.86109e-25
3.61805e-24
1.55263e-22
-4.60361e-21
4.03064e-20
1.859e-20
1.08894e-18
1.20615e-18
2.08976e-19
2.52865e-24
2.36672e-23
-4.61164e-23
9.08252e-21
-3.02321e-19
2.82385e-18
1.35357e-18
6.85625e-17
1.18466e-16
1.37238e-17
5.54563e-23
4.72818e-22
4.50905e-21
1.51433e-19
-8.02263e-18
6.55428e-17
1.83328e-16
1.46369e-15
2.01891e-15
2.10923e-16
8.43595e-22
6.88221e-21
1.11655e-19
2.1234e-18
-1.30097e-16
7.74702e-16
5.5534e-15
2.63795e-14
2.1231e-14
2.1611e-15
1.20088e-20
9.36081e-20
2.27447e-18
3.03512e-17
-1.66769e-15
1.79144e-15
1.54693e-13
4.34448e-13
1.92415e-13
1.91247e-14
1.26492e-19
9.56548e-19
3.45158e-17
4.5511e-16
-1.52062e-14
-1.38107e-13
3.14513e-12
5.98581e-12
1.54938e-12
1.526e-13
7.42622e-19
5.51369e-18
4.10611e-16
5.32717e-15
-7.17359e-14
-3.09831e-12
4.27659e-11
7.02992e-11
1.05712e-11
9.84693e-13
-2.28597e-18
-2.24707e-17
1.90109e-15
3.86677e-14
-2.85465e-13
-2.49335e-11
3.28364e-10
5.64735e-10
6.88629e-11
6.12588e-12
5.64445e-18
1.28215e-16
-1.23237e-15
1.14088e-13
-1.46621e-12
-4.93181e-11
8.51213e-10
1.46161e-09
2.4454e-10
2.97517e-11
-4.30716e-18
-9.11477e-17
1.04752e-15
-1.70149e-14
2.06114e-13
-9.58686e-13
-6.00038e-12
5.66902e-11
2.05354e-11
2.96329e-12
-3.56695e-26
-4.54916e-25
-6.51357e-24
-6.75981e-23
-2.75845e-21
2.70973e-20
-6.88042e-20
4.8175e-19
5.69926e-19
1.73057e-19
-1.03531e-24
-2.14498e-23
-3.13449e-22
-3.28532e-21
-1.72898e-19
1.66452e-18
-3.0643e-18
2.51999e-17
6.08681e-17
1.42288e-17
-5.16203e-23
-7.0008e-22
-8.912e-21
-1.14991e-19
-4.30779e-18
3.40703e-17
1.17341e-18
5.29856e-16
1.12994e-15
2.55224e-16
-1.00564e-21
-1.22701e-20
-1.48406e-19
-1.97581e-18
-6.76684e-17
3.89827e-16
7.44109e-16
1.07836e-14
1.27442e-14
2.83383e-15
-1.6516e-20
-1.8316e-19
-2.0187e-18
-2.65863e-17
-8.41041e-16
-1.31319e-16
3.7565e-14
1.95599e-13
1.29104e-13
2.77211e-14
-1.50338e-19
-1.44782e-18
-1.13862e-17
-1.75917e-16
-6.81508e-15
-1.12889e-13
9.77952e-13
2.90139e-12
1.19806e-12
2.44006e-13
2.58697e-19
7.06189e-18
1.76389e-16
9.04956e-16
-1.43445e-14
-2.41036e-12
1.48095e-11
3.62846e-11
9.9043e-12
1.78881e-12
1.20499e-17
1.57665e-16
2.4372e-15
1.83209e-14
8.39008e-14
-2.03464e-11
1.1544e-10
3.13788e-10
7.60302e-11
1.32911e-11
4.14663e-17
3.86508e-16
4.59633e-15
5.07016e-14
-5.24181e-14
-4.62799e-11
3.06363e-10
8.3462e-10
2.51457e-10
5.34531e-11
-4.05124e-18
-2.3009e-17
-3.2605e-17
-5.84724e-15
8.23933e-14
2.1447e-13
-5.7759e-12
2.39162e-11
1.63257e-11
4.62678e-12
-3.25044e-26
1.41273e-25
-3.79268e-24
2.09599e-23
-1.53289e-21
1.349e-20
-3.03113e-20
2.54637e-19
1.65954e-19
5.66304e-20
-2.71167e-24
1.811e-23
-2.47921e-22
2.06892e-21
-9.11106e-20
7.73065e-19
-1.08564e-18
1.46109e-17
2.65507e-17
3.92799e-18
-5.93132e-23
2.67832e-22
-5.06497e-21
2.55107e-20
-2.12796e-18
1.60677e-17
2.51969e-18
2.92323e-16
5.51436e-16
6.96823e-17
-9.07402e-22
3.15019e-21
-7.56862e-20
2.57909e-19
-3.25681e-17
1.99816e-16
3.11201e-16
5.48143e-15
6.1331e-15
8.10379e-16
-1.24987e-20
2.98589e-20
-9.89072e-19
1.36003e-18
-4.02703e-16
7.43441e-16
1.54894e-14
9.52828e-14
5.84808e-14
8.34017e-15
-1.15483e-19
1.85824e-19
-7.58661e-18
1.11926e-17
-3.09126e-15
-3.59916e-14
4.2002e-13
1.39356e-12
4.81918e-13
7.86966e-14
-1.83448e-19
-4.99336e-19
2.96197e-17
2.40094e-16
-1.12198e-15
-9.30432e-13
6.75165e-12
1.73325e-11
3.16701e-12
5.90652e-13
5.56551e-18
-1.35774e-17
7.24325e-16
3.49485e-15
1.13023e-13
-8.36984e-12
5.66263e-11
1.59342e-10
2.11058e-11
4.87853e-12
1.65634e-17
2.32922e-17
1.16932e-15
1.40963e-14
2.13292e-13
-1.89214e-11
1.5685e-10
4.44109e-10
8.58687e-11
2.18381e-11
2.1723e-18
-3.28418e-17
2.07579e-16
-3.76304e-15
2.91508e-14
1.5592e-13
-2.14539e-12
1.26639e-11
8.34755e-12
2.03957e-12
3.21139e-27
2.54724e-26
-2.28078e-24
3.50921e-23
-8.52704e-22
7.02177e-21
-1.44608e-20
1.29899e-19
1.01886e-20
1.62686e-20
-2.05968e-24
1.74216e-23
-2.08891e-22
2.58747e-21
-4.88717e-20
3.7822e-19
-3.78659e-19
7.92415e-18
1.08071e-17
9.69562e-19
-5.04704e-23
3.18238e-22
-3.73669e-21
4.25673e-20
-1.07517e-18
7.80794e-18
2.29557e-18
1.58187e-16
2.75315e-16
1.50619e-17
-7.71318e-22
4.1922e-21
-5.15164e-20
5.5248e-19
-1.61128e-17
1.02031e-16
1.40554e-16
2.84661e-15
3.16085e-15
1.98885e-16
-1.05106e-20
4.89649e-20
-6.46536e-19
5.95476e-18
-2.02464e-16
6.57558e-16
6.67266e-15
4.84838e-14
3.02101e-14
2.35828e-15
-1.03066e-19
4.11933e-19
-5.60342e-18
4.72511e-17
-1.58478e-15
-1.07567e-14
1.8693e-13
7.05943e-13
2.38894e-13
2.69397e-14
-3.90459e-19
7.9812e-19
-4.97243e-18
1.18242e-16
-2.48998e-16
-3.68018e-13
3.16077e-12
8.70004e-12
1.36919e-12
2.2612e-13
2.12983e-18
-1.24861e-17
2.42603e-16
-1.52461e-16
7.06753e-14
-3.55044e-12
2.85014e-11
8.42732e-11
7.79428e-12
2.26979e-12
6.73559e-18
-2.89449e-18
3.73335e-16
2.03902e-15
1.67005e-13
-7.97084e-12
8.2478e-11
2.44785e-10
3.80537e-11
1.04801e-11
2.32823e-18
-2.04958e-17
1.48779e-16
-1.95317e-15
1.06022e-14
8.871e-14
-8.16621e-13
6.83064e-12
4.62313e-12
8.50982e-13
1.40886e-26
-6.18691e-26
-1.05882e-24
2.74165e-23
-4.59847e-22
3.70391e-21
-7.40077e-21
6.80022e-20
-2.22104e-20
3.24627e-21
-7.31821e-25
8.50269e-24
-1.35569e-22
1.89797e-21
-2.56913e-20
1.87373e-19
-1.36761e-19
4.11545e-18
3.77604e-18
2.48877e-19
-2.63353e-23
1.73944e-22
-2.27711e-21
3.10922e-20
-5.35954e-19
3.79512e-18
1.39345e-18
8.30877e-17
1.34805e-16
1.6164e-19
-4.29212e-22
2.31969e-21
-2.99292e-20
4.06349e-19
-7.89059e-18
5.10231e-17
6.23804e-17
1.46857e-15
1.64264e-15
1.31912e-17
-6.14997e-21
2.8098e-20
-3.71741e-19
4.70358e-18
-1.01747e-16
4.26246e-16
2.86532e-15
2.49144e-14
1.63558e-14
3.44549e-16
-6.54414e-20
2.54898e-19
-3.43718e-18
4.00572e-17
-8.47306e-16
-2.65973e-15
8.31846e-14
3.65607e-13
1.32344e-13
7.23689e-15
-3.41447e-19
8.95763e-19
-1.02512e-17
1.0426e-16
-8.66034e-16
-1.45576e-13
1.46948e-12
4.47214e-12
7.5304e-13
7.59215e-14
2.77857e-20
-2.86742e-18
6.72218e-17
-4.0327e-16
3.34246e-14
-1.51537e-12
1.42187e-11
4.53823e-11
4.20094e-12
9.98284e-13
9.47125e-19
3.82976e-18
1.01693e-16
-2.67325e-16
9.04325e-14
-3.37375e-12
4.2985e-11
1.36507e-10
2.1371e-11
4.56638e-12
1.1997e-18
-8.66725e-18
7.51238e-17
-9.38413e-16
4.04048e-15
4.67963e-14
-3.59224e-13
3.546e-12
2.58008e-12
2.72746e-13
7.21255e-27
-5.20975e-26
-3.86574e-25
1.66814e-23
-2.36902e-22
1.93183e-21
-3.95973e-21
3.49078e-20
-1.53157e-20
-7.89527e-22
-1.2794e-25
3.33605e-24
-7.66532e-23
1.15414e-21
-1.3265e-20
9.39072e-20
-5.84951e-20
2.07432e-18
1.07707e-18
1.17311e-19
-1.06537e-23
7.78417e-23
-1.25358e-21
1.84429e-20
-2.65086e-19
1.86084e-18
6.40153e-19
4.27533e-17
6.38208e-17
-2.14299e-18
-1.86963e-22
1.04343e-21
-1.59077e-20
2.37988e-19
-3.84874e-18
2.54566e-17
2.5939e-17
7.50906e-16
8.32588e-16
-2.56577e-17
-2.86109e-21
1.30202e-20
-1.97492e-19
2.84927e-18
-5.10845e-17
2.48389e-16
1.21294e-15
1.28285e-14
8.76908e-15
-1.9676e-16
-3.32327e-20
1.2539e-19
-1.91744e-18
2.59284e-17
-4.59888e-16
-3.0482e-16
3.7031e-14
1.91502e-13
7.42555e-14
3.33032e-16
-2.0889e-19
5.70583e-19
-8.20987e-18
8.6473e-17
-1.06188e-15
-5.8038e-14
6.81301e-13
2.33643e-12
4.36519e-13
1.60488e-14
-5.65814e-19
4.89124e-19
6.13471e-18
-1.01059e-16
1.27593e-14
-6.59293e-13
7.05795e-12
2.46936e-11
2.55434e-12
3.62038e-13
-1.11899e-18
6.16369e-18
-2.19421e-18
-7.39348e-17
4.0473e-14
-1.46681e-12
2.22377e-11
7.62004e-11
1.28606e-11
1.55422e-12
4.86485e-19
-3.09305e-18
3.37278e-17
-4.33149e-16
1.71554e-15
2.27199e-14
-1.77918e-13
1.72036e-12
1.36378e-12
6.14309e-14
1.99048e-27
-2.76971e-26
-1.24826e-25
8.84245e-24
-1.17265e-22
9.91078e-22
-2.11396e-21
1.73346e-20
-6.5652e-21
-1.79365e-21
1.54991e-26
1.32519e-24
-4.14766e-23
6.35784e-22
-6.63475e-21
4.65167e-20
-2.85575e-20
1.01258e-18
1.8303e-19
8.65446e-20
-4.08172e-24
3.45387e-23
-6.76491e-22
9.94696e-21
-1.27764e-19
9.01183e-19
2.4194e-19
2.15755e-17
2.93589e-17
-1.68732e-18
-7.52069e-23
4.57886e-22
-8.37222e-21
1.26625e-19
-1.83433e-18
1.24642e-17
1.00964e-17
3.78555e-16
4.08407e-16
-2.45285e-17
-1.2169e-21
5.86089e-21
-1.0424e-19
1.54761e-18
-2.50361e-17
1.35157e-16
4.99655e-16
6.54262e-15
4.54637e-15
-2.5828e-16
-1.54359e-20
5.988e-20
-1.05385e-18
1.49096e-17
-2.43444e-16
2.49876e-16
1.62347e-14
9.99201e-14
4.04432e-14
-1.52242e-15
-1.10002e-19
3.20175e-19
-5.4559e-18
6.12053e-17
-8.79227e-16
-2.2599e-14
3.09421e-13
1.21942e-12
2.44697e-13
-4.04172e-15
-5.15843e-19
1.06653e-18
-1.1078e-17
8.20947e-17
3.43888e-15
-2.84522e-13
3.42639e-12
1.33416e-11
1.49859e-12
8.56482e-14
-1.33744e-18
5.51092e-18
-3.50312e-17
2.51729e-16
1.50103e-14
-6.37348e-13
1.12453e-11
4.19904e-11
7.52223e-12
2.6462e-13
1.94348e-19
-1.06607e-18
1.48378e-17
-1.9608e-16
7.99968e-16
1.05983e-14
-1.02649e-13
7.89472e-13
6.80566e-13
8.45742e-15
2.34816e-28
-1.23061e-26
-3.61716e-26
4.26513e-24
-5.60529e-23
4.9224e-22
-1.0769e-21
7.96796e-21
-2.10653e-21
-1.47279e-21
2.45818e-26
5.78551e-25
-2.18542e-23
3.31051e-22
-3.26922e-21
2.29529e-20
-1.51178e-20
4.76211e-19
-4.50074e-20
5.81959e-20
-1.57669e-24
1.64337e-23
-3.66216e-22
5.15988e-21
-6.11579e-20
4.36314e-19
7.71713e-20
1.07081e-17
1.31834e-17
-9.45506e-19
-2.93164e-23
2.12645e-22
-4.46909e-21
6.51092e-20
-8.70634e-19
6.08529e-18
3.77213e-18
1.88665e-16
1.94366e-16
-1.55348e-17
-4.93595e-22
2.77706e-21
-5.61266e-20
8.09949e-19
-1.21785e-17
7.14582e-17
2.04062e-16
3.31361e-15
2.2846e-15
-1.86182e-16
-6.80465e-21
3.0176e-20
-5.91105e-19
8.23248e-18
-1.26981e-16
2.92771e-16
7.13238e-15
5.20322e-14
2.13138e-14
-1.49844e-15
-5.31849e-20
1.82536e-19
-3.44332e-18
3.97671e-17
-6.02703e-16
-8.40919e-15
1.4006e-13
6.35403e-13
1.31611e-13
-7.71279e-15
-3.34627e-19
9.59271e-19
-1.34348e-17
1.30165e-16
1.49371e-16
-1.20957e-13
1.6557e-12
7.14664e-12
8.29839e-13
-1.00316e-14
-9.69324e-19
4.19147e-18
-3.92535e-17
3.55415e-16
4.33134e-15
-2.75345e-13
5.63433e-12
2.28234e-11
4.22319e-12
-1.43387e-13
7.86439e-20
-3.64875e-19
6.41503e-18
-8.73426e-17
3.96787e-16
4.57619e-15
-5.84452e-14
3.36947e-13
3.22836e-13
1.56921e-15
-1.3746e-28
-5.11777e-27
-1.08584e-26
1.96633e-24
-2.60665e-23
2.37777e-22
-5.25242e-22
3.53753e-21
-4.38183e-22
-9.84769e-22
1.53174e-26
2.59621e-25
-1.134e-23
1.66721e-22
-1.57405e-21
1.11093e-20
-7.92416e-21
2.18001e-19
-7.2702e-20
3.56704e-20
-6.32647e-25
7.86921e-24
-1.97462e-22
2.61126e-21
-2.87441e-20
2.07777e-19
2.19781e-20
5.24996e-18
5.85554e-18
-4.6272e-19
-1.14275e-23
9.81647e-23
-2.39296e-21
3.28112e-20
-4.06161e-19
2.91486e-18
1.4129e-18
9.30442e-17
9.08516e-17
-8.37884e-18
-1.96224e-22
1.29521e-21
-3.04084e-20
4.15088e-19
-5.80544e-18
3.65099e-17
8.31005e-17
1.66494e-15
1.12568e-15
-1.09868e-16
-2.93768e-21
1.49225e-20
-3.34156e-19
4.44257e-18
-6.44165e-17
2.16406e-16
3.11399e-15
2.6955e-14
1.10533e-14
-1.03836e-15
-2.46781e-20
9.89512e-20
-2.11823e-18
2.45451e-17
-3.68149e-16
-2.80205e-15
6.25237e-14
3.29269e-13
6.9791e-14
-6.2903e-15
-1.92106e-19
6.88467e-19
-1.15275e-17
1.19291e-16
-7.05206e-16
-4.88919e-14
7.89653e-13
3.79094e-12
4.55689e-13
-3.13821e-14
-6.0318e-19
2.93852e-18
-3.40555e-17
3.24709e-16
4.39369e-16
-1.1339e-13
2.78254e-12
1.22537e-11
2.34531e-12
-2.08271e-13
3.34943e-20
-1.20058e-19
2.76866e-18
-3.93158e-17
2.01998e-16
1.83909e-15
-3.31702e-14
1.39893e-13
1.50097e-13
2.91722e-15
-1.22143e-28
-1.98514e-27
-3.32834e-27
8.63837e-25
-1.17399e-23
1.10138e-22
-2.42481e-22
1.4861e-21
9.38455e-24
-5.21559e-22
7.39574e-27
1.12433e-25
-5.57595e-24
8.08714e-23
-7.44076e-22
5.29049e-21
-4.12286e-21
9.63977e-20
-5.13811e-20
1.84174e-20
-2.47629e-25
3.70294e-24
-1.01899e-22
1.2858e-21
-1.3372e-20
9.78509e-20
4.25708e-21
2.5074e-18
2.54923e-18
-1.98441e-19
-4.27689e-24
4.44345e-23
-1.23272e-21
1.61365e-20
-1.8779e-19
1.37838e-18
5.2166e-19
4.47851e-17
4.13281e-17
-3.92823e-18
-7.40367e-23
5.88774e-22
-1.58926e-20
2.07333e-19
-2.72972e-18
1.81516e-17
3.38309e-17
8.18648e-16
5.39308e-16
-5.55476e-17
-1.19939e-21
7.19288e-21
-1.82589e-19
2.32915e-18
-3.19387e-17
1.34787e-16
1.36003e-15
1.36852e-14
5.5712e-15
-5.87772e-16
-1.07204e-20
5.14052e-20
-1.23496e-18
1.42774e-17
-2.07128e-16
-7.72267e-16
2.7722e-14
1.67195e-13
3.59454e-14
-3.88716e-15
-9.79404e-20
4.37651e-19
-8.20305e-18
8.65112e-17
-6.84001e-16
-1.8697e-14
3.72736e-13
1.96185e-12
2.42765e-13
-2.60325e-14
-3.18259e-19
1.84397e-18
-2.44235e-17
2.36288e-16
-5.76816e-16
-4.4539e-14
1.35031e-12
6.39285e-12
1.26178e-12
-1.51456e-13
1.36754e-20
-3.61984e-20
1.14705e-18
-1.73825e-17
1.00837e-16
6.52465e-16
-1.70262e-14
5.39041e-14
6.6825e-14
3.05415e-15
-7.44534e-29
-7.77075e-28
-1.35161e-27
3.93023e-25
-5.4742e-24
5.27928e-23
-1.14437e-22
6.46627e-22
9.76898e-23
-2.78818e-22
3.54307e-27
4.68312e-26
-2.82271e-24
4.05505e-23
-3.63802e-22
2.61301e-21
-2.23328e-21
4.39105e-20
-3.23148e-20
9.47046e-21
-1.00744e-25
1.71448e-24
-5.43543e-23
6.55391e-22
-6.43493e-21
4.7748e-20
-5.57823e-22
1.24875e-18
1.1516e-18
-8.37556e-20
-1.62315e-24
1.94363e-23
-6.56236e-22
8.21447e-21
-8.96737e-20
6.73573e-19
1.93651e-19
2.24501e-17
1.94575e-17
-1.80929e-18
-2.77743e-23
2.55101e-22
-8.59096e-21
1.072e-19
-1.32457e-18
9.28824e-18
1.41785e-17
4.21048e-16
2.68884e-16
-2.74778e-17
-4.91562e-22
3.32038e-21
-1.04053e-19
1.27024e-18
-1.63732e-17
8.27616e-17
6.15434e-16
7.32289e-15
2.9611e-15
-3.26361e-16
-4.66525e-21
2.53875e-20
-7.49837e-19
8.5859e-18
-1.18336e-16
-8.03525e-17
1.26671e-14
8.95794e-14
1.96819e-14
-2.32443e-15
-4.99869e-20
2.66646e-19
-5.94736e-18
6.26121e-17
-5.36526e-16
-6.53392e-15
1.83088e-13
1.07366e-12
1.40267e-13
-1.89481e-14
-1.68166e-19
1.1657e-18
-1.78871e-17
1.71904e-16
-7.54651e-16
-1.61954e-14
6.8367e-13
3.52287e-12
7.29082e-13
-1.01929e-13
6.0637e-21
-9.20167e-21
4.77533e-19
-8.22353e-18
5.29184e-17
1.8898e-16
-9.00575e-15
2.16859e-14
3.05138e-14
2.70361e-15
-2.56821e-29
-2.27847e-28
-3.68231e-28
1.34818e-25
-1.95007e-24
1.90823e-23
-4.03057e-23
2.09656e-22
5.28678e-23
-9.55071e-23
1.17296e-27
1.48521e-26
-1.04271e-24
1.52103e-23
-1.3563e-22
9.85219e-22
-9.1576e-22
1.50547e-20
-1.3622e-20
3.29948e-21
-3.11333e-26
6.09169e-25
-2.12116e-23
2.50726e-22
-2.37702e-21
1.78565e-20
-1.22478e-21
4.67808e-19
3.9666e-19
-2.58359e-20
-4.69821e-25
6.53396e-24
-2.56086e-22
3.13865e-21
-3.29115e-20
2.51937e-19
4.9864e-20
8.46221e-18
6.91424e-18
-6.00443e-19
-7.85278e-24
8.39609e-23
-3.40262e-21
4.14676e-20
-4.91221e-19
3.5855e-18
4.55925e-18
1.6279e-16
1.00494e-16
-9.65232e-18
-1.4995e-22
1.15916e-21
-4.33671e-20
5.14698e-19
-6.34929e-18
3.613e-17
2.15576e-16
2.94725e-15
1.17512e-15
-1.26006e-16
-1.49869e-21
9.36935e-21
-3.28602e-19
3.728e-18
-4.93129e-17
6.43398e-17
4.46371e-15
3.61336e-14
8.011e-15
-9.50989e-16
-1.81415e-20
1.17528e-19
-2.95497e-18
3.08274e-17
-2.68015e-16
-1.53089e-15
6.88011e-14
4.41207e-13
5.99268e-14
-8.70411e-15
-6.07208e-20
5.19532e-19
-8.86553e-18
8.47082e-17
-4.4641e-16
-4.06605e-15
2.62333e-13
1.45157e-12
3.11226e-13
-4.31936e-14
1.92554e-21
-1.51733e-21
1.49089e-19
-2.93924e-18
2.0141e-17
2.72189e-17
-3.36982e-15
6.25472e-15
1.03482e-14
1.26022e-15
)
;

boundaryField
{
    flowInlet
    {
        type            fixedValue;
        value           uniform 0;
    }
    flowOutlet
    {
        type            zeroGradient;
    }
    minorInlet
    {
        type            fixedValue;
        value           uniform 1;
    }
    pipe
    {
        type            zeroGradient;
    }
    topSurf
    {
        type            zeroGradient;
    }
    bottomSurf
    {
        type            zeroGradient;
    }
    innerSurf
    {
        type            zeroGradient;
    }
    outerSurf
    {
        type            zeroGradient;
    }
}


// ************************************************************************* //
