/*--------------------------------*- C++ -*----------------------------------*\
| =========                 |                                                 |
| \\      /  F ield         | OpenFOAM: The Open Source CFD Toolbox           |
|  \\    /   O peration     | Version:  1.7.x                                 |
|   \\  /    A nd           | Web:      www.OpenFOAM.com                      |
|    \\/     M anipulation  |                                                 |
\*---------------------------------------------------------------------------*/
FoamFile
{
    version     2.0;
    format      ascii;
    class       volScalarField;
    location    "0.5";
    object      C;
}
// * * * * * * * * * * * * * * * * * * * * * * * * * * * * * * * * * * * * * //

dimensions      [0 -3 0 0 1 0 0];

internalField   nonuniform List<scalar> 
8000
(
3.25108e-05
-1.39746e-05
0.000265584
0.000214938
0.0211348
0.0538682
0.0290667
0.0123614
0.0160314
-0.00372591
-0.000263625
0.000121152
-0.00298276
0.00101842
-0.250941
-0.606365
-0.26499
-0.126606
-0.148628
0.0246692
-0.000503783
0.00031481
-0.00654559
0.00658416
-0.501704
-1.25119
-0.778139
-0.796011
-0.38256
0.208031
-0.000333165
0.000357261
-0.0064826
0.00513103
-0.51815
-1.24222
-0.691745
-0.814187
-0.460305
0.261507
-0.000368855
0.000568923
-0.00640048
0.00393132
-0.486051
-1.1613
-0.58273
-0.670745
-0.439565
0.239714
-0.000646522
0.00106144
-0.00688821
0.00435612
-0.441672
-1.11226
-0.564099
-0.566311
-0.401032
0.223194
-0.00107428
0.00164994
-0.00728673
0.00492624
-0.373473
-1.06123
-0.62258
-0.500194
-0.363598
0.216756
-0.00130792
0.00153982
-0.005699
0.00169802
-0.24996
-0.876739
-0.676014
-0.394367
-0.293488
0.174494
-0.000717595
0.000767858
-0.00348824
-1.69593e-06
-0.170197
-0.557963
-0.280617
0.0706748
-0.179447
0.0461883
7.29085e-05
-7.10411e-05
0.000315406
1.08573e-05
0.0139823
0.0469678
0.0277238
-0.00325957
0.0177119
-0.00525013
-7.51669e-05
-1.16273e-05
-0.000608318
-0.000519379
-0.0515879
-0.124745
-0.0643362
-0.0410405
-0.0416518
0.00992441
0.000553995
0.000219928
0.00678317
-0.00392604
0.605827
1.3631
0.511204
0.396955
0.38625
-0.062389
0.0008364
0.000185201
0.0150369
-0.0191263
1.20947
2.84983
1.77286
2.27434
0.901474
-0.599929
0.000326398
-0.000140594
0.0149461
-0.0160358
1.23989
2.82256
1.57132
2.32258
1.10183
-0.774885
0.00054569
-0.000950837
0.014933
-0.0133669
1.14106
2.60569
1.29102
1.91506
1.064
-0.7117
0.00146468
-0.00238818
0.0161816
-0.0141962
1
2.43899
1.23256
1.61825
0.961032
-0.654538
0.00274043
-0.00387818
0.0166866
-0.0141092
0.789067
2.23547
1.36434
1.42958
0.850567
-0.621678
0.00328166
-0.00323438
0.0113158
-0.00301844
0.442557
1.67646
1.47396
1.15046
0.663103
-0.481487
0.00177235
-0.00148364
0.00691728
-0.000100114
0.31054
1.04876
0.510373
-0.0945162
0.440114
-0.119708
-0.000184455
0.00013739
-0.000660072
3.19486e-05
-0.0267656
-0.0931573
-0.0562557
-0.000107675
-0.0440241
0.0137562
0.000105964
0.000137087
0.000926631
0.00125515
0.0857964
0.191638
0.0916978
0.0900039
0.0741887
-0.0183953
-0.000609596
-0.00169212
-0.0107718
0.00391001
-1.07033
-2.17537
-0.604925
-0.837337
-0.667286
0.103007
-0.000244291
-0.00242961
-0.0243723
0.0255098
-2.09683
-4.56559
-2.80675
-4.47068
-1.33654
1.12056
0.000777078
-0.00116427
-0.024563
0.0195366
-2.11806
-4.49681
-2.49137
-4.57798
-1.66044
1.48931
1.70389e-05
0.000953887
-0.0250894
0.0161357
-1.89268
-4.07105
-1.98529
-3.7696
-1.63217
1.37095
-0.00214782
0.00391388
-0.0273968
0.018623
-1.56853
-3.67661
-1.87066
-3.17422
-1.46344
1.24458
-0.00481896
0.0064907
-0.0270875
0.0176981
-1.10403
-3.165
-2.10332
-2.78648
-1.26518
1.15463
-0.00551449
0.00456893
-0.0143104
-0.0040053
-0.418894
-1.99189
-2.27766
-2.2696
-0.938128
0.857365
-0.00289538
0.00185312
-0.00893136
-0.00338597
-0.329879
-1.22679
-0.60551
0.0135502
-0.69099
0.202515
0.000308049
-0.000155372
0.000871304
-3.59699e-05
0.0277963
0.107573
0.0714033
0.0174628
0.0726669
-0.0247299
-0.000142089
-0.000430711
-0.00137573
-0.00232512
-0.147688
-0.306777
-0.131702
-0.18978
-0.140568
0.0369619
0.000279752
0.00511564
0.0180368
-0.0155119
1.95825
3.62767
0.600808
1.78878
1.32048
-0.218554
-0.00224506
0.00614031
0.0420482
-0.0653882
3.71121
7.59557
4.56614
8.75655
2.03072
-2.47525
-0.00434667
0.00220236
0.0431302
-0.057623
3.67207
7.40911
4.06058
8.89219
2.51842
-3.36987
-0.00182805
-0.0028491
0.0449255
-0.0521428
3.17018
6.55581
3.14683
7.30041
2.5532
-3.11561
0.00381668
-0.00877921
0.0489534
-0.053823
2.45932
5.68878
2.95412
6.09806
2.28949
-2.79992
0.0101108
-0.0130395
0.0459598
-0.0433642
1.48999
4.57704
3.43788
5.27154
1.93975
-2.54451
0.0107802
-0.00809621
0.0176611
0.00850112
0.198024
2.27428
3.80087
4.35511
1.35796
-1.82132
0.00552562
-0.00350008
0.0119162
0.00377647
0.258936
1.3569
0.772075
0.201277
1.24167
-0.417629
-0.000561109
0.000209528
-0.00112762
0.000557082
-0.0228868
-0.11925
-0.094661
-0.0547662
-0.130317
0.0481998
9.405e-05
0.00106501
0.00192947
0.00502359
0.241504
0.45537
0.161836
0.360328
0.237741
-0.0688399
0.00179977
-0.0121992
-0.0282282
0.0220544
-3.41505
-5.71346
-0.133323
-3.16397
-2.07456
0.355694
0.00914324
-0.01224
-0.0708231
0.0983744
-6.16931
-11.9127
-6.96417
-15.2192
-2.28055
4.23319
0.0123962
-0.00205792
-0.0752784
0.085841
-5.91907
-11.4435
-6.27408
-15.5378
-2.85434
5.93224
0.005784
0.00848411
-0.0800027
0.0804684
-4.86432
-9.79615
-4.75294
-12.6952
-3.06764
5.51161
-0.00669037
0.0187946
-0.0858721
0.0839391
-3.41724
-8.04437
-4.53259
-10.4721
-2.78346
4.90469
-0.0192272
0.024275
-0.0746981
0.0590719
-1.55818
-5.88335
-5.59624
-8.8554
-2.3106
4.36708
-0.01814
0.0137959
-0.016532
-0.03419
0.641879
-1.74762
-6.28568
-7.34076
-1.39806
2.99235
-0.00883129
0.00667919
-0.0133429
-0.0130367
0.177064
-0.877117
-1.00377
-0.587508
-1.6939
0.672497
0.000909537
-0.000345324
0.00134237
-0.00160555
-0.00775836
0.0800765
0.113561
0.130346
0.203961
-0.0860704
0.000225548
-0.00219326
-0.00229027
-0.00726751
-0.384755
-0.662224
-0.171785
-0.668463
-0.416594
0.139831
-0.00984155
0.0235732
0.0471104
-0.0870647
5.8023
9.13914
-0.86324
5.64356
3.62306
-0.78891
-0.029046
0.0114027
0.124656
-0.255943
9.73955
18.6202
10.9367
24.8292
1.5521
-8.78387
-0.0325014
-0.0127572
0.136019
-0.243411
8.93573
17.4157
10.012
24.9978
1.83472
-12.5777
-0.0131322
-0.0320644
0.144632
-0.226669
6.86215
14.2958
7.58339
20.2829
2.549
-11.7766
0.0182663
-0.0466346
0.149214
-0.204365
4.15193
11.035
7.49778
16.4167
2.46467
-10.4076
0.0465471
-0.0485899
0.116952
-0.112786
0.906791
7.2876
9.76922
13.4201
1.94714
-9.09574
0.0379095
-0.0253667
0.00717321
0.0812412
-2.42431
0.506694
11.016
11.4219
0.530947
-5.98717
0.0181998
-0.01546
0.0120037
0.0296076
-1.25583
-0.384679
1.85971
1.40441
2.40476
-1.3572
-0.00158932
0.000737434
-0.00136331
0.00443664
0.0799995
0.0296048
-0.141366
-0.276013
-0.330448
0.167152
-0.00125551
0.00408146
0.00281133
0.0114907
0.598107
0.954075
0.143807
1.1132
0.644393
-0.250471
0.0265775
-0.0374106
-0.0829247
0.194317
-9.62705
-15.3123
2.07027
-7.6866
-5.05444
1.20538
0.0570116
-0.0015614
-0.223438
0.463333
-14.6198
-29.8636
-18.5779
-35.8526
0.0641062
12.6609
0.0543686
0.045189
-0.249514
0.435995
-12.5845
-27.0178
-17.5006
-36.3732
0.39282
18.7772
0.0124975
0.0749387
-0.261937
0.392743
-8.74486
-21.152
-13.7176
-29.1383
-0.963688
17.7343
-0.047354
0.088892
-0.254422
0.314748
-4.03377
-15.2884
-14.0822
-22.9013
-1.30875
15.5596
-0.0945193
0.077393
-0.17264
0.102865
1.16802
-8.98919
-18.4212
-17.9374
-0.799119
13.3309
-0.0655819
0.0394104
0.0198918
-0.217648
5.60556
1.70375
-19.7068
-15.7954
1.49452
8.26541
-0.0313813
0.0276997
7.80528e-05
-0.104151
3.48681
3.03225
-4.23082
-2.16775
-2.20251
1.91547
0.0024913
-0.00178681
0.00140661
-0.00828512
-0.219816
-0.251148
0.21601
0.511171
0.455088
-0.282048
0.00462836
-0.00618424
-0.00288115
-0.00728948
-0.897021
-1.39691
-0.121283
-1.76791
-1.08309
0.53372
-0.082498
0.041138
0.163642
-0.549413
15.4185
27.5219
-1.1611
9.82977
8.46819
-3.03091
-0.123733
-0.061178
0.400574
-0.988665
20.4445
49.3674
34.9612
45.9617
-5.57392
-25.1092
-0.0868346
-0.144778
0.444503
-0.91453
16.0643
43.03
33.6598
45.8759
-8.02071
-37.9585
0.0279149
-0.179071
0.450667
-0.759713
9.49213
32.2309
27.6584
36.0679
-5.25843
-36.3807
0.171031
-0.170603
0.401605
-0.485535
2.02282
21.9904
28.391
27.1344
-3.68836
-31.9373
0.263968
-0.11254
0.219533
0.0214052
-5.48669
11.4677
34.8543
20.1558
-4.06331
-26.9787
0.160292
-0.0455387
-0.0855235
0.545194
-10.4025
-4.76501
34.2964
20.115
-8.32023
-15.7479
0.0821446
-0.0414782
-0.0444261
0.328895
-7.46831
-7.94228
9.63392
3.79159
0.76135
-3.89578
-0.00451241
0.00357165
-0.00107814
0.0101205
0.44634
0.60494
-0.390591
-0.904105
-0.625249
0.55902
-0.010393
0.00824279
0.00468103
-0.00977823
1.2939
2.2379
0.277271
2.41282
1.6171
-0.831686
0.142095
-0.0226157
-0.324286
1.28178
-23.5525
-52.0034
-7.01282
-5.19541
-12.4102
4.39169
0.126348
0.135999
-0.673324
1.75997
-26.0917
-83.1059
-68.6778
-48.473
5.49409
27.7371
0.0222141
0.248006
-0.73551
1.48022
-17.8816
-70.1518
-67.0417
-49.2625
9.56658
43.7076
-0.170969
0.270696
-0.715232
1.04495
-7.536
-50.5245
-56.9273
-37.4307
6.5982
42.5297
-0.378164
0.213322
-0.572192
0.377058
3.23488
-32.1938
-56.4383
-26.6059
5.08579
37.2225
-0.472633
0.0929316
-0.217387
-0.596408
12.9413
-13.2397
-62.4251
-19.8309
7.33086
30.6939
-0.255125
0.0305288
0.212047
-1.26696
16.9398
11.3034
-54.5365
-25.2177
15.4025
15.9707
-0.141987
0.0345926
0.159996
-0.925203
13.8179
17.8323
-18.5257
-5.89458
3.49577
4.41151
0.00714467
-0.00657768
0.000234901
2.85344e-05
-0.748424
-1.10894
0.837917
1.4871
0.657913
-0.786516
0.027656
-0.00623073
-0.0102395
0.0813457
-1.7328
-3.77222
-1.16423
-2.69525
-3.11235
2.08806
-0.324352
-0.0773366
0.638079
-2.86465
32.594
96.0576
32.1333
-8.79967
25.7794
-14.5507
-0.0178393
-0.318016
1.04499
-2.87504
27.6435
131.243
126.674
36.902
-8.07566
-55.3068
0.373729
-0.449303
1.10084
-2.08122
14.3013
107.038
123.556
38.4403
-17.0949
-89.5693
0.865536
-0.409467
1.00562
-1.02891
-0.12313
73.4242
105.989
27.7095
-14.4242
-90.6316
1.28947
-0.221136
0.686923
0.357299
-13.5623
41.2553
98.9989
19.2204
-14.2752
-80.7673
1.33511
0.0262853
0.0889551
1.96244
-23.9678
7.18153
96.3898
19.0825
-22.8027
-65.049
0.638646
0.0564852
-0.430082
2.54765
-24.4885
-26.6793
73.8969
35.732
-40.1278
-25.8492
0.378633
0.0265732
-0.404579
2.18856
-22.1015
-37.0066
28.5651
13.0926
-17.9177
-8.80204
-0.0148148
0.00905042
0.00315723
-0.0454452
1.0361
1.705
-1.46551
-2.41843
-0.457813
1.71532
-0.0187764
-0.00344633
0.0214642
-0.167313
1.08776
4.28711
2.74935
0.739978
3.04112
-0.318307
0.145069
0.124864
-0.6931
3.71369
-20.0604
-99.982
-56.2376
28.9834
-24.8231
10.6776
-0.335719
0.177268
-0.802654
2.30426
-6.36096
-104.569
-126.751
-1.99386
-9.34114
18.3338
-0.708383
0.213747
-0.810988
0.934351
4.16352
-79.5285
-121.774
-6.46642
-4.96053
29.9719
-1.03541
0.131293
-0.674455
-0.550071
13.2812
-47.6423
-103.24
-4.80993
-2.46714
31.295
-1.19664
-0.0453881
-0.336448
-2.07567
19.7623
-15.6961
-87.6983
-7.50986
4.12719
27.1222
-1.01218
-0.17582
0.147303
-3.32814
22.5534
17.6814
-70.8438
-19.3367
18.2521
18.2986
-0.417309
-0.0682111
0.401983
-3.07317
17.4896
37.2266
-45.2041
-35.9128
32.1821
0.0560842
-0.271166
-0.074758
0.489591
-3.02987
16.9241
44.0867
-18.7185
-18.5112
20.891
2.23028
0.00931535
-0.00514705
-0.00961318
0.0992343
-0.54645
-1.3245
1.56032
2.42395
-0.108644
-0.247695
0.000303665
-0.0163428
0.0296357
-0.0576174
-0.556857
-2.79826
-3.14203
0.365338
-3.55933
-0.315752
-0.0214736
0.371319
-0.677398
0.931987
11.2541
57.1491
69.9483
-13.7281
14.1389
-0.687207
0.0916495
0.0726067
-0.15775
0.251898
2.30196
36.1944
99.0304
49.5312
10.6086
-5.06703
0.178086
-0.213215
0.33743
-0.616215
-4.34413
19.6141
88.1559
53.7974
15.4821
-10.0891
0.275046
-0.442189
0.694028
-1.24489
-9.89055
1.86055
69.7817
47.6572
13.7979
-11.2286
0.349313
-0.60248
0.895529
-1.52932
-13.2465
-15.5106
51.6862
48.1062
7.17598
-11.1435
0.319311
-0.655574
0.952626
-1.41258
-14.2594
-31.1498
31.3596
56.7206
-2.64905
-10.3947
0.109956
-0.462791
0.745939
-0.891567
-11.3348
-33.652
10.0734
61.4577
-13.125
-4.9323
0.0641585
-0.392892
0.64603
-0.728691
-10.1691
-33.9734
-4.45195
33.7125
-8.91575
-3.52879
0.00198123
0.0124988
-0.0260106
0.0510977
0.18701
0.971297
0.150125
-2.59805
-0.879662
-0.149229
-0.00320092
-0.0119694
0.0351995
-0.108803
0.644189
4.03451
5.69286
-0.40271
3.42878
0.98915
0.0670413
0.318696
-0.560702
1.64419
-15.6868
-88.7597
-100.847
16.279
-12.6092
-3.08943
0.139035
0.526938
-1.01767
2.05002
0.393047
-67.6508
-132.25
-43.0976
-15.9787
1.32911
0.135595
0.521737
-1.09048
2.04562
10.7035
-41.9262
-117.58
-43.5414
-16.431
3.69697
0.0810953
0.392114
-0.953074
1.55997
18.4612
-13.3104
-91.9082
-38.346
-13.6626
3.80081
-0.00105796
0.156372
-0.598493
0.579709
22.2029
12.1954
-65.5786
-40.6044
-9.18933
3.92697
-0.0795278
-0.109314
-0.127722
-0.581159
22.1958
35.0608
-36.7756
-51.7288
-1.54648
4.60069
-0.0807674
-0.202322
0.191807
-1.01804
16.1764
41.032
-12.3054
-60.2283
9.45046
4.67515
-0.038645
-0.179017
0.25792
-1.17147
15.7061
48.3401
6.64131
-36.0961
8.14656
1.8409
0.000101281
0.00334995
-0.0200792
0.062585
-0.156291
-0.980198
0.309848
3.51574
0.556418
0.094017
-0.00544821
-0.0149414
0.0122315
0.0174328
0.106218
-2.60084
-7.17593
0.475298
-3.40697
-1.28211
0.0512875
0.334365
-0.529788
1.44155
6.07842
57.7865
122.2
1.57228
11.4703
4.93773
0.0665439
0.3424
-0.0218541
-0.377828
-9.33093
8.03644
108.887
86.8439
33.9133
15.0716
0.0433488
0.188772
0.403548
-2.02065
-16.2256
-11.7877
88.6741
89.0449
38.6419
15.0073
0.0225809
0.0246841
0.661434
-2.97866
-19.9548
-29.1536
61.455
80.0307
32.1187
12.4549
0.00520139
-0.149275
0.785951
-3.16845
-19.3494
-42.2554
31.3475
78.8646
23.3876
9.56804
-0.0197125
-0.341839
0.858188
-2.79849
-16.2607
-50.985
-0.413949
85.4384
13.558
6.43873
-0.0508531
-0.390559
0.749574
-1.9154
-11.0199
-41.8768
-17.6425
81.9982
3.81147
3.28237
-0.0311838
-0.268336
0.569402
-1.4043
-10.0308
-44.1338
-28.8515
49.0725
-2.93514
0.323285
0.0020822
0.00947324
-0.00866491
-0.00561622
-0.453693
0.110572
1.02395
-4.49706
-1.13439
-0.956752
-0.00127821
-0.0205475
0.0493543
-0.220083
-0.510153
1.5382
8.49235
1.20367
3.58115
-0.256036
0.0108258
0.229003
-0.549241
0.657589
-6.99381
-55.979
-131.658
-23.7589
-11.8
-0.0567167
0.0601098
0.47504
-1.08244
3.4985
9.96972
-14.0271
-96.0155
-90.4764
-30.0462
-7.2335
0.0807791
0.460762
-1.02943
4.65443
18.3094
7.09154
-72.8652
-85.2281
-29.6589
-10.6563
0.0770752
0.340669
-0.775908
4.60747
22.7681
26.1005
-44.1799
-76.0221
-24.6371
-9.63447
0.0583559
0.164161
-0.402206
3.44368
22.0064
36.2776
-15.3726
-72.4406
-19.676
-7.93216
0.0307641
-0.0348011
-0.0384465
1.82529
18.8837
41.4995
11.4263
-73.9224
-14.7399
-5.85771
0.0019214
-0.177302
0.174163
0.602597
13.5051
34.6698
18.2348
-68.5232
-9.26196
-2.37671
0.00780831
-0.0879254
0.191823
0.216716
12.3821
44.7138
35.8825
-48.2772
-2.67334
0.895364
-0.000647883
0.00827693
-0.0340229
0.148684
0.821153
0.966015
-0.866638
5.22513
2.0758
-0.655565
-0.00140936
-0.0110989
0.000149117
0.290562
1.54717
1.49478
-7.59172
-1.78192
-2.0188
-3.79052
0.00794047
0.0705236
-0.105057
0.738197
-0.804606
28.5019
127.865
50.5982
17.1836
13.9997
0.0124209
0.171215
0.0639669
-3.01729
-17.8421
-24.2169
57.2168
118.549
51.3627
21.2618
0.00888056
0.187648
0.104714
-5.05016
-23.3007
-38.6785
34.3676
114.311
48.6541
17.7321
0.00473085
0.170929
0.091223
-5.62547
-24.1559
-47.6338
9.02769
101.587
41.1879
14.5443
0.000419709
0.12103
0.121415
-4.88879
-19.7661
-46.9025
-13.9368
93.1194
35.7088
11.9909
-0.00766838
0.0203476
0.269166
-3.68715
-14.609
-43.9806
-32.6576
88.8453
32.5886
10.0922
-0.0147602
-0.0870877
0.386056
-2.44985
-10.1189
-32.664
-29.5863
75.4599
29.2167
9.00468
-0.00794596
-0.0269477
0.19251
-1.53481
-8.46769
-39.3942
-48.6318
51.2729
11.9905
5.67919
0.000319813
0.000150393
0.0148643
-0.217867
-1.63301
-2.99989
1.01486
-5.61373
-1.22076
-1.61605
0.000839321
0.00163693
0.0206966
-0.557561
-2.33689
-4.79166
3.99494
-2.9843
2.8646
2.98221
-0.00321311
0.00293638
-0.536389
1.09086
1.86014
-13.0498
-104.833
-89.4348
-33.5891
-4.85192
0.00397092
0.0852114
-0.698694
6.37613
17.6254
22.5216
-20.2441
-117.575
-70.7293
-39.2401
0.0104862
0.101769
-0.343082
8.01939
22.8387
33.2709
-0.344016
-108.598
-58.7798
-38.0411
0.0102313
0.0636964
0.0178908
7.57632
23.4376
39.5624
18.799
-96.0838
-45.0529
-31.4475
0.00792304
0.0213801
0.242153
5.52754
19.0418
34.246
29.2154
-84.2342
-30.5549
-25.7379
0.00712125
-0.00922758
0.320616
3.21913
14.8614
29.6407
33.6572
-73.4103
-14.445
-20.9202
0.00567054
-0.0253906
0.295095
1.63307
11.7475
24.2233
20.434
-57.3667
-3.82115
-15.4654
0.00339993
-0.00629747
0.243038
0.794731
8.9771
35.0287
49.8106
-49.4639
-4.69446
-0.452304
-0.000248293
-0.000898278
-0.0273214
0.409037
2.25702
5.41225
0.473809
2.25191
1.93716
3.82797
-0.000347669
-0.000101713
0.049665
0.752229
3.40263
8.99366
3.04758
20.4381
-26.7109
28.0673
0.00210204
0.0177246
0.1651
-1.12264
-7.17472
-6.37279
66.2869
119.083
53.569
-34.882
-0.000482812
0.00820384
-0.410955
-6.99124
-22.896
-35.2047
-16.895
105.182
116.411
-38.854
0.000772553
0.0504098
-0.889638
-8.70873
-25.8018
-39.6696
-28.6429
101.785
113.552
-23.1124
0.00394086
0.0904054
-1.06627
-8.14916
-23.7659
-39.0916
-37.9779
91.0776
114.8
-17.6502
0.00530203
0.0943176
-0.87493
-6.01036
-17.3628
-28.8573
-33.9258
79.4793
127.228
-15.0236
0.00282888
0.0624128
-0.462043
-3.92791
-12.4631
-24.869
-27.2834
68.2059
152.637
-13.9355
-0.0012823
0.0121388
-0.068848
-2.68342
-10.1029
-23.2645
-13.2265
51.7213
162.398
-14.2943
-0.00125989
-0.000928296
-0.150761
-1.20553
-6.49571
-29.9422
-50.1263
45.9411
89.1154
-0.215585
0.000198321
0.0012469
-0.00124039
-0.569471
-2.98395
-8.31424
-3.8633
5.56068
-2.51813
28.2943
0.00040652
0.0022516
-0.0940553
-1.02766
-4.01528
-12.2091
-14.2453
-27.124
23.7184
-121.084
-0.00399922
-0.0517607
-0.310462
3.08658
8.8881
14.7479
-22.3596
-144.558
-101.505
12.3673
-0.00139121
-0.0137696
0.578132
10.2329
22.4282
24.1828
32.191
-63.2782
-100.032
55.8328
-0.00279353
-0.0156546
1.30971
11.313
24.2526
25.169
35.5125
-68.0183
-27.8037
46.0148
-0.00764178
-0.0388963
1.5154
9.67626
21.8038
23.7823
34.9307
-61.2713
31.286
36.5561
-0.00992337
-0.0394115
1.21057
6.46843
16.0162
15.2213
17.7325
-49.7389
100.383
32.7303
-0.00816041
-0.0251151
0.769232
3.65517
12.4738
16.3916
5.45869
-33.9985
184.615
29.5051
-0.00244483
0.00379323
0.465314
2.24504
11.5575
22.1464
-3.18998
-16.8112
238.716
7.79695
0.000630717
0.0196163
0.295192
0.631993
6.16293
27.1535
44.4212
-33.5274
169.941
-63.8995
-0.000165993
-0.00153673
0.0358169
0.756371
3.36368
10.7098
10.2191
-19.4392
57.5535
-128.01
-0.000386675
0.0045828
0.186011
1.20313
4.3502
13.6335
25.9964
-17.4016
81.2246
165.019
0.00842248
0.0592651
-0.0813339
-4.39593
-12.9498
-19.4349
-12.2298
130.815
210.333
13.7214
0.00210484
-0.0658181
-2.00642
-11.4739
-25.787
-20.7306
-22.6209
-12.877
311.595
-10.9774
-0.00464372
-0.125176
-2.85338
-11.9007
-25.9541
-19.5499
-17.9485
15.5138
370.234
-21.7336
-0.0084298
-0.137417
-2.71121
-9.72137
-22.0976
-17.337
-9.57214
12.9113
413.255
-38.834
-0.00988321
-0.125954
-1.88134
-6.31614
-15.7503
-11.7291
13.2251
3.48701
483.77
-64.1517
-0.0084972
-0.0924485
-1.00149
-3.72808
-11.9392
-17.814
19.2185
-12.3193
598.137
-86.6897
-0.00626762
-0.0591732
-0.458158
-2.78092
-10.9904
-26.7412
13.7278
-26.2471
691.398
-60.813
-0.00472018
-0.0429478
-0.241871
-0.505235
-4.39322
-24.894
-41.2127
-18.5888
509.169
120.221
0.000180917
0.00120888
-0.0945044
-0.87088
-3.42947
-11.9633
-19.7186
-19.613
64.4363
407.851
-8.85432e-05
0.00400828
-0.291104
-1.29741
-3.83835
-11.196
-29.3059
-53.2186
32.4498
572.786
-0.00328876
-0.059323
0.684152
6.99425
15.5071
17.1157
15.846
29.0587
171.259
809.319
-0.00479375
0.134004
3.34534
14.0637
25.0703
7.91253
-21.5377
120.92
297.26
839.574
-0.0020706
0.304437
3.9934
13.4801
24.2067
7.59122
-27.4234
78.2264
361.784
873.237
0.00145351
0.368202
3.35136
10.3797
20.3873
9.03242
-38.4535
41.6392
460.119
940.624
0.00391989
0.321932
2.05532
6.43018
15.0481
9.71551
-55.9096
3.87876
635.33
1016.8
0.0041234
0.224131
0.993528
3.55885
12.1508
20.4496
-44.2464
-17.4831
896.752
1085
0.00280236
0.123505
0.58441
2.49617
11.7063
31.9787
-22.1029
-18.3899
1134.7
1150.56
0.000942788
0.0555693
0.105497
-0.0914138
3.34156
23.6634
38.1019
48.3529
978.719
1257.19
0.00014716
-0.00490046
0.187657
0.881201
3.02316
11.0333
24.986
-34.0755
293.701
1289.75
7.558e-05
-6.92447e-05
0.293092
0.99268
2.8874
8.46695
33.2694
-24.018
66.1644
1196.76
0.00135908
0.0209615
-1.11922
-8.61988
-20.2391
-18.008
20.0065
-310.508
555.282
1270.38
0.000239816
-0.27507
-3.62389
-14.305
-28.8673
-5.74117
61.395
-222.932
805.576
1174.28
-0.00444464
-0.484269
-3.83859
-12.9493
-27.4018
-8.26471
68.4174
-232.213
970.912
1136.79
-0.00750344
-0.510029
-2.90621
-9.50716
-22.9939
-12.8067
75.0381
-197.805
1162.2
1127.86
-0.00762607
-0.390687
-1.59592
-5.66812
-17.2888
-16.4869
76.536
-154.094
1416.21
1104.16
-0.00563951
-0.235759
-0.621529
-2.94728
-13.4625
-28.3986
42.9194
-107.632
1711.04
1033.29
-0.00292393
-0.116994
-0.286421
-1.91697
-11.5026
-39.2743
10.2564
-26.3676
1905.01
959.878
-0.000419066
-0.0441057
0.129782
0.767809
-1.65982
-25.3226
-53.8205
-63.1451
1762.44
1032.52
-0.000133679
0.00283409
-0.170439
-0.609697
-2.57914
-10.9233
-35.9671
-84.5751
760.483
1515.65
1.49894e-05
-0.00358753
-0.242822
-0.564726
-0.46672
1.30868
-8.0856
-89.8144
425.847
1262.11
-0.00196761
0.00605454
1.81678
10.7438
22.76
12.5778
-44.8169
-190.267
886.196
1317.22
0.00317936
0.450431
4.56412
15.5914
27.9255
-5.993
-99.8247
-267.453
1135.5
1244.96
0.011378
0.69071
4.44194
13.5003
26.2921
2.288
-96.1476
-310.424
1364.66
1148.52
0.0152055
0.674089
3.16891
9.56844
22.3151
12.6294
-89.3888
-299.756
1654.15
994.422
0.0139914
0.487702
1.62579
5.52548
17.3836
21.7708
-72.1585
-212.311
1924.65
821.514
0.0101335
0.281946
0.556139
2.55759
13.2704
34.5751
-27.7884
-63.62
2110.22
686.981
0.00560013
0.143737
0.223201
1.09003
9.96908
43.9513
5.98583
124.655
2120.72
652.721
0.00163782
0.0533001
-0.248701
-1.39281
-0.636736
21.2907
72.3734
163.979
1868.77
831.648
0.000102389
-0.000618656
0.136795
0.425949
1.67783
8.00812
25.2678
71.1257
1000.18
1364.03
-9.00988e-05
0.00695143
0.172765
0.0806099
-1.31011
-4.67493
-0.50273
-8.7135
528.672
1450.96
0.00101267
-0.113229
-2.66052
-11.9701
-25.2127
-5.53726
68.87
51.5437
1187.53
1187.66
-0.0126143
-0.657042
-4.76069
-15.3988
-31.3186
1.69292
108.392
263.935
1250.88
1091.56
-0.0226206
-0.817483
-4.00306
-12.699
-30.4917
-15.0605
84.8579
237.832
1315.98
1066.41
-0.0239443
-0.687685
-2.44317
-8.52501
-26.3029
-29.5483
61.009
206.575
1480.29
998.221
-0.0187268
-0.423342
-0.955824
-4.50326
-20.3315
-38.5284
37.5697
225.875
1722.01
847.589
-0.0117001
-0.191854
-0.0391069
-1.39278
-13.7436
-45.9963
2.47008
318.728
1926.08
661.992
-0.00595696
-0.08319
0.184252
0.351829
-7.23298
-47.8726
-27.5986
405.63
2061.95
507.213
-0.00243217
-0.0115776
0.526408
2.14635
2.56743
-20.2041
-98.1628
295.168
2059.04
518.887
-6.78423e-05
-0.00208451
-0.0958229
-0.196946
-1.13342
-8.1226
-32.0753
-10.0054
1282.32
1223.63
0.000107132
-0.00728357
-0.105126
0.441257
3.03975
4.83309
-18.2254
123.54
501.671
1572.27
0.00113581
0.223768
3.2566
12.9777
26.2925
0.946894
-69.8423
-13.5127
1272.49
1220.6
0.0217371
0.818887
5.01393
15.6354
32.275
2.41046
-94.839
-33.948
1473.61
1120.22
0.0318336
0.908638
3.95971
12.352
31.5416
25.324
-52.4398
44.939
1613.68
1025.48
0.0304612
0.70874
2.2772
7.77761
26.4931
39.7427
-33.3694
98.5612
1835.59
857.397
0.0222042
0.410244
0.770939
3.46916
19.1554
45.5919
-22.0759
217.263
2053.49
630.842
0.0131604
0.170994
-0.178877
0.0853278
10.4072
46.5075
11.5809
436.984
2114.22
455.641
0.00677516
0.0680179
-0.443695
-1.84704
2.17851
42.5113
70.3236
690.575
1955.13
417.74
0.00269903
-0.00797308
-0.562774
-2.46016
-4.97616
11.6598
134.522
755.051
1753.88
522.624
6.73829e-05
0.00360596
0.0446652
-0.0295789
0.0604299
5.62915
47.2846
264.095
1470.87
952.557
-0.000221661
0.0102603
-0.0397533
-1.03396
-5.22687
-9.96638
3.83127
-10.8206
1036.35
1281.04
-0.00619412
-0.38534
-3.79737
-13.3902
-26.4469
5.78212
128.252
520.143
1531.93
890.762
-0.0345611
-0.977437
-4.84182
-14.6276
-36.5145
-22.294
105.805
662.722
1557.44
803.173
-0.0417918
-0.929914
-3.17453
-10.5812
-35.5778
-48.3703
65.7709
695.961
1567.13
766.524
-0.0350453
-0.621878
-1.2544
-5.6119
-28.5024
-58.6499
60.1736
799.771
1584.86
723.134
-0.0223671
-0.278484
0.210347
-1.17744
-18.4018
-57.8438
50.0435
832.164
1678.04
636.83
-0.010958
-0.0391959
0.96729
1.99108
-7.08244
-49.6526
7.0234
853.075
1790.09
498.908
-0.0047757
0.0273498
0.986477
3.44091
2.33907
-36.6268
-58.7165
834.803
1864.16
386.971
-0.00142435
0.0604681
0.752788
2.49091
5.10462
-9.45177
-107.801
606.749
1919.06
389.223
-6.35934e-05
-0.00266382
-0.00221241
0.3357
1.11016
-1.37809
-28.9563
99.5013
1466.06
991.389
8.02905e-05
0.00915121
0.119332
0.751059
4.23303
1.19699
-32.9031
243.459
690.489
1544.55
0.0127512
0.537127
4.04997
13.813
28.6052
11.6135
-23.514
232.525
1313.89
1107.21
0.0445876
1.02876
4.30427
12.9385
38.4142
51.2157
-13.5304
344.403
1419.57
1024.28
0.0465324
0.846687
2.22009
8.04841
34.8668
71.8266
22.3374
345.043
1509.33
959.763
0.034784
0.480891
0.316275
2.75699
24.3191
69.5869
23.1859
399.407
1643.6
830.036
0.0196045
0.148065
-0.925264
-1.51359
11.527
56.2565
50.6452
614.149
1772.86
622.231
0.00788351
-0.0505446
-1.35641
-3.84006
-0.117594
38.3211
114.314
904.628
1769.49
474.488
0.00287796
-0.0839207
-1.16556
-4.30782
-7.33091
23.5704
195.609
1209.28
1612.28
432.811
-0.000233285
-0.0878544
-0.623898
-1.97477
-5.56659
3.12178
203.837
1292.37
1544.9
438.089
4.43424e-05
0.000328674
-0.0451999
-0.571831
-2.02514
-1.51633
45.739
462.273
1727.16
619.913
-0.000506678
0.0155558
0.0841996
-1.17745
-6.84158
-13.6698
-24.7723
104.738
1342.24
1130.13
-0.0218854
-0.670086
-4.30904
-12.9289
-27.2869
-17.2393
65.5058
934.281
1728.47
717.182
-0.0530402
-1.00269
-3.15808
-9.0476
-36.5901
-68.1841
53.9018
971.29
1700.22
681.425
-0.0477822
-0.66893
-0.597616
-3.60194
-29.9777
-75.6773
47.4165
1090.28
1743.98
546.159
-0.0306236
-0.25011
1.1992
1.39695
-17.0905
-60.5455
64.6551
1210.79
1687.71
474.323
-0.0133705
0.0630921
2.0501
4.63748
-4.28635
-40.6828
62.6734
1218.23
1578.56
515.063
-0.00198781
0.205424
1.94736
5.3695
4.603
-23.6085
35.7432
1172.51
1535.38
520.944
0.00127237
0.183008
1.36543
4.58441
8.79184
-12.1611
-8.82159
1040.03
1511.19
510.273
0.00278444
0.120242
0.513524
1.34076
3.51261
-0.85904
-30.638
777.945
1535.71
549.637
6.6302e-05
0.00291438
0.090819
0.567764
1.92979
3.10705
2.32056
234.146
1419.73
814.842
0.000418978
0.0313069
0.508561
2.31964
7.47376
4.34584
-40.4173
285.717
885.717
1285.34
0.0271329
0.751602
4.23688
10.3102
23.9156
34.4392
-29.0372
595.055
1126.92
961.8
0.0515044
0.80284
1.3318
4.29649
31.0272
81.5768
44.8227
791.462
1208.01
933.258
0.0387488
0.349717
-1.15326
-1.03087
21.4571
74.3386
53.5298
683.741
1167.68
1011.79
0.0189377
-0.0497696
-2.42103
-5.08204
7.70265
49.96
67.3486
753.157
1271.25
992.646
0.00313004
-0.274026
-2.60544
-6.74486
-3.09926
31.5453
120.466
996.323
1424.9
852.123
-0.00480714
-0.308036
-1.93398
-5.85217
-8.54998
20.5578
210.17
1313.89
1456.23
667.49
-0.00501526
-0.222066
-1.14942
-4.17854
-9.97031
12.1688
298.642
1634.14
1417.56
479.876
-0.00440459
-0.111787
-0.222798
-0.651902
-2.93496
3.25247
270.943
1661.32
1519.33
367.105
-0.000149849
-0.00697045
-0.0809005
-0.390067
-1.24043
0.0669428
49.0337
592.664
1923.59
359.677
-0.000568366
0.0229945
0.371871
0.56647
-2.16497
-9.77159
-18.8374
258.479
1526.47
1134.43
-0.0293624
-0.761717
-2.88706
-4.61116
-12.6391
-36.6181
28.6544
1219.07
1749.87
1021.08
-0.0431663
-0.447413
0.751122
1.35094
-20.3513
-64.9578
41.799
1205.72
1668.17
997.754
-0.0240918
0.0530722
2.76345
5.81704
-9.80062
-46.2727
60.2721
1377.13
1867.89
666.598
-0.00425512
0.373149
3.41408
8.3008
1.58913
-23.7957
76.9247
1447.09
1755.97
319.749
0.00809119
0.476154
3.00578
8.16024
8.32334
-10.9965
85.3243
1436.5
1481.73
58.0006
0.0116348
0.398901
1.9583
5.89696
10.1017
-1.55753
86.8731
1352.12
1211.77
56.8997
0.00874831
0.253662
1.02786
3.56525
9.20454
7.30993
90.7518
1168.58
919.794
335.419
0.00542477
0.0908957
0.0690392
0.00945786
0.792691
6.19794
91.7718
931.603
899.56
749.23
0.000269314
0.00819756
0.0548572
0.312866
0.811426
3.11929
28.1945
392.841
1189.88
965.045
1181.27
797.881
1352.4
746.193
1360.97
635.175
1390.79
578.143
1412.09
545.715
1140.12
897.61
1168.8
782.737
1249.93
717.017
1320.49
646.561
1380.72
591.627
1127.33
907.386
1130.22
806.376
1224.33
745.439
1297.06
668.722
1363.65
602.342
1111.04
931.858
1104.42
832.977
1194.87
770.579
1273.02
687.728
1345.63
616.092
1081.59
972.689
1060.54
879.338
1145.9
814.106
1230.17
722.46
1311.79
641.302
1046.81
1020.94
1004.45
940.164
1082.07
873.246
1170.94
771.839
1263.09
677.848
1013.14
1069.07
944.205
1007.3
1011.39
940.87
1102.18
830.472
1204.65
722.217
983.304
1111.5
893.289
1066.2
950.696
998.79
1042.27
881.193
1153.45
760.957
950.91
1151.21
894.313
1085.87
947.723
995.095
1047.54
867.807
1163.38
747.931
920.761
1089.19
1081.07
1004.78
1157.2
819.076
1255.89
677.742
1339.21
575.378
994.684
1024.56
1047.49
935.498
1097.91
854.529
1161.19
781.456
1227.53
719.341
923.868
1060.64
948.898
1019.79
994.472
967.394
1047
904.824
1110.64
834.109
943.613
1040.06
959.202
1015.08
996.172
972.211
1039.89
916.703
1097.09
849.835
951.413
1037.16
955.764
1021.35
985.125
985.371
1024.18
933.423
1079.7
867.551
949.992
1046.91
939.371
1042.94
958.487
1014.8
992.247
965.476
1047.08
897.705
953.231
1055.86
922.319
1069.02
924.917
1053.19
948.416
1009.58
1000.09
940.507
971.842
1050.02
917.62
1084.54
897.84
1087
904.534
1056.13
947.164
991.849
992.1
1037.8
919.48
1090.41
879.684
1110.78
870.02
1094.75
901.817
1039.19
974.657
1062.69
899.694
1109.46
858.669
1126.76
852.441
1107.23
889.5
1049.18
862.074
1201.6
842.281
1168.81
848.5
1109.07
896.707
1028.78
976.871
938.507
928.114
1050.59
958.431
1011.46
991.191
975.816
1028.26
939.571
1067.89
904.109
877.704
1109.56
873.314
1104.48
884.91
1086.34
907.753
1058.51
941.641
1022.57
891.026
1102.85
867.239
1115.3
864.749
1108.09
879.736
1086.29
910.345
1052.68
917.318
1084
876.191
1113.49
857.286
1120.93
859.645
1108.83
883.707
1078.83
964.263
1045.02
904.964
1093.61
865.357
1122.13
847.554
1129.95
855.645
1114.86
1019.07
995.383
946.522
1059.46
889.745
1108
852.776
1138.1
841.749
1143.66
1062.36
955.257
981.551
1030.49
912.765
1093.83
861.748
1140.63
835.512
1162.58
1075.11
943.103
993.271
1021.42
919.878
1090.65
862.379
1144.71
828.871
1173.96
1022.85
997.906
948.559
1064.48
885.617
1119.79
840.577
1157.47
821.055
1169.23
878.068
1141.71
850.058
1149.21
839.837
1141.47
851.888
1115.24
885.932
1072.08
836.907
1144.86
834.558
1137.56
840.803
1124.6
859.258
1100.65
892.415
1065.99
903.463
1088.86
866.799
1121.94
842.514
1143.59
831.991
1151.98
836.458
1146.97
933.862
1055.39
897.96
1092.35
868.978
1122.53
849.214
1143.15
842.086
1151.43
941.23
1050.73
902.57
1089.48
873.271
1120
853.785
1141.77
844.943
1153.12
963.147
1037.82
913.989
1086.34
875.866
1123.67
850.739
1148.28
839.2
1159.52
1013.77
996.094
952.709
1056.78
899.825
1107.79
860.278
1144.85
837.997
1164.92
1076.06
934.901
1010.06
1001.84
947.707
1064.61
895.509
1117.94
859.075
1155.81
1124.71
881.237
1057.21
952.014
991.086
1022.32
932.848
1086.85
887.135
1139.04
1115.98
887.567
1045.54
961.287
979.047
1032.81
921.315
1097.63
875.968
1149.25
892.837
1109.21
843.946
1150.06
806.439
1185.9
780.763
1211.54
770.615
1220.39
804.734
1182.38
815.451
1163.65
833.524
1143.74
851.159
1123.6
872.063
1102.06
897.752
1106.27
860.858
1134.54
841.37
1150.44
834.071
1158.29
834.628
1159.96
920.01
1085.95
865.736
1134.06
831.277
1164.99
815.379
1178.71
813.958
1178.88
950.942
1058.74
888.43
1116.06
841.939
1158.84
813.445
1183.48
803.592
1189.77
1005.39
1006.76
934.1
1073.09
876.241
1128.53
834.956
1168.72
812.457
1190.52
1079.39
930.604
1003.4
1004.85
936.253
1073.41
883.083
1130.15
846.886
1170.42
1139.84
862.782
1070.61
935.826
1002.45
1010.72
942.236
1079.37
895.086
1135.22
1158.04
834.335
1106.08
894.475
1048.67
963.161
992.253
1032.88
942.307
1096.04
1129.35
863.218
1086.47
912.806
1038.56
969.795
991.194
1028.76
948.95
1083.07
994.593
1021.56
948.225
1060.56
911.612
1091.92
884.199
1113.37
871.329
1122.5
888.364
1120.2
855.098
1143.33
836.545
1152.31
830.433
1146.83
842.533
1127.02
1007.47
1001.45
955.169
1053.59
906.163
1102.52
865.754
1142.53
840.301
1167.03
1031.68
964.355
984.831
1014.63
938.402
1068.99
894.147
1122.69
857.099
1166.73
1043.73
949.44
1000.44
996.583
959.472
1047.18
920.668
1098.51
885.011
1144.35
1061.06
933.089
1020.71
978.012
982.96
1025.29
948.123
1071.68
915.892
1113.37
1091.08
904.423
1050.29
949.68
1011.55
996.769
976.502
1041.72
945.685
1081.62
1137.18
855.992
1097.02
901.746
1056.13
951.503
1017.83
1000.52
984.174
1045.46
1172.67
815.312
1134.63
861.276
1092.98
913.742
1052.02
967.507
1014.88
1018.35
1162.79
819.959
1119.25
871.993
1074.14
927.94
1031.46
984.538
993.509
1038.33
963.573
1032.66
913.596
1080.92
875.043
1123.78
841.832
1161.14
818.235
1189.99
827.762
1193.38
820.993
1184.89
830.046
1164.35
845.896
1139.4
865.901
1112.87
949.409
1070.26
911.933
1100.59
885.56
1122.09
868.35
1136.05
859.981
1141.31
963.102
1046.28
914.348
1092.09
875.722
1129.22
848.909
1154.95
835.172
1166.86
982.442
1023.82
931.246
1073.15
886.344
1118.14
850.624
1153.03
830.61
1170.89
1020.91
976.215
970.401
1025.12
925.207
1074.12
886.209
1119.09
859.244
1151.48
1087.99
901.262
1040.55
950.541
996.314
1003.05
956.494
1055.26
923.83
1100.29
1144.93
844.209
1106.38
889.608
1065.11
941.601
1024.75
994.663
988.535
1042.73
1172.03
818.214
1149.28
851.138
1116.79
895.174
1079.6
944.065
1042.87
991.222
1177.75
815.255
1162.3
839.004
1136.19
873.436
1105.18
913.752
1074.37
954.212
1105.91
903.318
1063.47
941.231
1029.38
971.323
1004.61
992.525
993.643
1005.21
961.643
1076.66
928.24
1091.88
909.046
1091.76
905.842
1081.35
917.429
1061.24
1078.6
949.608
1023.74
1001.59
972.597
1048.37
930.604
1084.54
904.116
1104.28
1083.31
930.328
1032.27
983.484
979.829
1039.18
929.324
1093.14
888.277
1135.32
1121.81
876.989
1076.69
927.912
1029.92
983.422
984.022
1040.79
941.741
1092.55
1153.9
842.2
1122.34
882.949
1085.32
930.844
1046.48
981.95
1007.03
1031
1153.92
849.471
1132.2
878.397
1103.88
914.866
1072.39
954.914
1039.38
994.223
1151.39
845.62
1134.54
868.693
1112.33
898.874
1087.63
933.233
1061.6
969.039
1144.82
836.83
1133.18
858.142
1115.92
886.207
1096.02
917.382
1075.88
949.84
1127.95
856.68
1111.96
881.747
1091.24
910.917
1069.42
940.82
1050.04
969.26
1031.25
959.206
1002.46
991.338
980.632
1016.6
965.135
1035.83
956.438
1051.05
925.51
1119.41
915.333
1119.81
913.079
1104.86
916.359
1077.93
931.365
1049.46
1011.39
999.069
987.66
1019.56
961.46
1044.49
940.606
1067.17
926.999
1079.85
1012.98
991.355
983.445
1017.81
953.569
1048.05
930.8
1074.84
915.148
1090.15
991.427
1021.25
961.016
1045.45
928.497
1072.1
902.904
1096.2
888.38
1107.33
987.518
1016.81
954.486
1041.72
923.989
1068.54
898.72
1099.38
879.742
1123.7
1007.53
956.424
985.016
979.009
974.615
1002.45
970.034
1033.32
957.423
1070.21
1054.37
880.66
1050.74
898.616
1061.07
913.406
1078.16
928.082
1082.96
950.44
1135.83
816.384
1141.91
829.192
1150.76
838.286
1164.3
842.662
1172.64
850
1211.65
790.939
1208.23
802.166
1197.2
814.393
1186.74
824.73
1179.67
832.892
1217.21
812.21
1188.38
832.035
1168.11
847.081
1154.29
850.261
1150.65
848.02
990.42
1087.54
982.962
1046.26
1000.39
1017.38
1028.37
961.368
1051.2
918.21
978.698
1073.57
906.415
1117.53
881.588
1110.4
891.298
1082
926.663
1047.04
975.886
1060.6
882.351
1147.83
800.361
1197.62
761.257
1205.98
782.502
1174.04
1082.13
936.867
1000.2
1020.08
905.266
1098.57
826.683
1159.56
805.701
1180.04
1203.44
776.658
1174.73
823.759
1104.77
907.055
1009.5
1014.04
942.858
1099.62
1301.82
646.872
1336.66
638.91
1339.24
681.237
1276.48
789.887
1187.73
916.43
1323.42
621.389
1404.73
571.612
1473.21
556.864
1466.96
618.2
1397.46
726.621
1243.61
723.472
1323.87
665.779
1414.01
611.472
1450.02
613.797
1423.96
666.112
1101.44
901.804
1123.08
879.924
1167.21
847.084
1191.47
825.844
1196.78
825.891
1035.42
992.722
1039.06
968.443
1015.89
989.15
1022.52
982.791
1020.77
980.103
0.00315015
0.125175
2.16997
14.5554
50.861
82.1758
83.3576
463.835
-61.8023
-883.544
0.168824
3.4672
10.2964
10.9469
39.2028
145.194
257.166
303.482
-787.502
-2778.61
0.151254
0.82644
-9.32334
-19.0549
91.151
300.281
540.195
1122.32
-360.28
-1040.72
0.0369337
-1.53957
-17.6271
-38.7972
29.7667
183.223
299.339
347.713
-1491.83
-1722.27
-0.0454901
-2.56875
-18.0349
-44.8809
-21.9753
89.3441
273.755
586.727
-870.485
-1269.03
-0.0765458
-2.46868
-13.6401
-37.8254
-44.2333
54.2388
399.156
1241.36
-118.364
-486.3
-0.0670931
-1.69517
-7.49259
-23.2718
-43.1822
31.6165
617.877
2080.01
540.4
56.9357
-0.0398725
-0.898091
-3.15422
-11.4225
-32.3275
9.07214
764.997
2862.75
1612.01
956.969
-0.0175489
-0.209919
0.209307
1.30215
-0.403928
13.2618
638.22
2934.34
2717.96
1622.2
-0.00105198
-0.0238118
-0.173578
-0.749972
-1.44968
-0.917827
86.2304
968.92
3350.75
274.348
0.00385943
0.168555
3.41454
34.6236
160.449
290.625
211.186
1498.87
409.174
359.514
0.374032
13.1122
103.952
357.521
491.496
198.742
535.353
414.742
-722.731
622.803
0.82822
21.0058
119.836
337.309
523.003
835.564
669.852
-40.4365
478.127
871.316
0.780105
17.3759
85.7591
254.205
500.173
806.296
687.592
756.981
1511.53
1307.58
0.543756
10.9878
47.0496
150.886
344.566
511.207
387.374
487.034
529.707
1969.44
0.296455
5.20493
16.6023
61.199
174.749
262.379
326.417
361.704
-66.2577
1605.23
0.11641
1.39214
-0.461987
4.8634
51.4646
138.646
330.633
38.1871
-760.362
2140.3
0.031765
-0.0648861
-5.04486
-15.9167
-13.0056
88.8902
502.12
161.635
-1535.78
1852.56
-0.0146925
-0.626401
-3.99246
-13.5637
-29.1807
0.85344
511.214
482.186
-2718.5
1376.16
-0.000330381
-0.0207721
-0.149848
-1.55947
-7.67535
-4.47858
19.4853
782.627
-2818.12
649.719
0.0014868
0.0895297
2.21939
30.7547
197.965
320.607
590.089
-648.79
2428.03
752.005
0.224125
10.361
118.995
607.684
1270.11
359.098
-99.1111
341.759
2132.11
659.214
0.661155
22.9669
187.829
613.447
437.755
-464.849
-189.527
-382.655
1138.18
528.87
0.787735
24.3587
173.393
523.467
536.943
411.938
218.941
-391.707
618.249
-53.7783
0.696017
20.1982
131.901
392.27
471.783
466.806
303.706
-13.2473
233.602
-518.297
0.500485
13.8115
84.0109
261.332
387.053
460.401
524.692
502.884
-37.9371
-1343.24
0.288639
7.45903
40.9923
136.324
245.916
328.599
612.475
829.234
1147.98
-1387.84
0.133799
3.28306
15.8994
58.9402
123.487
199.699
622.397
931.756
2404.13
-1203.21
0.0350451
0.371273
-1.12656
-5.37334
-16.3779
41.4453
385.17
365.265
2156.16
-583.123
0.00139701
0.0315086
0.301175
1.98989
1.66937
-16.3714
11.5386
-503.427
873.839
-1129.03
0.000283305
0.0226547
0.64191
11.3701
96.5933
262.061
716.402
-35.2772
206.221
-259.885
0.0660487
3.73769
56.0541
406.771
1450.61
1716.89
694.097
905.975
1226.58
-63.2974
0.245317
10.9018
122.095
604.753
1117.02
-62.7987
-672.986
-78.3946
1299.77
186.529
0.361453
14.5552
142.687
608.778
948.707
149.187
-215.042
-365.992
1115.83
86.6225
0.395417
15.0681
135.622
530.871
754.959
234.919
135.952
53.6595
925.589
404.57
0.353308
12.8959
108.642
416.541
648.993
478.379
523.375
380.882
764.405
404.801
0.256412
8.97482
71.1146
280.554
515.467
444.233
493.736
192.542
833.214
576.338
0.145208
4.95127
37.4867
160.749
352.83
232.358
422.59
434.07
697.164
909.066
0.0730253
1.86837
9.96508
40.6876
94.0369
26.5229
232.266
642.428
-531.156
663.312
0.0010831
0.0388555
0.251233
3.13776
22.408
2.74853
-127.924
566.418
-394.52
154.178
3.45275e-05
0.00399973
0.115703
2.38636
21.6967
103.498
348.766
-1.72387
-135.64
38.8233
0.012312
0.808239
14.4964
135.639
687.864
1655.66
1507.38
1189.77
452.739
91.0858
0.0561831
3.02089
42.5045
291.749
982.221
1211
712.019
959.887
853.683
116.887
0.10058
5.02362
63.6606
381.674
1085.04
1085.48
634.725
746.829
930.122
282.749
0.134535
6.48415
76.5174
416.76
1034.35
856.985
573.465
771.569
1047.99
-2.40564
0.149296
6.91169
76.2881
389.23
914.521
787.45
614.507
741.718
910.234
374.738
0.134978
6.05019
62.7356
311.708
767.454
730.066
528.573
276.692
784.337
-205.058
0.0938561
4.04561
39.3423
198.457
576.249
546.153
430.96
253.634
322.25
-4.89071
0.0676019
2.44383
19.3022
92.0595
303.854
192.148
151.045
742.025
486.907
-476
-0.000184245
-0.0100633
-0.313442
-3.32977
8.68962
126.384
-232.685
1104.56
652.278
275.656
2.96017e-06
0.000502447
0.0147728
0.295809
3.45229
18.2061
63.4844
-33.8955
-7.72044
-3.31333
0.00169972
0.125333
2.51536
27.9388
174.118
673.817
891.922
528.423
149.698
9.32648
0.00939154
0.587011
9.65515
83.1899
389.908
917.681
964.704
690.706
327.409
33.93
0.0199498
1.19315
18.247
141.404
589.905
1164.1
1096.6
784.95
464.836
27.8909
0.0322088
1.89789
27.6632
197.788
742.911
1211.95
1080.08
861.218
549.033
111.356
0.0437755
2.52295
34.849
230.511
797.63
1146.7
950.191
838.436
579.739
-47.713
0.0491943
2.77622
36.0664
223.496
756.778
1050.62
739.965
423.893
462.197
196.115
0.0423447
2.31998
27.969
165.668
624.866
942.067
561.426
-77.6748
315.424
-116.462
0.0390858
1.90735
19.7709
110.564
455.358
616.85
197.473
-269.55
204.364
269.725
-0.000519868
-0.0421434
-0.536894
-6.10347
-60.2681
135.183
-467.069
-442.271
-561.71
-207.036
1.73543e-07
4.87132e-05
0.00135728
0.0283959
0.416967
1.81349
3.98638
-5.54685
-1.24236
0.0550897
0.000192175
0.0156567
0.334525
4.20251
29.014
152.485
272.631
123.675
28.4951
2.00031
0.00127119
0.0900297
1.64173
16.6081
93.9475
326.041
457.558
227.36
79.651
6.88423
0.00312814
0.219416
3.83213
35.8657
188.747
577.505
693.893
341.794
138.717
12.1943
0.00601362
0.423206
7.2259
63.9572
316.694
817.283
870.711
459.9
194.948
17.5721
0.00971943
0.697967
11.5557
95.194
440.728
973.496
911.418
540.369
229.317
22.967
0.0136389
0.956963
15.1036
115.561
514.186
1033.15
782.264
424.964
229.024
10.0237
0.0138751
1.01138
15.0739
106.81
502.643
1040.69
570.163
190.602
180.712
41.5047
0.0151625
0.994627
13.1727
88.2638
425.727
807.253
62.3549
35.435
27.4287
-31.4294
-0.000210975
-0.0321807
-0.473735
-3.00098
-81.8775
8.03967
-891.816
-36.0871
165.625
9.15028
4.38655e-09
3.97959e-06
0.000106806
0.00210128
0.0389358
0.112715
0.0477892
-0.552596
-0.131693
-0.0041254
1.89801e-05
0.00169312
0.0371632
0.514727
3.68428
23.2515
54.0725
19.4939
4.32843
0.296003
0.000148294
0.0117359
0.228371
2.61063
16.3229
74.0051
130.352
50.5766
15.6704
1.25398
0.000413628
0.0336675
0.646106
6.98974
41.9507
177.779
258.971
99.3304
32.9341
2.58427
0.000926398
0.0775469
1.48954
15.5859
92.0594
342.975
424.645
168.76
54.7064
4.4055
0.00172834
0.156054
2.98999
29.5278
168.829
543.09
570.638
250.003
78.5499
5.53655
0.00295248
0.263303
4.90623
45.4129
253.319
725.909
613.803
260.448
99.72
7.80172
0.00333809
0.347362
6.3108
53.3828
306.762
842.399
518.564
189.366
96.5103
8.86102
0.00414039
0.389447
6.38015
50.1046
285.402
668.735
134.623
62.1216
38.3166
3.97476
-5.84064e-06
-0.0138922
-0.269779
-0.708608
-39.3234
-46.814
-291.537
2.21734
-7.9416
0.186507
-6.80968e-10
3.08746e-07
7.19723e-06
0.000117452
0.00287359
0.00290544
-0.0137025
-0.0487887
-0.0150098
-0.00061053
1.70486e-06
0.000166276
0.00363622
0.0548136
0.389269
2.7576
7.98777
2.46448
0.634456
0.0451514
1.5543e-05
0.00136545
0.0275237
0.347909
2.26989
12.5124
26.8804
8.93523
2.86722
0.226462
4.8355e-05
0.00454628
0.0929399
1.13307
7.2146
39.5516
68.6091
22.5167
7.06924
0.527649
0.000123545
0.0123384
0.258169
3.09662
20.0621
101.984
147.213
48.144
13.6443
1.0139
0.000257267
0.029752
0.641352
7.34613
47.7259
216.216
259.282
91.1864
24.3136
1.49157
0.000511688
0.0607071
1.30659
14.1622
92.3886
373.282
363.279
125.336
39.5296
2.81909
0.000568681
0.0956014
2.11279
20.8526
140.033
514.72
390.31
129.28
48.3359
3.62374
0.000708034
0.115317
2.36255
21.2685
143.715
428.125
173.654
62.5879
21.5677
1.91954
2.81277e-05
-0.00415183
-0.111751
-0.162634
-10.1666
-6.17091
-45.7716
2.93922
1.85268
0.14615
-1.36186e-10
2.13099e-08
3.98041e-07
3.9992e-06
0.000168714
-0.000315442
-0.00209947
-0.00414858
-0.00173949
-9.06704e-05
1.41761e-07
1.51753e-05
0.000322614
0.0052828
0.0358773
0.278635
0.962354
0.276975
0.0967457
0.00688472
1.49101e-06
0.000145443
0.00296788
0.0410798
0.268626
1.71954
4.42326
1.36546
0.518669
0.0402835
5.08812e-06
0.000555113
0.01179
0.160175
1.02679
6.92375
14.2421
4.33168
1.45701
0.104661
1.44784e-05
0.00175139
0.0388508
0.526352
3.50047
23.0277
39.3269
11.4179
3.19593
0.22434
3.20343e-05
0.0049702
0.117488
1.53411
10.5003
64.1711
89.9425
27.5053
7.03122
0.392974
7.02521e-05
0.0120957
0.293417
3.63945
25.7179
142.543
165.563
49.4963
14.3726
0.931286
5.19549e-05
0.0222099
0.588657
6.57613
48.3813
238.129
224.717
69.9775
22.178
1.41588
3.9895e-05
0.0286887
0.738592
7.26462
55.7462
221.28
139.977
45.6465
11.9458
0.819723
1.28093e-05
-0.000829013
-0.0315933
-0.0306972
-1.68537
7.13299
-1.86937
2.91441
0.839373
0.041683
-1.53866e-11
1.38169e-09
1.97905e-08
-5.93071e-08
7.87582e-06
-5.98029e-05
-0.000231091
-0.000346941
-0.000201197
-1.2332e-05
1.11475e-08
1.31667e-06
2.67019e-05
0.000475649
0.00297775
0.0255669
0.101051
0.0295477
0.0154516
0.00103578
1.33969e-07
1.45572e-05
0.000295288
0.00445112
0.0282692
0.204514
0.620442
0.192106
0.0948369
0.00700457
4.95549e-07
6.32347e-05
0.00136647
0.02054
0.127383
1.01723
2.48426
0.756257
0.298777
0.0202562
1.53496e-06
0.000229947
0.00529773
0.0802002
0.51935
4.19493
8.64968
2.41406
0.739405
0.0485177
3.35375e-06
0.000754614
0.0192712
0.283796
1.91465
14.9574
25.3185
7.33935
1.9958
0.102192
7.06858e-06
0.00212474
0.0582305
0.819573
5.81282
42.4544
60.8464
17.1345
5.00261
0.290984
-6.47023e-06
0.0042271
0.140554
1.79182
13.4176
86.2885
103.193
32.3991
9.43552
0.516698
-2.47621e-05
0.00542562
0.192424
2.14178
17.3588
93.2364
82.5277
26.3902
5.88542
0.30548
3.43367e-06
-0.000111048
-0.00759005
-0.00786759
-0.1933
4.18592
3.09092
1.46161
0.264365
0.00651246
-1.4541e-12
6.81172e-11
4.97728e-10
-3.2758e-08
2.46283e-07
-6.5557e-06
-2.38051e-05
-2.93072e-05
-2.36535e-05
-1.57244e-06
8.28348e-10
1.08136e-07
2.0646e-06
4.04508e-05
0.000226837
0.00222342
0.00962799
0.00307724
0.00247624
0.000150088
1.12685e-08
1.36971e-06
2.72268e-05
0.000448652
0.00272205
0.0220454
0.0771407
0.0255996
0.0171644
0.00116907
4.45724e-08
6.72899e-06
0.000145116
0.00242313
0.0142807
0.13197
0.379493
0.123258
0.0604465
0.00377029
1.46394e-07
2.79963e-05
0.000653381
0.0110878
0.068371
0.653101
1.62938
0.465173
0.167944
0.0101481
2.74805e-07
0.000105438
0.00282702
0.0470571
0.304021
2.88436
6.02044
1.76488
0.548043
0.0256253
3.40813e-07
0.000343352
0.0103205
0.164206
1.12231
10.3888
18.6106
5.21097
1.62433
0.085321
-4.11021e-06
0.000728281
0.0303246
0.432228
3.16619
25.76
39.4009
13.1023
3.78585
0.177458
-1.11493e-05
0.000890865
0.0471713
0.575713
4.63163
33.1878
39.918
14.0283
3.10025
0.108245
6.15751e-07
-5.65408e-06
-0.00129899
0.000130658
-0.00988593
1.41887
1.86825
0.707838
0.102271
-0.000969707
-1.20783e-13
3.39782e-12
3.36238e-12
-3.94966e-09
3.70758e-10
-6.27751e-07
-2.26369e-06
-2.46754e-06
-2.57939e-06
-1.88183e-07
5.95978e-11
8.6239e-09
1.54493e-07
3.32956e-06
1.62296e-05
0.000189873
0.000864977
0.000325257
0.000392547
2.08447e-05
9.08121e-10
1.23929e-07
2.40459e-06
4.32681e-05
0.000247114
0.00224971
0.00886783
0.00338068
0.00307333
0.000186387
3.79199e-09
6.85498e-07
1.46771e-05
0.000271818
0.00150341
0.0158812
0.0532218
0.0197895
0.0122312
0.000673064
1.25357e-08
3.23354e-06
7.64912e-05
0.001452
0.00840399
0.0922155
0.278291
0.0882483
0.0391136
0.00205179
1.16794e-08
1.36412e-05
0.000387234
0.0073585
0.0446783
0.495024
1.28937
0.417097
0.153449
0.00617287
-7.3521e-08
4.83684e-05
0.00165444
0.0308584
0.197486
2.22477
5.04574
1.54465
0.527546
0.0233309
-1.15052e-06
9.18124e-05
0.00558982
0.0969247
0.67408
6.79596
13.3038
4.88406
1.40736
0.0546192
-2.90957e-06
7.41246e-05
0.00940452
0.144566
1.10358
10.4172
16.7233
6.18819
1.34297
0.0303469
7.73362e-08
1.74082e-06
-0.00024168
0.000130581
0.00107861
0.365595
0.647485
0.180208
0.010275
-0.000780435
-8.83698e-15
6.91704e-14
-3.92323e-12
-4.17936e-10
-8.1558e-10
-5.70162e-08
-2.18186e-07
-2.20142e-07
-2.87176e-07
-2.10459e-08
4.0247e-12
6.48561e-10
1.07632e-08
2.61475e-07
1.09723e-06
1.61018e-05
7.38766e-05
3.40146e-05
5.87119e-05
2.72661e-06
6.8803e-11
1.06366e-08
1.98725e-07
3.94708e-06
2.13265e-05
0.000221785
0.000949347
0.000429938
0.000522357
2.80524e-05
3.03496e-10
6.63817e-08
1.3825e-06
2.85983e-05
0.000150156
0.00180981
0.00685852
0.00301632
0.00236206
0.000114053
9.88558e-10
3.56029e-07
8.29755e-06
0.000175948
0.000976576
0.0120389
0.0429429
0.0154131
0.00858784
0.000396645
-8.73374e-10
1.7085e-06
4.97018e-05
0.00105756
0.00618201
0.077457
0.247628
0.0898359
0.0396358
0.00141173
-2.4118e-08
6.87707e-06
0.000259673
0.00534884
0.0329098
0.426676
1.21784
0.406928
0.156855
0.00608701
-2.37063e-07
1.16746e-05
0.00107075
0.020261
0.136848
1.61477
4.01734
1.68728
0.512666
0.0163556
-5.82928e-07
-2.19166e-06
0.0020401
0.0347234
0.25389
2.97543
6.27645
2.76443
0.649951
0.00798851
5.60316e-09
5.48127e-07
-2.84241e-05
9.8e-05
0.000576032
0.0830569
0.194842
0.0741324
0.00661064
-0.000336217
-5.92799e-16
5.17315e-15
-1.5712e-13
-3.28332e-11
-8.39238e-11
-4.63304e-09
-1.77826e-08
-1.79876e-08
-2.81347e-08
-2.24634e-09
2.57115e-13
4.80861e-11
7.54937e-10
2.06182e-08
7.27115e-08
1.38468e-06
6.30085e-06
3.80792e-06
8.63973e-06
3.34365e-07
4.76848e-12
8.72752e-10
1.58909e-08
3.57085e-07
1.80409e-06
2.19443e-05
9.9599e-05
5.7527e-05
8.73971e-05
3.92575e-06
2.06951e-11
6.06533e-09
1.23249e-07
2.97394e-06
1.47088e-05
0.000205217
0.000861181
0.000480223
0.000452895
1.78854e-05
4.64775e-11
3.61534e-08
8.30873e-07
2.10663e-05
0.000111157
0.00155342
0.00643638
0.00294328
0.00198901
7.03398e-05
-4.69271e-10
1.86263e-07
5.47641e-06
0.000148696
0.00083251
0.0118656
0.0456544
0.0208332
0.0107043
0.000287273
-5.34159e-09
7.20081e-07
3.11267e-05
0.000886324
0.00521134
0.0788494
0.27659
0.11374
0.0478161
0.00136397
-3.77829e-08
1.3255e-07
0.000137556
0.00393856
0.0259551
0.365401
1.1226
0.54211
0.167632
0.00379204
-7.56548e-08
-4.71779e-06
0.000281943
0.00768095
0.0544186
0.798621
2.14446
0.983345
0.230262
0.000642492
-6.34349e-10
1.72443e-07
-5.44012e-06
1.70629e-05
9.61743e-05
0.0164936
0.0464671
0.00429081
-0.00324559
-2.58315e-05
-2.98685e-17
8.4214e-16
-2.0544e-14
-2.83048e-12
-6.71472e-12
-3.87258e-10
-1.49495e-09
-1.62113e-09
-2.40599e-09
-1.98977e-10
1.50397e-14
3.37465e-12
4.7822e-11
1.51736e-09
4.60062e-09
1.17354e-07
5.12317e-07
3.96673e-07
1.17239e-06
3.91332e-08
3.15231e-13
7.05194e-11
1.2482e-09
3.05327e-08
1.48774e-07
2.12196e-06
9.8598e-06
7.03647e-06
1.36484e-05
5.26371e-07
1.3934e-12
5.54734e-10
1.12091e-08
2.91325e-07
1.41265e-06
2.246e-05
0.000100433
6.88018e-05
8.04532e-05
2.72843e-06
1.18389e-12
3.7485e-09
8.89263e-08
2.35545e-06
1.25168e-05
0.000190946
0.000886714
0.000470856
0.000396406
1.21522e-05
-7.77939e-11
2.21268e-08
7.16021e-07
1.96818e-05
0.000112852
0.00171863
0.00773835
0.00408596
0.00246859
5.7725e-05
-8.92147e-10
9.98175e-08
5.17751e-06
0.000141478
0.000852945
0.0137478
0.0585432
0.026912
0.0127413
0.000303805
-5.4324e-09
-6.53673e-08
2.81e-05
0.000760962
0.0051498
0.0785366
0.297691
0.169866
0.0562008
0.000879304
-5.41435e-09
-1.41994e-06
5.97847e-05
0.00169746
0.0121706
0.203942
0.688742
0.389816
0.101894
-0.000354738
-2.02031e-10
1.84286e-08
-4.20361e-07
1.2315e-06
-4.43814e-06
0.00270264
0.00860685
0.00330489
0.000268797
-8.12697e-06
-1.36623e-18
8.71337e-17
1.39377e-15
-9.78476e-14
-2.79435e-13
-2.4635e-11
-7.24096e-11
-7.06963e-11
-1.57773e-10
-1.59697e-11
5.63864e-16
2.21519e-13
2.43873e-12
1.23743e-10
2.99209e-10
1.09143e-08
4.71645e-08
5.27316e-08
1.54239e-07
3.76309e-09
1.19458e-14
4.92809e-12
6.61857e-11
2.70896e-09
1.20891e-08
2.21123e-07
1.04414e-06
1.05412e-06
2.07492e-06
5.78021e-08
3.53611e-15
4.36635e-11
5.70527e-10
2.92081e-08
1.30277e-07
2.6214e-06
1.23768e-05
1.1846e-05
1.45942e-05
3.27061e-07
-8.76881e-13
3.31421e-10
4.36372e-09
2.68164e-07
1.34411e-06
2.51084e-05
0.000128868
0.000104525
9.40116e-05
1.54768e-06
-1.47762e-11
2.05361e-09
3.05592e-08
2.56482e-06
1.42892e-05
0.000262427
0.00135302
0.00102451
0.000663451
7.59964e-06
-1.31195e-10
6.96874e-09
2.15758e-07
2.10954e-05
0.000127585
0.00244801
0.0120815
0.00765241
0.00372765
4.02172e-05
-4.64028e-10
-4.31572e-08
1.19303e-06
0.000129278
0.00092788
0.0167727
0.0737214
0.0480963
0.0157097
6.98857e-05
1.22468e-09
-2.77693e-07
2.8201e-06
0.000324726
0.00248966
0.0505759
0.20174
0.114875
0.0277686
-0.000402503
-6.61164e-11
5.23762e-09
-5.82386e-08
-2.67327e-07
-7.77191e-06
0.000342165
0.00139098
-0.00127098
-0.000617497
1.32304e-05
-6.55512e-20
1.9584e-17
2.92611e-17
-1.39654e-14
-2.90245e-14
-2.3969e-12
-8.38384e-12
-1.03301e-11
2.45459e-11
-6.3799e-13
9.28158e-18
1.62274e-14
1.83356e-13
8.92012e-12
2.11738e-11
9.55505e-10
3.81297e-09
5.16076e-09
2.12806e-08
3.73405e-10
1.53803e-16
4.07631e-13
7.04842e-12
2.37192e-10
1.09506e-09
2.27562e-08
1.05294e-07
1.21391e-07
3.10035e-07
6.45821e-09
-7.00542e-15
3.98703e-12
7.60539e-11
2.94165e-09
1.37673e-08
3.0726e-07
1.46434e-06
1.58713e-06
2.37923e-06
3.94884e-08
-1.52054e-13
3.38114e-11
7.34559e-10
3.11831e-08
1.6649e-07
3.37087e-06
1.81939e-05
1.54617e-05
1.6297e-05
1.93869e-07
-2.12452e-12
2.41729e-10
6.76546e-09
3.51408e-07
2.08875e-06
4.13962e-05
0.000236173
0.000191034
0.000132956
8.28489e-07
-1.89278e-11
1.04777e-09
5.79998e-08
3.38248e-06
2.17672e-05
0.000449684
0.00255627
0.00181247
0.000897018
3.06608e-06
-7.72151e-12
-7.71443e-09
3.11368e-07
2.36588e-05
0.00018156
0.00362065
0.018752
0.0144662
0.00489787
-2.7623e-05
6.79832e-10
-5.63826e-08
4.27407e-07
6.44666e-05
0.000535258
0.0123053
0.0580228
0.0396286
0.0107954
-0.000251793
-5.06915e-13
-1.83169e-11
2.56032e-09
-4.24597e-07
-4.90338e-06
-3.36946e-05
-0.000326191
-0.000380148
5.23214e-05
-7.83235e-07
-2.79297e-20
2.8383e-18
-1.89765e-16
3.7064e-15
7.50337e-17
3.11947e-13
2.53138e-12
5.83164e-12
3.9732e-13
-6.08878e-15
-1.0497e-17
1.93603e-15
-3.40909e-14
8.73639e-13
1.06218e-12
1.15038e-10
5.14455e-10
1.15012e-09
2.38481e-09
8.70496e-12
-2.90457e-16
5.04527e-14
-5.90076e-13
2.10082e-11
8.24432e-11
2.76656e-09
1.29293e-08
2.55236e-08
4.72164e-08
1.41084e-10
-4.71078e-15
6.72965e-13
-8.12942e-12
2.89278e-10
1.21604e-09
4.1087e-08
2.01958e-07
3.60122e-07
4.81153e-07
-1.01924e-09
-6.04971e-14
7.42887e-12
-9.60301e-11
3.49374e-09
1.83832e-08
5.20711e-07
2.94313e-06
4.285e-06
4.27201e-06
-2.64157e-08
-6.33933e-13
6.85647e-11
-1.13609e-09
4.45013e-08
2.79644e-07
7.40824e-06
4.42023e-05
5.05692e-05
3.46303e-05
-3.06775e-07
-4.72681e-12
4.4669e-10
-1.04586e-08
4.85381e-07
3.47449e-06
9.12396e-05
0.000544474
0.000482216
0.000223046
-2.50484e-06
-1.12969e-11
1.38297e-09
-7.91444e-08
3.66702e-06
3.22095e-05
0.000815703
0.00452353
0.00358043
0.00106405
-2.0384e-05
6.28216e-11
8.14836e-10
-2.73688e-07
1.04671e-05
9.99361e-05
0.00294978
0.0151965
0.0100557
0.00222012
-8.43381e-05
3.047e-12
-1.6899e-10
5.38551e-09
-1.01594e-07
-1.82187e-06
-5.19948e-05
-0.000240646
-0.000185694
-3.00646e-05
2.91427e-07
-2.6198e-20
7.43647e-19
-3.00525e-18
1.6415e-16
5.74601e-16
1.23325e-13
1.14552e-13
-2.57064e-13
2.75829e-12
-1.4169e-13
-2.97365e-18
1.66605e-16
-1.96586e-15
9.82176e-14
1.58744e-13
1.88068e-11
7.59396e-11
1.2815e-10
4.03664e-10
-9.01375e-12
-7.17271e-17
4.78283e-15
-4.96741e-14
2.80624e-12
1.00143e-11
4.95427e-10
2.57872e-09
4.83131e-09
8.57705e-09
-1.51952e-10
-1.07547e-15
6.9065e-14
-1.12253e-12
4.41027e-11
1.74054e-10
8.53123e-09
5.13748e-08
9.11884e-08
9.4834e-08
-1.9207e-09
-1.43435e-14
8.83884e-13
-1.98058e-11
6.02144e-10
3.14262e-09
1.30711e-07
8.99792e-07
1.42958e-06
9.69365e-07
-2.19882e-08
-1.68174e-13
9.96691e-12
-2.87477e-10
7.86843e-09
5.25986e-08
1.99587e-06
1.37948e-05
1.86017e-05
9.00051e-06
-2.24704e-07
-1.48922e-12
8.41868e-11
-2.99331e-09
8.41356e-08
6.9388e-07
2.46493e-05
0.000161818
0.000178007
6.57456e-05
-1.81633e-06
-7.81142e-12
4.41434e-10
-2.19267e-08
6.05424e-07
6.22697e-06
0.000210698
0.00125898
0.00115662
0.000328636
-1.20023e-05
-1.47108e-11
1.16803e-09
-7.00426e-08
1.68419e-06
1.86785e-05
0.000732318
0.00405425
0.00292644
0.00067395
-4.25894e-05
1.29098e-12
-8.31123e-11
2.31517e-09
-2.96663e-08
-4.86963e-07
-2.62048e-05
-0.000141445
-0.000102421
1.43071e-05
-2.68983e-06
1.03658e-21
5.60145e-19
-6.49535e-18
1.06945e-16
-4.50934e-16
7.65635e-14
1.23053e-13
4.48307e-13
2.84887e-12
1.5945e-14
1.75846e-19
2.99191e-17
-5.9763e-16
2.21476e-14
-1.68062e-15
6.33016e-12
2.46967e-11
4.32273e-11
1.2155e-10
1.47267e-12
2.35542e-18
5.99352e-16
-1.62782e-14
7.091e-13
1.17459e-12
1.63843e-10
9.867e-10
1.62582e-09
1.85067e-09
1.71e-11
2.33588e-17
8.43344e-15
-3.60626e-13
1.24936e-11
2.79301e-11
2.97894e-09
2.23788e-08
3.33284e-08
2.01224e-08
1.35253e-10
1.92577e-16
1.06396e-13
-6.30343e-12
1.8591e-10
6.64758e-10
4.78506e-08
4.05207e-07
5.55131e-07
2.09215e-07
1.01459e-09
1.13219e-15
1.1839e-12
-8.59825e-11
2.40422e-09
1.23428e-08
6.97128e-07
5.83835e-06
7.20812e-06
2.01544e-06
6.93921e-09
4.56978e-17
9.78421e-12
-8.32826e-10
2.42415e-08
1.65725e-07
7.94243e-06
6.23421e-05
6.7352e-05
1.6111e-05
5.43813e-08
4.94002e-14
6.22348e-11
-5.6797e-09
1.56778e-07
1.35889e-06
6.14934e-05
0.000432448
0.000397893
8.51592e-05
1.02536e-07
1.48402e-12
3.03608e-10
-1.76876e-08
3.81436e-07
3.57767e-06
0.000197249
0.00125128
0.000906661
0.000182105
-3.52595e-06
3.75946e-13
-1.84517e-11
5.6163e-10
-8.91395e-09
-5.45245e-08
-9.93377e-06
-5.72526e-05
-1.41761e-05
9.4574e-06
-5.00599e-07
1.9527e-21
1.7052e-19
-1.60793e-18
4.01341e-17
-3.34615e-16
2.83534e-14
5.19161e-14
3.21066e-13
1.65635e-12
3.61652e-14
1.67136e-19
8.25145e-18
-4.47166e-17
6.913e-15
-1.58645e-14
2.50525e-12
9.2081e-12
1.93701e-11
6.35908e-11
2.09364e-12
2.81324e-18
1.56966e-16
8.43807e-17
2.45778e-13
-4.16726e-14
6.70556e-11
4.25073e-10
7.10083e-10
8.4519e-10
2.5861e-11
3.0934e-17
1.71689e-15
-1.86297e-14
4.60252e-12
2.73692e-12
1.22993e-09
1.03176e-08
1.49149e-08
9.1464e-09
2.59033e-10
2.71389e-16
1.36578e-14
-5.7883e-13
7.15061e-11
1.47707e-10
1.96045e-08
1.92e-07
2.59179e-07
9.64621e-08
2.55443e-09
1.65054e-15
6.28598e-14
-1.00369e-11
9.19634e-10
3.38682e-09
2.74955e-07
2.72291e-06
3.43805e-06
9.49917e-07
2.39574e-08
3.4076e-15
-1.25629e-13
-1.06053e-10
8.89649e-09
4.81181e-08
2.97262e-06
2.78145e-05
3.20601e-05
7.91451e-06
2.08451e-07
-8.50049e-14
-5.24325e-12
-8.93256e-10
5.32274e-08
3.69848e-07
2.16327e-05
0.000180147
0.000179538
4.26501e-05
1.16051e-06
3.82805e-13
1.48229e-11
-3.59497e-09
1.14066e-07
8.09894e-07
6.4885e-05
0.000475196
0.000373443
9.08437e-05
1.90974e-06
1.14429e-13
-5.23073e-12
1.2024e-10
-2.71781e-09
1.19468e-08
-3.32902e-06
-1.95102e-05
1.30486e-07
5.06363e-06
3.3274e-09
7.39562e-22
7.37505e-20
-1.28976e-18
1.9106e-17
-2.17899e-16
9.94996e-15
2.54663e-14
1.92502e-13
5.37361e-13
1.4296e-14
5.65098e-20
3.24817e-18
-5.7969e-17
2.23596e-15
-1.5005e-14
9.06264e-13
3.27019e-12
9.52061e-12
2.35348e-11
7.72257e-13
8.37782e-19
4.8462e-17
-1.04011e-15
8.02729e-14
-3.11065e-13
2.49739e-11
1.59046e-10
2.81906e-10
2.90687e-10
9.10296e-12
9.77018e-18
6.01036e-16
-2.26934e-14
1.53692e-12
-4.46694e-12
4.55925e-10
4.00755e-09
5.60343e-09
3.03619e-09
9.06194e-11
9.613e-17
6.1673e-15
-4.11719e-13
2.44234e-11
-2.78502e-11
7.16016e-09
7.71526e-08
9.65222e-08
3.01203e-08
8.66486e-10
7.65374e-16
5.12919e-14
-5.81845e-12
3.15315e-10
2.1511e-10
9.79763e-08
1.11175e-06
1.29106e-06
2.81464e-07
7.84788e-09
3.94836e-15
2.57186e-13
-5.62327e-11
3.00707e-09
7.60678e-09
1.02745e-06
1.13269e-05
1.23662e-05
2.34368e-06
6.85e-08
-4.43605e-15
1.77208e-12
-4.40168e-10
1.71984e-08
6.06059e-08
7.26585e-06
7.15329e-05
6.92076e-05
1.3145e-05
4.08366e-07
3.93511e-13
3.67127e-11
-1.62347e-09
3.39741e-08
5.68596e-08
2.10024e-05
0.000178747
0.00014113
2.92105e-05
1.00956e-06
4.3421e-14
-2.15039e-12
4.96962e-11
-1.11481e-09
1.92687e-08
-1.01963e-06
-4.44466e-06
3.62154e-06
1.83469e-06
5.2182e-08
2.38005e-22
1.64706e-20
-3.50693e-19
8.47547e-18
-1.14943e-16
3.60292e-15
1.12134e-14
9.10494e-14
1.87698e-13
6.46961e-15
1.91228e-20
8.11118e-19
-6.9097e-18
7.3497e-16
-8.45083e-15
3.24177e-13
1.14402e-12
4.31641e-12
1.01561e-11
3.78248e-13
3.15567e-19
1.49147e-17
1.61423e-16
2.59048e-14
-2.14773e-13
8.97665e-12
5.6928e-11
1.14331e-10
1.28772e-10
4.73768e-12
4.12994e-18
2.0846e-16
2.95039e-15
4.99351e-13
-3.54748e-12
1.58146e-10
1.46381e-09
2.22196e-09
1.36673e-09
4.85273e-11
4.85678e-17
2.54761e-15
4.39444e-14
8.1535e-12
-3.95174e-11
2.38245e-09
2.93038e-08
3.83422e-08
1.3613e-08
4.68709e-10
4.80531e-16
2.55386e-14
4.77102e-13
1.07403e-10
-2.84975e-10
3.15046e-08
4.3553e-07
5.21954e-07
1.28279e-07
4.25876e-09
4.55774e-15
2.07377e-13
4.26115e-12
1.02938e-09
-5.99356e-10
3.22463e-07
4.50804e-06
5.19734e-06
1.09434e-06
3.74706e-08
-2.33578e-15
-6.61699e-14
-2.88308e-11
5.77806e-09
-8.66634e-10
2.27413e-06
2.83771e-05
2.98243e-05
6.42439e-06
2.27393e-07
1.3458e-13
5.6188e-12
-3.53446e-10
1.08963e-08
-4.57271e-08
6.54097e-06
6.87791e-05
6.0256e-05
1.445e-05
6.81838e-07
1.999e-14
-8.36928e-13
1.72336e-11
-4.51801e-10
9.67272e-09
-3.01615e-07
-1.08726e-06
1.48045e-06
7.81136e-07
3.82963e-08
1.26841e-22
1.06034e-20
-2.1882e-19
3.87954e-18
-6.24484e-17
1.35966e-15
4.49203e-15
3.47666e-14
5.499e-14
2.44946e-15
9.02675e-21
5.31717e-19
-1.00198e-17
2.85226e-16
-4.62312e-15
1.16882e-13
3.96235e-13
1.83616e-12
3.54702e-12
1.43478e-13
1.31434e-19
7.35935e-18
-1.25548e-16
9.15243e-15
-1.25995e-13
3.20317e-12
1.95537e-11
4.45497e-11
4.61401e-11
1.80717e-12
1.63722e-18
9.36015e-17
-1.76269e-15
1.72241e-13
-2.15601e-12
5.37168e-11
5.08766e-10
8.35757e-10
4.76174e-10
1.83077e-11
1.79349e-17
1.01009e-15
-2.09969e-14
2.79508e-12
-2.73373e-11
7.58148e-10
1.05681e-08
1.40497e-08
4.43787e-09
1.70455e-10
1.71743e-16
9.59406e-15
-2.32697e-13
3.70346e-11
-2.6195e-10
9.44387e-09
1.63473e-07
1.90223e-07
3.87566e-08
1.48783e-09
1.49968e-15
6.41934e-14
-1.57886e-12
3.57151e-10
-1.64412e-09
9.26671e-08
1.75207e-06
1.97202e-06
3.13439e-07
1.23604e-08
1.25465e-15
4.02138e-13
-3.20489e-11
2.02932e-09
-9.96866e-09
6.64197e-07
1.12504e-05
1.18772e-05
1.91804e-06
7.72123e-08
1.04873e-13
8.00982e-12
-2.05153e-10
4.07625e-09
-4.5425e-08
1.98222e-06
2.70462e-05
2.47323e-05
4.76302e-06
2.9244e-07
6.69574e-15
-9.94841e-13
1.70355e-11
-2.7696e-10
4.79315e-09
-9.3784e-08
-2.0634e-07
9.05493e-07
3.11521e-07
2.21377e-08
4.35841e-23
2.69481e-21
-5.81677e-20
1.68147e-18
-3.03857e-17
5.08175e-16
1.66617e-15
1.45814e-14
2.06744e-14
1.07849e-15
3.20725e-21
1.40539e-19
-2.28743e-18
1.04665e-16
-2.24916e-15
4.265e-14
1.30409e-13
7.84506e-13
1.51797e-12
6.51272e-14
4.90156e-20
2.13517e-18
4.60335e-18
3.06272e-15
-6.3827e-14
1.15066e-12
6.54122e-12
1.77906e-11
2.10662e-11
8.71537e-13
6.4214e-19
3.01811e-17
4.0371e-16
5.64719e-14
-1.10327e-12
1.80111e-11
1.72556e-10
3.29402e-10
2.19406e-10
8.91208e-12
7.95738e-18
4.11732e-16
1.14141e-14
9.26893e-13
-1.45669e-11
2.24301e-10
3.7662e-09
5.52426e-09
2.05909e-09
8.32532e-11
9.09366e-17
5.20763e-15
1.94756e-13
1.26467e-11
-1.48165e-10
2.38711e-09
6.1334e-08
7.57234e-08
1.81336e-08
7.27047e-10
1.14548e-15
6.03928e-14
2.48207e-12
1.25762e-10
-1.03117e-09
2.02232e-08
6.89005e-07
8.26167e-07
1.48077e-07
5.94248e-09
2.17042e-15
1.88826e-13
5.95557e-12
7.33223e-10
-6.42553e-09
1.50846e-07
4.55255e-06
5.31518e-06
9.56705e-07
3.74867e-08
4.2799e-14
1.99053e-12
-4.45319e-11
1.56299e-09
-2.49181e-08
5.15136e-07
1.09513e-05
1.14515e-05
2.4866e-06
1.52871e-07
6.01154e-15
-4.05808e-13
6.39158e-12
-1.28353e-10
2.11432e-09
-3.05563e-08
-6.00056e-08
3.62242e-07
1.39489e-07
1.04461e-08
4.40114e-23
1.84874e-21
-3.41233e-20
8.14751e-19
-1.5969e-17
2.04423e-16
6.10412e-16
5.69806e-15
6.88098e-15
5.16359e-16
2.90747e-21
1.17863e-19
-2.14091e-18
4.98084e-17
-1.1388e-15
1.61339e-14
4.35876e-14
3.4205e-13
5.77307e-13
3.21078e-14
4.0923e-20
1.52996e-18
-2.40212e-17
1.25677e-15
-3.21381e-14
4.2174e-13
2.17272e-12
7.49944e-12
8.55559e-12
4.44372e-13
4.70534e-19
1.67671e-17
-2.19261e-16
2.16711e-14
-5.48491e-13
6.11943e-12
5.75275e-11
1.34822e-10
8.75163e-11
4.49174e-12
4.6907e-18
1.43029e-16
-4.62602e-16
3.39276e-13
-7.28651e-12
6.28236e-11
1.31718e-09
2.20582e-09
7.77873e-10
4.04232e-11
4.16852e-17
1.00402e-15
2.00642e-14
4.58684e-12
-7.43249e-11
4.32022e-10
2.27065e-08
2.98747e-08
6.31159e-09
3.38328e-10
3.11531e-16
2.21108e-15
5.59009e-13
4.59209e-11
-5.11683e-10
1.11824e-09
2.70075e-07
3.3401e-07
4.59855e-08
2.50219e-09
-8.20739e-17
9.51602e-15
-3.07602e-13
2.82723e-10
-3.15808e-09
1.02912e-08
1.8704e-06
2.30935e-06
2.97566e-07
1.60296e-08
3.57862e-14
1.69188e-12
-3.03707e-11
6.98583e-10
-1.19617e-08
9.04582e-08
4.58788e-06
5.31869e-06
8.97035e-07
7.58311e-08
-1.88191e-15
-3.88112e-13
5.22844e-12
-7.20536e-11
9.93051e-10
-1.04738e-08
-1.43765e-08
2.142e-07
6.40859e-08
6.64606e-09
1.75131e-23
5.25908e-22
-6.27702e-21
3.34032e-19
-8.23555e-18
8.71281e-17
1.68755e-16
2.55978e-15
3.19127e-15
3.25152e-16
1.11258e-21
3.4705e-20
-5.34255e-19
1.83443e-17
-5.70864e-16
6.54597e-15
1.15559e-14
1.49912e-13
2.68273e-13
1.93522e-14
9.7649e-21
4.39724e-19
-2.01646e-18
3.93687e-16
-1.58675e-14
1.62281e-13
6.82236e-13
3.17062e-12
4.21436e-12
2.82048e-13
5.04257e-20
4.90014e-18
4.58663e-17
6.43657e-15
-2.66097e-13
2.13382e-12
1.86104e-11
5.70704e-11
4.4024e-11
2.90595e-12
-4.79195e-19
5.22709e-17
2.02731e-15
1.00384e-13
-3.51398e-12
1.44658e-11
4.58634e-10
9.43344e-10
4.04973e-10
2.67665e-11
-6.47521e-18
7.21004e-16
4.36262e-14
1.44495e-12
-3.47926e-11
-7.41549e-11
8.48201e-09
1.30179e-08
3.4072e-09
2.27633e-10
1.16284e-16
1.1637e-14
6.97956e-13
1.56887e-11
-2.19037e-10
-3.2419e-09
1.07204e-07
1.51673e-07
2.56735e-08
1.6661e-09
9.33438e-16
5.92316e-14
3.43511e-12
1.04343e-10
-1.26401e-09
-2.43567e-08
7.76638e-07
1.13302e-06
1.75979e-07
1.12491e-08
2.44941e-14
5.88051e-13
-3.66867e-12
2.81702e-10
-4.94541e-09
-3.13431e-08
1.9465e-06
2.73889e-06
5.48455e-07
5.08172e-08
-6.61824e-16
-1.52888e-13
1.73575e-12
-3.35067e-11
4.4944e-10
-3.3886e-09
-9.14294e-09
9.56337e-08
3.53819e-08
4.07439e-09
4.14285e-23
2.86109e-22
3.61805e-21
1.55263e-19
-4.60361e-18
4.03064e-17
1.859e-17
1.08894e-15
1.20615e-15
2.08976e-16
2.52865e-21
2.36672e-20
-4.61164e-20
9.08252e-18
-3.02321e-16
2.82385e-15
1.35357e-15
6.85625e-14
1.18466e-13
1.37238e-14
5.54563e-20
4.72818e-19
4.50905e-18
1.51433e-16
-8.02263e-15
6.55428e-14
1.83328e-13
1.46369e-12
2.01891e-12
2.10923e-13
8.43595e-19
6.88221e-18
1.11655e-16
2.1234e-15
-1.30097e-13
7.74702e-13
5.5534e-12
2.63795e-11
2.1231e-11
2.1611e-12
1.20088e-17
9.36081e-17
2.27447e-15
3.03512e-14
-1.66769e-12
1.79144e-12
1.54693e-10
4.34448e-10
1.92415e-10
1.91247e-11
1.26492e-16
9.56548e-16
3.45158e-14
4.5511e-13
-1.52062e-11
-1.38107e-10
3.14513e-09
5.98581e-09
1.54938e-09
1.526e-10
7.42622e-16
5.51369e-15
4.10611e-13
5.32717e-12
-7.17359e-11
-3.09831e-09
4.27659e-08
7.02992e-08
1.05712e-08
9.84693e-10
-2.28597e-15
-2.24707e-14
1.90109e-12
3.86677e-11
-2.85465e-10
-2.49335e-08
3.28364e-07
5.64735e-07
6.88629e-08
6.12588e-09
5.64445e-15
1.28215e-13
-1.23237e-12
1.14088e-10
-1.46621e-09
-4.93181e-08
8.51213e-07
1.46161e-06
2.4454e-07
2.97517e-08
-4.30716e-15
-9.11477e-14
1.04752e-12
-1.70149e-11
2.06114e-10
-9.58686e-10
-6.00038e-09
5.66902e-08
2.05354e-08
2.96329e-09
-3.56695e-23
-4.54916e-22
-6.51357e-21
-6.75981e-20
-2.75845e-18
2.70973e-17
-6.88042e-17
4.8175e-16
5.69926e-16
1.73057e-16
-1.03531e-21
-2.14498e-20
-3.13449e-19
-3.28532e-18
-1.72898e-16
1.66452e-15
-3.0643e-15
2.51999e-14
6.08681e-14
1.42288e-14
-5.16203e-20
-7.0008e-19
-8.912e-18
-1.14991e-16
-4.30779e-15
3.40703e-14
1.17341e-15
5.29856e-13
1.12994e-12
2.55224e-13
-1.00564e-18
-1.22701e-17
-1.48406e-16
-1.97581e-15
-6.76684e-14
3.89827e-13
7.44109e-13
1.07836e-11
1.27442e-11
2.83383e-12
-1.6516e-17
-1.8316e-16
-2.0187e-15
-2.65863e-14
-8.41041e-13
-1.31319e-13
3.7565e-11
1.95599e-10
1.29104e-10
2.77211e-11
-1.50338e-16
-1.44782e-15
-1.13862e-14
-1.75917e-13
-6.81508e-12
-1.12889e-10
9.77952e-10
2.90139e-09
1.19806e-09
2.44006e-10
2.58697e-16
7.06189e-15
1.76389e-13
9.04956e-13
-1.43445e-11
-2.41036e-09
1.48095e-08
3.62846e-08
9.9043e-09
1.78881e-09
1.20499e-14
1.57665e-13
2.4372e-12
1.83209e-11
8.39008e-11
-2.03464e-08
1.1544e-07
3.13788e-07
7.60302e-08
1.32911e-08
4.14663e-14
3.86508e-13
4.59633e-12
5.07016e-11
-5.24181e-11
-4.62799e-08
3.06363e-07
8.3462e-07
2.51457e-07
5.34531e-08
-4.05124e-15
-2.3009e-14
-3.2605e-14
-5.84724e-12
8.23933e-11
2.1447e-10
-5.7759e-09
2.39162e-08
1.63257e-08
4.62678e-09
-3.25044e-23
1.41273e-22
-3.79268e-21
2.09599e-20
-1.53289e-18
1.349e-17
-3.03113e-17
2.54637e-16
1.65954e-16
5.66304e-17
-2.71167e-21
1.811e-20
-2.47921e-19
2.06892e-18
-9.11106e-17
7.73065e-16
-1.08564e-15
1.46109e-14
2.65507e-14
3.92799e-15
-5.93132e-20
2.67832e-19
-5.06497e-18
2.55107e-17
-2.12796e-15
1.60677e-14
2.51969e-15
2.92323e-13
5.51436e-13
6.96823e-14
-9.07402e-19
3.15019e-18
-7.56862e-17
2.57909e-16
-3.25681e-14
1.99816e-13
3.11201e-13
5.48143e-12
6.1331e-12
8.10379e-13
-1.24987e-17
2.98589e-17
-9.89072e-16
1.36003e-15
-4.02703e-13
7.43441e-13
1.54894e-11
9.52828e-11
5.84808e-11
8.34017e-12
-1.15483e-16
1.85824e-16
-7.58661e-15
1.11926e-14
-3.09126e-12
-3.59916e-11
4.2002e-10
1.39356e-09
4.81918e-10
7.86966e-11
-1.83448e-16
-4.99336e-16
2.96197e-14
2.40094e-13
-1.12198e-12
-9.30432e-10
6.75165e-09
1.73325e-08
3.16701e-09
5.90652e-10
5.56551e-15
-1.35774e-14
7.24325e-13
3.49485e-12
1.13023e-10
-8.36984e-09
5.66263e-08
1.59342e-07
2.11058e-08
4.87853e-09
1.65634e-14
2.32922e-14
1.16932e-12
1.40963e-11
2.13292e-10
-1.89214e-08
1.5685e-07
4.44109e-07
8.58687e-08
2.18381e-08
2.1723e-15
-3.28418e-14
2.07579e-13
-3.76304e-12
2.91508e-11
1.5592e-10
-2.14539e-09
1.26639e-08
8.34755e-09
2.03957e-09
3.21139e-24
2.54724e-23
-2.28078e-21
3.50921e-20
-8.52704e-19
7.02177e-18
-1.44608e-17
1.29899e-16
1.01886e-17
1.62686e-17
-2.05968e-21
1.74216e-20
-2.08891e-19
2.58747e-18
-4.88717e-17
3.7822e-16
-3.78659e-16
7.92415e-15
1.08071e-14
9.69562e-16
-5.04704e-20
3.18238e-19
-3.73669e-18
4.25673e-17
-1.07517e-15
7.80794e-15
2.29557e-15
1.58187e-13
2.75315e-13
1.50619e-14
-7.71318e-19
4.1922e-18
-5.15164e-17
5.5248e-16
-1.61128e-14
1.02031e-13
1.40554e-13
2.84661e-12
3.16085e-12
1.98885e-13
-1.05106e-17
4.89649e-17
-6.46536e-16
5.95476e-15
-2.02464e-13
6.57558e-13
6.67266e-12
4.84838e-11
3.02101e-11
2.35828e-12
-1.03066e-16
4.11933e-16
-5.60342e-15
4.72511e-14
-1.58478e-12
-1.07567e-11
1.8693e-10
7.05943e-10
2.38894e-10
2.69397e-11
-3.90459e-16
7.9812e-16
-4.97243e-15
1.18242e-13
-2.48998e-13
-3.68018e-10
3.16077e-09
8.70004e-09
1.36919e-09
2.2612e-10
2.12983e-15
-1.24861e-14
2.42603e-13
-1.52461e-13
7.06753e-11
-3.55044e-09
2.85014e-08
8.42732e-08
7.79428e-09
2.26979e-09
6.73559e-15
-2.89449e-15
3.73335e-13
2.03902e-12
1.67005e-10
-7.97084e-09
8.2478e-08
2.44785e-07
3.80537e-08
1.04801e-08
2.32823e-15
-2.04958e-14
1.48779e-13
-1.95317e-12
1.06022e-11
8.871e-11
-8.16621e-10
6.83064e-09
4.62313e-09
8.50982e-10
1.40886e-23
-6.18691e-23
-1.05882e-21
2.74165e-20
-4.59847e-19
3.70391e-18
-7.40077e-18
6.80022e-17
-2.22104e-17
3.24627e-18
-7.31821e-22
8.50269e-21
-1.35569e-19
1.89797e-18
-2.56913e-17
1.87373e-16
-1.36761e-16
4.11545e-15
3.77604e-15
2.48877e-16
-2.63353e-20
1.73944e-19
-2.27711e-18
3.10922e-17
-5.35954e-16
3.79512e-15
1.39345e-15
8.30877e-14
1.34805e-13
1.6164e-16
-4.29212e-19
2.31969e-18
-2.99292e-17
4.06349e-16
-7.89059e-15
5.10231e-14
6.23804e-14
1.46857e-12
1.64264e-12
1.31912e-14
-6.14997e-18
2.8098e-17
-3.71741e-16
4.70358e-15
-1.01747e-13
4.26246e-13
2.86532e-12
2.49144e-11
1.63558e-11
3.44549e-13
-6.54414e-17
2.54898e-16
-3.43718e-15
4.00572e-14
-8.47306e-13
-2.65973e-12
8.31846e-11
3.65607e-10
1.32344e-10
7.23689e-12
-3.41447e-16
8.95763e-16
-1.02512e-14
1.0426e-13
-8.66034e-13
-1.45576e-10
1.46948e-09
4.47214e-09
7.5304e-10
7.59215e-11
2.77857e-17
-2.86742e-15
6.72218e-14
-4.0327e-13
3.34246e-11
-1.51537e-09
1.42187e-08
4.53823e-08
4.20094e-09
9.98284e-10
9.47125e-16
3.82976e-15
1.01693e-13
-2.67325e-13
9.04325e-11
-3.37375e-09
4.2985e-08
1.36507e-07
2.1371e-08
4.56638e-09
1.1997e-15
-8.66725e-15
7.51238e-14
-9.38413e-13
4.04048e-12
4.67963e-11
-3.59224e-10
3.546e-09
2.58008e-09
2.72746e-10
7.21255e-24
-5.20975e-23
-3.86574e-22
1.66814e-20
-2.36902e-19
1.93183e-18
-3.95973e-18
3.49078e-17
-1.53157e-17
-7.89527e-19
-1.2794e-22
3.33605e-21
-7.66532e-20
1.15414e-18
-1.3265e-17
9.39072e-17
-5.84951e-17
2.07432e-15
1.07707e-15
1.17311e-16
-1.06537e-20
7.78417e-20
-1.25358e-18
1.84429e-17
-2.65086e-16
1.86084e-15
6.40153e-16
4.27533e-14
6.38208e-14
-2.14299e-15
-1.86963e-19
1.04343e-18
-1.59077e-17
2.37988e-16
-3.84874e-15
2.54566e-14
2.5939e-14
7.50906e-13
8.32588e-13
-2.56577e-14
-2.86109e-18
1.30202e-17
-1.97492e-16
2.84927e-15
-5.10845e-14
2.48389e-13
1.21294e-12
1.28285e-11
8.76908e-12
-1.9676e-13
-3.32327e-17
1.2539e-16
-1.91744e-15
2.59284e-14
-4.59888e-13
-3.0482e-13
3.7031e-11
1.91502e-10
7.42555e-11
3.33032e-13
-2.0889e-16
5.70583e-16
-8.20987e-15
8.6473e-14
-1.06188e-12
-5.8038e-11
6.81301e-10
2.33643e-09
4.36519e-10
1.60488e-11
-5.65814e-16
4.89124e-16
6.13471e-15
-1.01059e-13
1.27593e-11
-6.59293e-10
7.05795e-09
2.46936e-08
2.55434e-09
3.62038e-10
-1.11899e-15
6.16369e-15
-2.19421e-15
-7.39348e-14
4.0473e-11
-1.46681e-09
2.22377e-08
7.62004e-08
1.28606e-08
1.55422e-09
4.86485e-16
-3.09305e-15
3.37278e-14
-4.33149e-13
1.71554e-12
2.27199e-11
-1.77918e-10
1.72036e-09
1.36378e-09
6.14309e-11
1.99048e-24
-2.76971e-23
-1.24826e-22
8.84245e-21
-1.17265e-19
9.91078e-19
-2.11396e-18
1.73346e-17
-6.5652e-18
-1.79365e-18
1.54991e-23
1.32519e-21
-4.14766e-20
6.35784e-19
-6.63475e-18
4.65167e-17
-2.85575e-17
1.01258e-15
1.8303e-16
8.65446e-17
-4.08172e-21
3.45387e-20
-6.76491e-19
9.94696e-18
-1.27764e-16
9.01183e-16
2.4194e-16
2.15755e-14
2.93589e-14
-1.68732e-15
-7.52069e-20
4.57886e-19
-8.37222e-18
1.26625e-16
-1.83433e-15
1.24642e-14
1.00964e-14
3.78555e-13
4.08407e-13
-2.45285e-14
-1.2169e-18
5.86089e-18
-1.0424e-16
1.54761e-15
-2.50361e-14
1.35157e-13
4.99655e-13
6.54262e-12
4.54637e-12
-2.5828e-13
-1.54359e-17
5.988e-17
-1.05385e-15
1.49096e-14
-2.43444e-13
2.49876e-13
1.62347e-11
9.99201e-11
4.04432e-11
-1.52242e-12
-1.10002e-16
3.20175e-16
-5.4559e-15
6.12053e-14
-8.79227e-13
-2.2599e-11
3.09421e-10
1.21942e-09
2.44697e-10
-4.04172e-12
-5.15843e-16
1.06653e-15
-1.1078e-14
8.20947e-14
3.43888e-12
-2.84522e-10
3.42639e-09
1.33416e-08
1.49859e-09
8.56482e-11
-1.33744e-15
5.51092e-15
-3.50312e-14
2.51729e-13
1.50103e-11
-6.37348e-10
1.12453e-08
4.19904e-08
7.52223e-09
2.6462e-10
1.94348e-16
-1.06607e-15
1.48378e-14
-1.9608e-13
7.99968e-13
1.05983e-11
-1.02649e-10
7.89472e-10
6.80566e-10
8.45742e-12
2.34816e-25
-1.23061e-23
-3.61716e-23
4.26513e-21
-5.60529e-20
4.9224e-19
-1.0769e-18
7.96796e-18
-2.10653e-18
-1.47279e-18
2.45818e-23
5.78551e-22
-2.18542e-20
3.31051e-19
-3.26922e-18
2.29529e-17
-1.51178e-17
4.76211e-16
-4.50074e-17
5.81959e-17
-1.57669e-21
1.64337e-20
-3.66216e-19
5.15988e-18
-6.11579e-17
4.36314e-16
7.71713e-17
1.07081e-14
1.31834e-14
-9.45506e-16
-2.93164e-20
2.12645e-19
-4.46909e-18
6.51092e-17
-8.70634e-16
6.08529e-15
3.77213e-15
1.88665e-13
1.94366e-13
-1.55348e-14
-4.93595e-19
2.77706e-18
-5.61266e-17
8.09949e-16
-1.21785e-14
7.14582e-14
2.04062e-13
3.31361e-12
2.2846e-12
-1.86182e-13
-6.80465e-18
3.0176e-17
-5.91105e-16
8.23248e-15
-1.26981e-13
2.92771e-13
7.13238e-12
5.20322e-11
2.13138e-11
-1.49844e-12
-5.31849e-17
1.82536e-16
-3.44332e-15
3.97671e-14
-6.02703e-13
-8.40919e-12
1.4006e-10
6.35403e-10
1.31611e-10
-7.71279e-12
-3.34627e-16
9.59271e-16
-1.34348e-14
1.30165e-13
1.49371e-13
-1.20957e-10
1.6557e-09
7.14664e-09
8.29839e-10
-1.00316e-11
-9.69324e-16
4.19147e-15
-3.92535e-14
3.55415e-13
4.33134e-12
-2.75345e-10
5.63433e-09
2.28234e-08
4.22319e-09
-1.43387e-10
7.86439e-17
-3.64875e-16
6.41503e-15
-8.73426e-14
3.96787e-13
4.57619e-12
-5.84452e-11
3.36947e-10
3.22836e-10
1.56921e-12
-1.3746e-25
-5.11777e-24
-1.08584e-23
1.96633e-21
-2.60665e-20
2.37777e-19
-5.25242e-19
3.53753e-18
-4.38183e-19
-9.84769e-19
1.53174e-23
2.59621e-22
-1.134e-20
1.66721e-19
-1.57405e-18
1.11093e-17
-7.92416e-18
2.18001e-16
-7.2702e-17
3.56704e-17
-6.32647e-22
7.86921e-21
-1.97462e-19
2.61126e-18
-2.87441e-17
2.07777e-16
2.19781e-17
5.24996e-15
5.85554e-15
-4.6272e-16
-1.14275e-20
9.81647e-20
-2.39296e-18
3.28112e-17
-4.06161e-16
2.91486e-15
1.4129e-15
9.30442e-14
9.08516e-14
-8.37884e-15
-1.96224e-19
1.29521e-18
-3.04084e-17
4.15088e-16
-5.80544e-15
3.65099e-14
8.31005e-14
1.66494e-12
1.12568e-12
-1.09868e-13
-2.93768e-18
1.49225e-17
-3.34156e-16
4.44257e-15
-6.44165e-14
2.16406e-13
3.11399e-12
2.6955e-11
1.10533e-11
-1.03836e-12
-2.46781e-17
9.89512e-17
-2.11823e-15
2.45451e-14
-3.68149e-13
-2.80205e-12
6.25237e-11
3.29269e-10
6.9791e-11
-6.2903e-12
-1.92106e-16
6.88467e-16
-1.15275e-14
1.19291e-13
-7.05206e-13
-4.88919e-11
7.89653e-10
3.79094e-09
4.55689e-10
-3.13821e-11
-6.0318e-16
2.93852e-15
-3.40555e-14
3.24709e-13
4.39369e-13
-1.1339e-10
2.78254e-09
1.22537e-08
2.34531e-09
-2.08271e-10
3.34943e-17
-1.20058e-16
2.76866e-15
-3.93158e-14
2.01998e-13
1.83909e-12
-3.31702e-11
1.39893e-10
1.50097e-10
2.91722e-12
-1.22143e-25
-1.98514e-24
-3.32834e-24
8.63837e-22
-1.17399e-20
1.10138e-19
-2.42481e-19
1.4861e-18
9.38455e-21
-5.21559e-19
7.39574e-24
1.12433e-22
-5.57595e-21
8.08714e-20
-7.44076e-19
5.29049e-18
-4.12286e-18
9.63977e-17
-5.13811e-17
1.84174e-17
-2.47629e-22
3.70294e-21
-1.01899e-19
1.2858e-18
-1.3372e-17
9.78509e-17
4.25708e-18
2.5074e-15
2.54923e-15
-1.98441e-16
-4.27689e-21
4.44345e-20
-1.23272e-18
1.61365e-17
-1.8779e-16
1.37838e-15
5.2166e-16
4.47851e-14
4.13281e-14
-3.92823e-15
-7.40367e-20
5.88774e-19
-1.58926e-17
2.07333e-16
-2.72972e-15
1.81516e-14
3.38309e-14
8.18648e-13
5.39308e-13
-5.55476e-14
-1.19939e-18
7.19288e-18
-1.82589e-16
2.32915e-15
-3.19387e-14
1.34787e-13
1.36003e-12
1.36852e-11
5.5712e-12
-5.87772e-13
-1.07204e-17
5.14052e-17
-1.23496e-15
1.42774e-14
-2.07128e-13
-7.72267e-13
2.7722e-11
1.67195e-10
3.59454e-11
-3.88716e-12
-9.79404e-17
4.37651e-16
-8.20305e-15
8.65112e-14
-6.84001e-13
-1.8697e-11
3.72736e-10
1.96185e-09
2.42765e-10
-2.60325e-11
-3.18259e-16
1.84397e-15
-2.44235e-14
2.36288e-13
-5.76816e-13
-4.4539e-11
1.35031e-09
6.39285e-09
1.26178e-09
-1.51456e-10
1.36754e-17
-3.61984e-17
1.14705e-15
-1.73825e-14
1.00837e-13
6.52465e-13
-1.70262e-11
5.39041e-11
6.6825e-11
3.05415e-12
-7.44534e-26
-7.77075e-25
-1.35161e-24
3.93023e-22
-5.4742e-21
5.27928e-20
-1.14437e-19
6.46627e-19
9.76898e-20
-2.78818e-19
3.54307e-24
4.68312e-23
-2.82271e-21
4.05505e-20
-3.63802e-19
2.61301e-18
-2.23328e-18
4.39105e-17
-3.23148e-17
9.47046e-18
-1.00744e-22
1.71448e-21
-5.43543e-20
6.55391e-19
-6.43493e-18
4.7748e-17
-5.57823e-19
1.24875e-15
1.1516e-15
-8.37556e-17
-1.62315e-21
1.94363e-20
-6.56236e-19
8.21447e-18
-8.96737e-17
6.73573e-16
1.93651e-16
2.24501e-14
1.94575e-14
-1.80929e-15
-2.77743e-20
2.55101e-19
-8.59096e-18
1.072e-16
-1.32457e-15
9.28824e-15
1.41785e-14
4.21048e-13
2.68884e-13
-2.74778e-14
-4.91562e-19
3.32038e-18
-1.04053e-16
1.27024e-15
-1.63732e-14
8.27616e-14
6.15434e-13
7.32289e-12
2.9611e-12
-3.26361e-13
-4.66525e-18
2.53875e-17
-7.49837e-16
8.5859e-15
-1.18336e-13
-8.03525e-14
1.26671e-11
8.95794e-11
1.96819e-11
-2.32443e-12
-4.99869e-17
2.66646e-16
-5.94736e-15
6.26121e-14
-5.36526e-13
-6.53392e-12
1.83088e-10
1.07366e-09
1.40267e-10
-1.89481e-11
-1.68166e-16
1.1657e-15
-1.78871e-14
1.71904e-13
-7.54651e-13
-1.61954e-11
6.8367e-10
3.52287e-09
7.29082e-10
-1.01929e-10
6.0637e-18
-9.20167e-18
4.77533e-16
-8.22353e-15
5.29184e-14
1.8898e-13
-9.00575e-12
2.16859e-11
3.05138e-11
2.70361e-12
-2.56821e-26
-2.27847e-25
-3.68231e-25
1.34818e-22
-1.95007e-21
1.90823e-20
-4.03057e-20
2.09656e-19
5.28678e-20
-9.55071e-20
1.17296e-24
1.48521e-23
-1.04271e-21
1.52103e-20
-1.3563e-19
9.85219e-19
-9.1576e-19
1.50547e-17
-1.3622e-17
3.29948e-18
-3.11333e-23
6.09169e-22
-2.12116e-20
2.50726e-19
-2.37702e-18
1.78565e-17
-1.22478e-18
4.67808e-16
3.9666e-16
-2.58359e-17
-4.69821e-22
6.53396e-21
-2.56086e-19
3.13865e-18
-3.29115e-17
2.51937e-16
4.9864e-17
8.46221e-15
6.91424e-15
-6.00443e-16
-7.85278e-21
8.39609e-20
-3.40262e-18
4.14676e-17
-4.91221e-16
3.5855e-15
4.55925e-15
1.6279e-13
1.00494e-13
-9.65232e-15
-1.4995e-19
1.15916e-18
-4.33671e-17
5.14698e-16
-6.34929e-15
3.613e-14
2.15576e-13
2.94725e-12
1.17512e-12
-1.26006e-13
-1.49869e-18
9.36935e-18
-3.28602e-16
3.728e-15
-4.93129e-14
6.43398e-14
4.46371e-12
3.61336e-11
8.011e-12
-9.50989e-13
-1.81415e-17
1.17528e-16
-2.95497e-15
3.08274e-14
-2.68015e-13
-1.53089e-12
6.88011e-11
4.41207e-10
5.99268e-11
-8.70411e-12
-6.07208e-17
5.19532e-16
-8.86553e-15
8.47082e-14
-4.4641e-13
-4.06605e-12
2.62333e-10
1.45157e-09
3.11226e-10
-4.31936e-11
1.92554e-18
-1.51733e-18
1.49089e-16
-2.93924e-15
2.0141e-14
2.72189e-14
-3.36982e-12
6.25472e-12
1.03482e-11
1.26022e-12
)
;

boundaryField
{
    flowInlet
    {
        type            fixedValue;
        value           uniform 0;
    }
    flowOutlet
    {
        type            zeroGradient;
    }
    minorInlet
    {
        type            fixedValue;
        value           uniform 1000;
    }
    pipe
    {
        type            zeroGradient;
    }
    topSurf
    {
        type            zeroGradient;
    }
    bottomSurf
    {
        type            zeroGradient;
    }
    innerSurf
    {
        type            zeroGradient;
    }
    outerSurf
    {
        type            zeroGradient;
    }
}


// ************************************************************************* //
