/*--------------------------------*- C++ -*----------------------------------*\
| =========                 |                                                 |
| \\      /  F ield         | OpenFOAM: The Open Source CFD Toolbox           |
|  \\    /   O peration     | Version:  1.7.x                                 |
|   \\  /    A nd           | Web:      www.OpenFOAM.com                      |
|    \\/     M anipulation  |                                                 |
\*---------------------------------------------------------------------------*/
FoamFile
{
    version     2.0;
    format      ascii;
    class       volScalarField;
    location    "0.5";
    object      p;
}
// * * * * * * * * * * * * * * * * * * * * * * * * * * * * * * * * * * * * * //

dimensions      [0 2 -2 0 0 0 0];

internalField   nonuniform List<scalar> 
8000
(
100077
100076
100076
100076
100076
100076
100076
100076
100077
100077
100076
100075
100075
100075
100075
100075
100075
100076
100076
100077
100076
100075
100075
100075
100075
100075
100075
100075
100076
100077
100076
100075
100075
100075
100075
100075
100075
100075
100076
100076
100075
100075
100075
100075
100075
100075
100075
100075
100076
100076
100075
100075
100075
100075
100075
100075
100075
100075
100076
100076
100076
100075
100075
100075
100075
100075
100075
100075
100076
100076
100076
100075
100075
100075
100075
100075
100075
100076
100076
100077
100076
100075
100075
100075
100075
100075
100076
100076
100076
100077
100077
100076
100076
100076
100076
100076
100076
100076
100077
100078
100075
100075
100075
100075
100075
100075
100076
100076
100076
100076
100075
100075
100075
100075
100075
100075
100075
100075
100076
100076
100075
100075
100075
100075
100075
100075
100075
100075
100076
100076
100075
100075
100075
100075
100075
100075
100075
100075
100075
100076
100075
100075
100074
100074
100075
100075
100075
100075
100075
100076
100075
100075
100074
100074
100075
100075
100075
100075
100075
100076
100075
100075
100075
100075
100075
100075
100075
100075
100075
100076
100075
100075
100075
100075
100075
100075
100075
100075
100076
100076
100075
100075
100075
100075
100075
100075
100075
100076
100076
100076
100075
100075
100075
100075
100075
100075
100076
100076
100076
100076
100074
100074
100074
100074
100075
100075
100075
100075
100075
100076
100074
100074
100074
100074
100074
100075
100075
100075
100075
100075
100074
100074
100074
100074
100074
100075
100075
100075
100075
100075
100074
100074
100074
100074
100074
100075
100075
100075
100075
100075
100074
100074
100074
100074
100074
100074
100075
100075
100075
100075
100074
100074
100074
100074
100074
100074
100075
100075
100075
100075
100074
100074
100074
100074
100074
100075
100075
100075
100075
100075
100074
100074
100074
100074
100074
100075
100075
100075
100075
100075
100074
100074
100074
100074
100074
100075
100075
100075
100075
100075
100074
100074
100074
100074
100075
100075
100075
100075
100075
100076
100074
100074
100074
100074
100074
100074
100074
100075
100075
100075
100073
100074
100074
100074
100074
100074
100074
100075
100075
100075
100073
100074
100074
100074
100074
100074
100074
100075
100075
100075
100073
100073
100074
100074
100074
100074
100074
100075
100075
100075
100073
100073
100074
100074
100074
100074
100074
100075
100075
100075
100073
100073
100074
100074
100074
100074
100074
100075
100075
100075
100073
100073
100074
100074
100074
100074
100074
100075
100075
100075
100073
100074
100074
100074
100074
100074
100074
100075
100075
100075
100073
100074
100074
100074
100074
100074
100074
100075
100075
100075
100074
100074
100074
100074
100074
100074
100075
100075
100075
100075
100073
100073
100073
100073
100074
100074
100074
100074
100075
100075
100073
100073
100073
100073
100074
100074
100074
100074
100074
100075
100073
100073
100073
100073
100074
100074
100074
100074
100074
100075
100073
100073
100073
100073
100074
100074
100074
100074
100074
100075
100073
100073
100073
100073
100074
100074
100074
100074
100074
100075
100073
100073
100073
100073
100074
100074
100074
100074
100074
100075
100073
100073
100073
100073
100074
100074
100074
100074
100074
100075
100073
100073
100073
100073
100074
100074
100074
100074
100075
100075
100073
100073
100073
100073
100074
100074
100074
100074
100075
100075
100073
100073
100073
100073
100074
100074
100074
100074
100075
100075
100072
100072
100072
100073
100073
100073
100074
100074
100074
100075
100072
100072
100072
100073
100073
100073
100074
100074
100074
100075
100072
100072
100072
100073
100073
100073
100074
100074
100074
100075
100072
100072
100072
100073
100073
100073
100074
100074
100074
100075
100072
100072
100072
100073
100073
100073
100074
100074
100074
100075
100072
100072
100072
100073
100073
100073
100074
100074
100074
100075
100072
100072
100072
100073
100073
100073
100074
100074
100074
100075
100072
100072
100072
100073
100073
100073
100074
100074
100074
100075
100072
100072
100072
100073
100073
100073
100074
100074
100074
100075
100072
100072
100072
100073
100073
100073
100074
100074
100075
100075
100071
100071
100072
100072
100073
100073
100073
100074
100074
100075
100071
100071
100072
100072
100073
100073
100073
100074
100074
100074
100071
100071
100072
100072
100073
100073
100073
100074
100074
100074
100071
100071
100072
100072
100073
100073
100073
100074
100074
100074
100071
100071
100072
100072
100073
100073
100073
100074
100074
100074
100071
100071
100072
100072
100073
100073
100073
100074
100074
100074
100071
100071
100072
100072
100073
100073
100073
100074
100074
100074
100071
100071
100072
100072
100073
100073
100073
100074
100074
100074
100071
100071
100072
100072
100073
100073
100073
100074
100074
100075
100071
100071
100072
100072
100073
100073
100073
100074
100074
100075
100070
100070
100071
100072
100072
100073
100073
100074
100074
100075
100070
100070
100071
100072
100072
100073
100073
100074
100074
100075
100070
100071
100071
100072
100072
100073
100073
100074
100074
100075
100070
100071
100071
100072
100072
100073
100073
100074
100074
100075
100070
100071
100071
100072
100072
100073
100073
100074
100074
100075
100070
100071
100071
100072
100072
100073
100073
100074
100074
100075
100070
100071
100071
100072
100072
100073
100073
100074
100074
100075
100070
100071
100071
100072
100072
100073
100073
100074
100074
100075
100070
100070
100071
100072
100072
100073
100073
100074
100074
100075
100070
100070
100071
100072
100072
100073
100073
100074
100074
100075
100069
100069
100070
100071
100072
100073
100073
100073
100074
100075
100069
100070
100070
100071
100072
100073
100073
100073
100074
100075
100069
100070
100070
100071
100072
100072
100073
100073
100074
100075
100069
100070
100070
100071
100072
100072
100073
100073
100074
100074
100069
100070
100070
100071
100072
100072
100073
100073
100074
100074
100069
100070
100070
100071
100072
100072
100073
100073
100074
100074
100069
100070
100070
100071
100072
100072
100073
100073
100074
100075
100069
100070
100070
100071
100072
100072
100073
100073
100074
100075
100069
100070
100070
100071
100072
100072
100073
100073
100074
100075
100069
100069
100070
100071
100072
100072
100073
100073
100074
100075
100067
100068
100070
100071
100072
100072
100073
100073
100074
100075
100067
100068
100069
100071
100072
100072
100073
100073
100074
100076
100068
100068
100069
100071
100072
100072
100073
100073
100073
100075
100068
100068
100069
100071
100072
100072
100073
100073
100073
100075
100068
100069
100069
100071
100072
100072
100073
100073
100073
100075
100068
100069
100069
100071
100072
100072
100073
100073
100073
100075
100068
100069
100069
100070
100072
100072
100073
100073
100074
100076
100068
100068
100069
100070
100072
100072
100073
100073
100074
100076
100068
100068
100069
100070
100071
100072
100073
100073
100074
100076
100067
100068
100069
100071
100071
100072
100073
100073
100074
100076
100066
100068
100069
100071
100072
100072
100073
100073
100073
100074
100067
100067
100069
100071
100072
100072
100073
100073
100072
100075
100067
100067
100069
100071
100072
100072
100073
100073
100072
100075
100067
100067
100069
100071
100072
100072
100073
100073
100072
100075
100068
100067
100069
100071
100071
100072
100073
100073
100072
100075
100068
100067
100069
100071
100071
100072
100073
100073
100072
100075
100068
100067
100069
100070
100071
100072
100073
100073
100072
100075
100067
100067
100069
100070
100071
100072
100073
100073
100072
100075
100067
100067
100069
100070
100071
100072
100073
100073
100072
100075
100066
100067
100069
100070
100071
100072
100073
100073
100073
100074
100067
100066
100069
100070
100071
100072
100073
100073
100072
100073
100068
100065
100068
100070
100071
100072
100073
100073
100072
100074
100069
100065
100068
100070
100071
100072
100073
100073
100071
100075
100069
100065
100068
100070
100071
100072
100073
100073
100071
100075
100069
100065
100068
100070
100071
100072
100073
100073
100071
100075
100069
100065
100068
100070
100071
100072
100073
100073
100071
100075
100069
100065
100068
100070
100071
100072
100073
100073
100072
100075
100069
100065
100068
100070
100071
100072
100073
100073
100072
100074
100069
100065
100068
100070
100071
100072
100073
100073
100072
100074
100067
100066
100068
100070
100071
100072
100073
100073
100073
100073
100065
100065
100068
100070
100071
100072
100073
100073
100073
100073
100065
100064
100068
100070
100071
100072
100073
100073
100072
100073
100065
100063
100067
100070
100071
100072
100073
100073
100072
100073
100065
100063
100067
100070
100071
100072
100073
100073
100072
100073
100065
100063
100067
100070
100071
100072
100073
100073
100072
100073
100065
100063
100067
100070
100071
100072
100073
100073
100072
100073
100065
100063
100067
100070
100071
100072
100073
100073
100072
100073
100065
100063
100067
100070
100071
100072
100073
100073
100073
100073
100065
100063
100067
100070
100071
100072
100073
100073
100073
100073
100065
100064
100067
100070
100071
100072
100073
100073
100074
100073
100064
100064
100067
100069
100071
100072
100073
100074
100073
100073
100064
100063
100067
100069
100071
100072
100073
100073
100073
100073
100064
100063
100067
100069
100071
100072
100073
100073
100073
100073
100064
100062
100067
100069
100071
100072
100074
100073
100073
100073
100064
100062
100066
100069
100071
100072
100074
100073
100073
100073
100064
100062
100066
100069
100071
100072
100074
100073
100073
100073
100064
100062
100066
100069
100071
100072
100074
100073
100074
100073
100064
100062
100066
100069
100071
100072
100073
100073
100074
100073
100064
100063
100066
100069
100070
100072
100073
100073
100074
100073
100064
100063
100067
100069
100070
100072
100073
100074
100074
100073
100064
100063
100066
100069
100071
100073
100073
100074
100073
100074
100063
100063
100066
100069
100071
100072
100074
100074
100073
100073
100063
100063
100066
100069
100071
100072
100074
100074
100074
100073
100063
100063
100066
100069
100070
100072
100074
100074
100074
100073
100063
100063
100066
100069
100070
100072
100074
100074
100074
100073
100063
100063
100066
100069
100070
100072
100074
100074
100074
100073
100063
100063
100066
100069
100070
100072
100074
100074
100074
100073
100063
100063
100066
100068
100070
100072
100074
100074
100074
100073
100063
100063
100066
100068
100070
100072
100074
100074
100074
100073
100064
100063
100066
100068
100070
100072
100073
100075
100074
100073
100064
100064
100066
100069
100071
100073
100074
100075
100074
100074
100064
100063
100066
100068
100071
100073
100074
100074
100073
100074
100064
100063
100065
100068
100070
100072
100074
100074
100073
100073
100064
100063
100065
100068
100070
100072
100074
100074
100073
100073
100064
100063
100065
100068
100070
100072
100074
100074
100074
100073
100064
100063
100065
100068
100070
100072
100074
100075
100074
100073
100064
100063
100065
100068
100070
100072
100074
100075
100074
100073
100064
100063
100065
100068
100070
100072
100074
100075
100074
100073
100064
100063
100065
100068
100070
100072
100074
100074
100073
100073
100064
100063
100065
100068
100070
100072
100074
100075
100074
100073
100065
100064
100066
100068
100071
100073
100074
100075
100074
100074
100065
100063
100065
100068
100070
100073
100074
100074
100073
100073
100065
100063
100065
100068
100070
100073
100074
100075
100073
100073
100065
100063
100065
100068
100070
100073
100075
100075
100073
100073
100065
100063
100065
100068
100070
100073
100075
100076
100073
100073
100065
100063
100065
100068
100070
100073
100075
100076
100073
100072
100065
100063
100065
100067
100070
100072
100075
100076
100073
100072
100065
100063
100065
100067
100070
100072
100075
100076
100073
100072
100065
100063
100065
100067
100070
100072
100074
100075
100073
100072
100065
100063
100065
100067
100070
100072
100074
100075
100073
100072
100066
100064
100066
100068
100071
100073
100074
100075
100074
100073
100066
100063
100065
100068
100070
100073
100074
100075
100073
100073
100066
100063
100065
100068
100070
100073
100075
100076
100073
100073
100066
100063
100065
100067
100070
100073
100075
100077
100073
100072
100066
100063
100065
100067
100070
100073
100075
100077
100073
100072
100066
100063
100065
100067
100070
100073
100075
100077
100073
100071
100066
100063
100064
100067
100070
100073
100075
100078
100073
100071
100066
100063
100064
100067
100069
100072
100075
100077
100072
100070
100066
100063
100064
100067
100069
100072
100075
100076
100072
100070
100066
100063
100065
100067
100069
100072
100075
100076
100073
100071
100067
100064
100066
100068
100070
100073
100075
100075
100074
100073
100067
100063
100065
100067
100070
100073
100075
100076
100073
100072
100067
100063
100064
100067
100070
100073
100075
100077
100073
100072
100067
100063
100064
100067
100070
100073
100076
100078
100073
100071
100067
100063
100064
100067
100070
100073
100076
100078
100072
100071
100067
100063
100064
100067
100070
100073
100076
100078
100072
100070
100067
100063
100064
100067
100069
100073
100076
100079
100072
100070
100067
100063
100064
100067
100069
100073
100076
100078
100072
100069
100067
100063
100064
100066
100069
100072
100075
100077
100072
100069
100067
100064
100065
100066
100069
100072
100075
100076
100072
100070
100068
100065
100066
100067
100070
100073
100075
100076
100074
100072
100068
100064
100065
100067
100070
100073
100075
100076
100073
100072
100068
100064
100065
100067
100070
100073
100076
100077
100073
100071
100068
100063
100064
100067
100070
100073
100077
100078
100072
100071
100068
100063
100064
100067
100070
100073
100077
100078
100072
100070
100068
100063
100064
100067
100069
100073
100077
100078
100071
100069
100068
100063
100064
100067
100069
100073
100078
100078
100071
100069
100068
100063
100064
100066
100069
100073
100077
100078
100071
100068
100068
100064
100064
100066
100069
100072
100076
100077
100071
100069
100068
100064
100065
100066
100069
100072
100076
100076
100071
100069
100068
100065
100066
100067
100070
100073
100075
100077
100073
100072
100068
100064
100065
100067
100070
100073
100075
100077
100073
100072
100068
100064
100065
100067
100070
100073
100077
100078
100072
100071
100068
100064
100065
100067
100070
100073
100078
100079
100072
100071
100068
100064
100064
100067
100069
100073
100078
100079
100072
100070
100068
100064
100064
100067
100069
100073
100079
100079
100071
100069
100068
100064
100064
100067
100069
100073
100079
100079
100071
100069
100068
100064
100064
100066
100069
100073
100079
100078
100070
100068
100068
100064
100064
100066
100068
100072
100078
100077
100070
100069
100068
100065
100065
100066
100068
100072
100077
100077
100070
100069
100068
100065
100066
100068
100070
100072
100076
100077
100073
100072
100068
100065
100065
100067
100069
100072
100076
100078
100073
100072
100068
100065
100065
100067
100069
100073
100078
100079
100073
100071
100068
100065
100065
100067
100069
100073
100079
100079
100073
100070
100068
100064
100065
100067
100069
100073
100080
100080
100072
100070
100068
100064
100065
100067
100069
100073
100080
100080
100072
100069
100068
100064
100065
100066
100069
100073
100080
100080
100071
100069
100068
100064
100065
100066
100068
100073
100080
100079
100071
100068
100068
100065
100065
100066
100068
100072
100079
100078
100070
100068
100068
100065
100065
100066
100068
100072
100077
100077
100070
100069
100069
100066
100066
100068
100069
100072
100076
100078
100073
100072
100069
100065
100066
100067
100069
100072
100077
100078
100073
100071
100069
100065
100065
100067
100069
100073
100079
100079
100073
100071
100069
100065
100065
100067
100069
100073
100080
100080
100073
100070
100069
100065
100065
100067
100069
100073
100080
100080
100072
100069
100069
100065
100065
100067
100069
100073
100081
100080
100072
100069
100068
100065
100065
100066
100069
100073
100081
100080
100071
100068
100068
100065
100065
100066
100068
100072
100080
100079
100070
100068
100068
100065
100065
100066
100068
100072
100079
100078
100070
100068
100068
100065
100065
100066
100067
100071
100077
100077
100070
100068
100069
100066
100066
100068
100069
100072
100077
100077
100072
100071
100069
100066
100066
100067
100069
100072
100078
100078
100072
100070
100069
100066
100066
100067
100069
100073
100079
100079
100072
100070
100069
100066
100066
100067
100069
100073
100080
100079
100072
100069
100069
100066
100066
100067
100069
100073
100080
100079
100071
100068
100069
100066
100065
100067
100069
100073
100081
100079
100070
100068
100069
100066
100065
100066
100068
100073
100081
100079
100070
100067
100069
100065
100065
100066
100068
100072
100080
100078
100069
100067
100069
100065
100065
100066
100067
100071
100079
100077
100068
100067
100069
100066
100065
100066
100067
100071
100077
100076
100068
100067
100069
100066
100066
100068
100069
100072
100077
100077
100070
100069
100069
100066
100066
100067
100069
100072
100078
100077
100070
100069
100069
100066
100066
100067
100069
100073
100079
100078
100070
100068
100069
100066
100066
100067
100069
100073
100080
100078
100069
100068
100069
100066
100066
100067
100069
100073
100080
100078
100069
100067
100069
100066
100066
100067
100068
100073
100080
100078
100068
100066
100069
100066
100066
100066
100068
100072
100080
100078
100068
100066
100069
100066
100065
100066
100067
100072
100079
100077
100067
100065
100069
100066
100065
100065
100067
100071
100078
100075
100066
100066
100069
100066
100065
100065
100066
100070
100077
100074
100066
100066
100069
100067
100066
100068
100069
100072
100077
100075
100067
100067
100069
100067
100066
100067
100069
100072
100078
100076
100067
100067
100069
100067
100066
100067
100069
100072
100078
100076
100066
100066
100069
100067
100066
100067
100069
100072
100079
100076
100066
100065
100069
100067
100066
100067
100069
100072
100079
100076
100065
100065
100069
100067
100066
100067
100068
100072
100079
100076
100065
100064
100069
100066
100066
100066
100068
100072
100078
100075
100064
100063
100069
100066
100065
100066
100067
100071
100078
100074
100064
100063
100069
100066
100065
100065
100066
100070
100077
100073
100063
100064
100069
100066
100065
100065
100066
100069
100075
100072
100063
100064
100070
100067
100067
100068
100069
100072
100077
100074
100064
100065
100070
100067
100067
100068
100069
100072
100077
100074
100063
100064
100070
100067
100067
100067
100069
100072
100078
100074
100062
100064
100070
100067
100067
100067
100069
100072
100077
100074
100062
100063
100070
100067
100066
100067
100068
100072
100077
100073
100061
100062
100070
100067
100066
100067
100068
100071
100077
100073
100061
100061
100070
100067
100066
100066
100067
100071
100077
100072
100061
100061
100069
100067
100066
100066
100067
100070
100076
100071
100060
100061
100069
100067
100065
100065
100066
100069
100075
100069
100060
100061
100069
100067
100065
100065
100065
100068
100073
100068
100060
100062
100070
100068
100067
100068
100069
100072
100077
100072
100059
100062
100070
100068
100067
100068
100069
100072
100077
100071
100058
100061
100070
100068
100067
100068
100069
100072
100076
100071
100057
100060
100070
100068
100067
100067
100068
100072
100076
100071
100056
100059
100070
100067
100067
100067
100068
100071
100076
100070
100056
100058
100070
100067
100066
100067
100067
100071
100075
100069
100056
100058
100070
100067
100066
100066
100067
100070
100074
100068
100057
100058
100070
100067
100066
100065
100066
100069
100073
100067
100056
100058
100070
100067
100065
100065
100065
100068
100072
100065
100056
100058
100070
100067
100065
100064
100064
100067
100071
100064
100055
100059
100070
100068
100067
100068
100069
100072
100076
100069
100054
100058
100070
100068
100067
100068
100069
100072
100076
100069
100052
100058
100070
100068
100067
100068
100068
100072
100075
100068
100051
100056
100070
100068
100067
100067
100068
100071
100074
100067
100050
100055
100070
100068
100067
100067
100067
100071
100074
100066
100050
100054
100070
100068
100067
100066
100067
100070
100073
100065
100051
100054
100070
100068
100066
100066
100066
100069
100072
100064
100052
100054
100070
100067
100066
100065
100065
100068
100071
100062
100052
100054
100070
100067
100065
100064
100064
100067
100069
100060
100051
100055
100070
100067
100065
100064
100064
100065
100067
100059
100051
100056
100070
100068
100068
100068
100069
100072
100075
100067
100049
100054
100071
100069
100068
100068
100069
100071
100074
100065
100045
100054
100071
100068
100068
100068
100068
100071
100073
100064
100044
100052
100071
100068
100067
100067
100068
100070
100072
100062
100044
100051
100071
100068
100067
100067
100067
100070
100071
100061
100044
100050
100070
100068
100067
100066
100066
100069
100070
100060
100046
100050
100070
100068
100066
100066
100065
100068
100069
100059
100047
100050
100070
100068
100066
100065
100065
100067
100067
100056
100048
100051
100070
100068
100065
100064
100063
100065
100065
100054
100047
100052
100070
100068
100065
100063
100062
100063
100063
100053
100046
100053
100073
100074
100075
100076
100077
100079
100081
100084
100087
100091
100073
100073
100074
100076
100077
100079
100081
100084
100087
100090
100072
100073
100074
100075
100077
100079
100081
100083
100086
100090
100072
100073
100074
100075
100077
100079
100081
100083
100086
100089
100071
100072
100073
100075
100077
100079
100081
100083
100086
100089
100071
100072
100073
100075
100077
100078
100081
100083
100086
100089
100071
100072
100073
100075
100076
100078
100080
100083
100086
100089
100070
100071
100073
100074
100076
100078
100080
100083
100086
100089
100070
100071
100073
100074
100076
100078
100080
100083
100086
100090
100070
100071
100073
100075
100076
100078
100081
100083
100087
100091
100073
100073
100074
100076
100077
100079
100081
100084
100087
100090
100072
100073
100074
100075
100077
100079
100081
100083
100086
100089
100072
100073
100074
100075
100077
100079
100081
100083
100086
100088
100072
100072
100074
100075
100077
100079
100081
100083
100086
100088
100071
100072
100073
100075
100077
100078
100081
100083
100085
100088
100071
100072
100073
100075
100076
100078
100081
100083
100085
100088
100070
100071
100073
100074
100076
100078
100080
100083
100085
100088
100070
100071
100073
100074
100076
100078
100080
100083
100085
100088
100070
100071
100073
100074
100076
100078
100080
100083
100086
100089
100070
100071
100073
100074
100076
100078
100081
100083
100086
100090
100072
100073
100074
100075
100077
100079
100081
100084
100086
100089
100072
100073
100074
100075
100077
100079
100081
100083
100086
100088
100071
100072
100074
100075
100077
100079
100081
100083
100085
100087
100071
100072
100073
100075
100077
100079
100081
100083
100085
100087
100071
100072
100073
100075
100076
100078
100081
100083
100085
100087
100070
100071
100073
100074
100076
100078
100081
100083
100085
100087
100070
100071
100073
100074
100076
100078
100081
100083
100085
100087
100070
100071
100072
100074
100076
100078
100081
100083
100085
100087
100070
100071
100072
100074
100076
100078
100080
100083
100085
100088
100070
100071
100072
100074
100076
100078
100081
100083
100086
100089
100071
100072
100073
100075
100077
100079
100081
100084
100086
100088
100071
100072
100073
100075
100077
100079
100081
100083
100086
100087
100071
100072
100073
100075
100076
100079
100081
100083
100085
100086
100070
100071
100073
100074
100076
100078
100081
100083
100085
100086
100070
100071
100073
100074
100076
100078
100081
100083
100085
100086
100069
100071
100072
100074
100076
100078
100081
100083
100085
100086
100069
100070
100072
100074
100076
100078
100081
100083
100085
100086
100069
100070
100072
100074
100076
100078
100081
100083
100085
100086
100069
100070
100072
100074
100076
100078
100080
100083
100085
100087
100069
100070
100072
100074
100076
100078
100081
100083
100086
100088
100070
100071
100073
100075
100076
100079
100081
100084
100086
100088
100070
100071
100073
100074
100076
100078
100081
100083
100085
100087
100070
100071
100073
100074
100076
100078
100081
100083
100085
100086
100069
100071
100072
100074
100076
100078
100081
100083
100085
100086
100069
100070
100072
100074
100076
100078
100081
100083
100085
100086
100068
100070
100072
100074
100076
100078
100080
100083
100084
100086
100068
100070
100072
100074
100076
100078
100080
100083
100084
100086
100068
100070
100072
100074
100076
100078
100080
100083
100085
100086
100068
100070
100072
100074
100076
100078
100080
100083
100085
100087
100068
100070
100072
100074
100076
100078
100080
100083
100086
100088
100069
100071
100072
100074
100076
100078
100081
100083
100086
100088
100069
100070
100072
100074
100076
100078
100081
100083
100085
100087
100068
100070
100072
100074
100076
100078
100081
100083
100085
100086
100068
100070
100072
100074
100076
100078
100081
100083
100085
100086
100067
100069
100071
100074
100076
100078
100080
100083
100085
100086
100067
100069
100071
100073
100076
100078
100080
100083
100084
100086
100067
100069
100071
100073
100076
100078
100080
100083
100084
100086
100067
100069
100071
100073
100075
100078
100080
100083
100085
100086
100067
100069
100071
100073
100075
100078
100080
100083
100085
100086
100067
100069
100071
100073
100075
100078
100080
100083
100086
100088
100068
100070
100072
100074
100076
100078
100081
100083
100086
100088
100067
100069
100071
100074
100076
100078
100081
100083
100085
100087
100067
100069
100071
100074
100076
100078
100080
100083
100085
100086
100066
100069
100071
100073
100076
100078
100080
100083
100085
100086
100066
100068
100071
100073
100075
100078
100080
100083
100085
100086
100065
100068
100071
100073
100075
100078
100080
100083
100085
100086
100065
100068
100070
100073
100075
100078
100080
100083
100085
100086
100065
100068
100070
100073
100075
100078
100080
100083
100085
100086
100065
100068
100070
100073
100075
100078
100080
100083
100085
100087
100066
100068
100070
100073
100075
100078
100080
100083
100086
100088
100066
100068
100071
100073
100076
100078
100080
100083
100086
100089
100066
100068
100071
100073
100076
100078
100080
100083
100086
100088
100065
100068
100071
100073
100076
100078
100080
100083
100085
100087
100065
100068
100070
100073
100075
100078
100080
100083
100085
100087
100064
100067
100070
100073
100075
100078
100080
100083
100085
100086
100064
100067
100070
100073
100075
100078
100080
100083
100085
100086
100064
100067
100070
100073
100075
100077
100080
100083
100085
100086
100064
100067
100070
100072
100075
100077
100080
100083
100085
100086
100064
100067
100070
100072
100075
100077
100080
100083
100086
100087
100064
100067
100070
100073
100075
100077
100080
100083
100086
100088
100064
100067
100070
100073
100076
100078
100080
100083
100086
100090
100064
100067
100070
100073
100076
100078
100080
100083
100086
100089
100064
100067
100070
100073
100075
100078
100080
100083
100086
100088
100063
100066
100070
100073
100075
100078
100080
100083
100085
100088
100062
100066
100069
100072
100075
100077
100080
100083
100085
100087
100062
100066
100069
100072
100075
100077
100080
100083
100085
100087
100062
100066
100069
100072
100075
100077
100080
100083
100086
100087
100062
100066
100069
100072
100075
100077
100080
100083
100086
100087
100063
100066
100069
100072
100075
100077
100080
100083
100086
100088
100063
100066
100069
100072
100075
100077
100080
100083
100087
100089
100063
100067
100070
100073
100075
100078
100080
100083
100087
100092
100063
100067
100070
100073
100075
100078
100080
100083
100086
100091
100063
100066
100070
100073
100075
100078
100080
100083
100086
100090
100062
100066
100070
100072
100075
100078
100080
100083
100086
100089
100061
100065
100069
100072
100075
100077
100080
100083
100086
100089
100061
100065
100069
100072
100075
100077
100080
100083
100086
100088
100061
100065
100069
100072
100075
100077
100080
100083
100086
100088
100061
100065
100069
100072
100075
100077
100080
100083
100086
100088
100062
100066
100069
100072
100075
100077
100080
100083
100087
100089
100063
100066
100069
100072
100075
100077
100080
100083
100087
100090
100072
100070
100069
100068
100069
100071
100072
100057
100030
100046
100072
100070
100069
100068
100068
100070
100071
100054
100025
100042
100072
100070
100069
100068
100067
100069
100068
100050
100026
100041
100072
100070
100068
100067
100066
100068
100065
100047
100028
100040
100071
100069
100068
100066
100065
100066
100063
100046
100031
100041
100071
100069
100068
100066
100064
100065
100062
100045
100033
100042
100071
100069
100067
100065
100063
100064
100061
100044
100036
100043
100071
100068
100066
100064
100062
100063
100059
100042
100039
100045
100071
100068
100065
100063
100061
100061
100056
100040
100040
100046
100070
100068
100065
100062
100060
100058
100053
100039
100039
100046
100073
100072
100071
100070
100067
100067
100068
100054
100024
100031
100074
100072
100071
100069
100066
100065
100065
100048
100018
100031
100073
100072
100071
100068
100065
100064
100063
100042
100012
100034
100073
100072
100070
100067
100063
100062
100059
100037
100010
100035
100073
100071
100069
100066
100062
100060
100055
100034
100012
100036
100072
100070
100068
100065
100060
100057
100051
100032
100015
100036
100072
100070
100067
100064
100059
100055
100048
100030
100018
100039
100071
100069
100066
100063
100058
100054
100046
100029
100022
100040
100071
100069
100065
100061
100056
100052
100043
100027
100027
100040
100071
100068
100064
100060
100054
100048
100038
100025
100029
100039
100075
100075
100075
100074
100072
100067
100058
100042
100014
100027
100075
100075
100075
100074
100071
100065
100055
100037
100005
100025
100075
100074
100074
100072
100068
100062
100052
100036
100002
100027
100074
100073
100072
100069
100064
100058
100049
100033
100004
100029
100074
100073
100071
100067
100061
100055
100045
100031
100006
100030
100073
100071
100069
100065
100058
100052
100041
100030
100007
100030
100072
100070
100068
100063
100056
100048
100038
100029
100008
100033
100071
100069
100066
100061
100053
100046
100037
100027
100010
100036
100071
100068
100064
100059
100051
100043
100035
100026
100014
100037
100070
100067
100063
100057
100049
100039
100030
100023
100018
100036
100075
100076
100076
100077
100077
100072
100057
100038
100031
100036
100075
100075
100076
100077
100077
100070
100053
100034
100026
100034
100075
100075
100075
100075
100072
100065
100048
100030
100024
100032
100074
100074
100074
100072
100068
100059
100044
100027
100023
100031
100073
100073
100072
100069
100064
100055
100040
100025
100023
100032
100073
100072
100070
100066
100060
100051
100038
100025
100023
100033
100072
100070
100068
100063
100056
100047
100035
100026
100024
100035
100071
100069
100066
100061
100052
100042
100034
100027
100024
100038
100069
100067
100064
100058
100049
100039
100033
100029
100027
100039
100068
100066
100062
100056
100046
100035
100029
100029
100029
100040
100075
100075
100076
100077
100077
100071
100058
100045
100042
100045
100075
100075
100075
100076
100075
100069
100054
100041
100040
100045
100074
100074
100074
100074
100072
100064
100049
100036
100038
100044
100073
100073
100073
100072
100068
100060
100045
100031
100037
100043
100073
100072
100071
100069
100065
100056
100042
100029
100037
100043
100072
100071
100069
100067
100061
100052
100041
100029
100037
100043
100070
100069
100067
100064
100057
100048
100040
100031
100038
100044
100069
100068
100065
100061
100053
100044
100038
100032
100038
100043
100068
100066
100063
100058
100050
100039
100036
100033
100037
100042
100066
100064
100060
100055
100046
100036
100032
100034
100035
100043
100074
100074
100075
100075
100073
100069
100059
100051
100049
100051
100074
100074
100074
100074
100072
100067
100056
100049
100049
100052
100073
100073
100073
100072
100070
100063
100052
100046
100048
100051
100072
100072
100072
100070
100067
100059
100048
100042
100046
100050
100071
100071
100070
100068
100064
100056
100045
100040
100046
100049
100070
100070
100068
100066
100061
100052
100043
100039
100045
100049
100069
100068
100066
100063
100058
100050
100043
100039
100044
100048
100068
100066
100064
100060
100054
100047
100043
100040
100044
100048
100066
100064
100061
100057
100051
100043
100042
100041
100044
100049
100064
100062
100059
100054
100047
100040
100039
100041
100044
100051
100073
100073
100073
100073
100071
100067
100061
100056
100055
100056
100072
100073
100072
100072
100070
100066
100059
100055
100055
100056
100072
100072
100071
100071
100068
100063
100056
100053
100054
100056
100071
100071
100070
100069
100066
100060
100053
100051
100053
100056
100070
100070
100069
100067
100064
100057
100050
100048
100052
100055
100069
100068
100067
100065
100061
100054
100048
100047
100052
100055
100068
100067
100065
100063
100058
100051
100047
100046
100051
100055
100066
100065
100063
100060
100055
100049
100047
100046
100051
100055
100064
100063
100060
100057
100052
100046
100047
100047
100052
100055
100062
100060
100057
100053
100049
100044
100046
100048
100052
100055
100072
100072
100072
100071
100070
100066
100062
100059
100058
100059
100071
100071
100071
100070
100069
100066
100062
100059
100058
100059
100071
100071
100070
100069
100068
100064
100060
100058
100058
100059
100070
100070
100069
100068
100066
100062
100057
100056
100057
100059
100069
100069
100068
100066
100064
100059
100055
100054
100056
100058
100068
100067
100066
100065
100062
100057
100053
100053
100056
100058
100066
100066
100064
100062
100059
100054
100051
100052
100055
100058
100065
100064
100062
100060
100056
100052
100050
100051
100055
100057
100063
100061
100059
100056
100053
100049
100050
100052
100055
100058
100060
100059
100056
100053
100050
100048
100050
100052
100055
100058
100071
100071
100071
100070
100069
100066
100063
100061
100061
100061
100070
100070
100070
100069
100068
100066
100063
100061
100061
100061
100070
100070
100069
100068
100067
100065
100062
100060
100060
100061
100069
100069
100068
100067
100066
100063
100060
100059
100060
100061
100068
100068
100067
100066
100064
100061
100058
100058
100059
100060
100067
100066
100065
100064
100062
100059
100056
100057
100058
100060
100065
100065
100064
100062
100060
100057
100054
100055
100058
100059
100064
100063
100061
100060
100057
100054
100053
100055
100058
100059
100062
100060
100059
100056
100054
100051
100051
100055
100057
100059
100059
100058
100056
100054
100052
100050
100051
100055
100057
100059
100070
100070
100070
100069
100068
100066
100064
100063
100062
100062
100069
100069
100069
100068
100067
100066
100064
100062
100062
100062
100069
100069
100068
100068
100067
100065
100063
100062
100062
100062
100068
100068
100067
100067
100066
100064
100062
100061
100061
100062
100067
100067
100066
100065
100064
100062
100060
100060
100061
100061
100066
100065
100065
100064
100063
100061
100059
100059
100060
100061
100064
100064
100063
100062
100061
100058
100057
100058
100060
100061
100063
100062
100061
100060
100058
100056
100055
100057
100059
100060
100061
100060
100058
100057
100055
100053
100053
100057
100059
100060
100058
100057
100056
100054
100053
100052
100053
100057
100059
100060
100069
100069
100069
100068
100067
100066
100065
100063
100063
100063
100069
100069
100068
100068
100067
100066
100064
100063
100063
100063
100068
100068
100068
100067
100066
100065
100064
100063
100063
100063
100067
100067
100067
100066
100065
100064
100063
100062
100062
100062
100066
100066
100066
100065
100064
100063
100062
100061
100062
100062
100065
100065
100064
100064
100063
100061
100060
100061
100061
100062
100064
100063
100063
100062
100061
100060
100059
100060
100060
100061
100062
100061
100061
100060
100059
100058
100057
100059
100060
100061
100060
100059
100058
100057
100056
100055
100055
100058
100059
100060
100058
100057
100056
100055
100054
100054
100055
100058
100059
100060
100068
100068
100068
100067
100067
100066
100065
100064
100064
100063
100068
100068
100068
100067
100066
100065
100065
100064
100063
100063
100067
100067
100067
100066
100066
100065
100064
100063
100063
100063
100067
100066
100066
100066
100065
100064
100063
100063
100063
100063
100066
100065
100065
100064
100064
100063
100062
100062
100062
100062
100065
100064
100064
100063
100063
100062
100061
100061
100062
100062
100063
100063
100062
100062
100061
100060
100060
100060
100061
100061
100062
100061
100060
100060
100059
100059
100058
100059
100060
100061
100060
100059
100058
100057
100056
100056
100057
100059
100060
100060
100058
100057
100056
100055
100055
100055
100056
100058
100059
100060
100068
100068
100067
100067
100066
100066
100065
100064
100064
100064
100067
100067
100067
100067
100066
100065
100065
100064
100064
100064
100067
100067
100066
100066
100065
100065
100064
100064
100063
100063
100066
100066
100066
100065
100065
100064
100063
100063
100063
100063
100065
100065
100065
100064
100064
100063
100063
100062
100062
100063
100064
100064
100063
100063
100062
100062
100062
100062
100062
100062
100063
100062
100062
100061
100061
100060
100060
100061
100061
100061
100061
100061
100060
100060
100059
100059
100059
100060
100060
100061
100059
100058
100058
100057
100057
100057
100057
100059
100059
100060
100058
100057
100056
100056
100055
100056
100057
100058
100059
100059
100067
100067
100067
100066
100066
100065
100065
100064
100064
100064
100067
100067
100066
100066
100066
100065
100065
100064
100064
100064
100066
100066
100066
100065
100065
100064
100064
100064
100064
100064
100065
100065
100065
100065
100064
100064
100063
100063
100063
100063
100065
100064
100064
100064
100063
100063
100063
100063
100063
100063
100064
100063
100063
100063
100062
100062
100062
100062
100062
100062
100062
100062
100062
100061
100061
100061
100061
100061
100061
100062
100061
100060
100060
100059
100059
100059
100059
100060
100060
100061
100059
100058
100058
100057
100057
100057
100058
100059
100059
100060
100058
100057
100056
100056
100055
100056
100057
100058
100059
100059
100066
100067
100066
100066
100066
100065
100065
100064
100064
100064
100066
100066
100066
100066
100065
100065
100065
100064
100064
100064
100066
100066
100065
100065
100065
100064
100064
100064
100064
100064
100065
100065
100065
100064
100064
100064
100063
100063
100063
100063
100064
100064
100064
100063
100063
100063
100063
100063
100063
100063
100063
100063
100063
100062
100062
100062
100062
100062
100062
100062
100062
100062
100061
100061
100061
100060
100061
100061
100061
100062
100061
100060
100060
100059
100059
100059
100059
100060
100060
100061
100059
100058
100058
100057
100057
100057
100058
100058
100059
100060
100058
100057
100056
100056
100055
100056
100056
100057
100058
100059
100066
100066
100066
100065
100065
100065
100065
100064
100064
100064
100066
100066
100065
100065
100065
100064
100064
100064
100064
100064
100065
100065
100065
100064
100064
100064
100064
100064
100064
100064
100065
100065
100064
100064
100063
100063
100063
100063
100063
100063
100064
100064
100063
100063
100063
100062
100062
100062
100063
100063
100063
100063
100062
100062
100061
100061
100061
100062
100062
100062
100062
100062
100061
100060
100060
100060
100060
100061
100061
100062
100061
100060
100059
100059
100059
100059
100059
100060
100060
100061
100060
100059
100058
100057
100057
100057
100057
100058
100059
100060
100059
100058
100056
100055
100055
100055
100056
100057
100058
100059
100066
100066
100065
100065
100065
100064
100064
100064
100064
100064
100065
100065
100065
100065
100064
100064
100064
100064
100064
100064
100065
100065
100064
100064
100064
100063
100063
100064
100064
100064
100064
100064
100064
100063
100063
100063
100063
100063
100063
100063
100064
100063
100063
100062
100062
100062
100062
100062
100062
100063
100063
100062
100062
100061
100061
100061
100061
100061
100062
100062
100062
100061
100060
100060
100060
100060
100060
100060
100061
100062
100061
100060
100059
100058
100058
100058
100059
100059
100060
100061
100060
100058
100057
100056
100056
100056
100057
100058
100059
100060
100059
100057
100056
100055
100055
100055
100056
100057
100058
100059
100066
100065
100065
100064
100064
100064
100064
100064
100064
100065
100065
100065
100064
100064
100063
100063
100063
100064
100064
100064
100065
100065
100064
100063
100063
100063
100063
100063
100064
100064
100065
100064
100063
100062
100062
100062
100062
100063
100063
100064
100064
100063
100062
100061
100061
100061
100061
100062
100063
100063
100064
100063
100061
100060
100060
100060
100060
100061
100062
100063
100063
100062
100060
100059
100059
100059
100059
100060
100061
100062
100062
100060
100059
100058
100057
100057
100058
100059
100060
100062
100061
100059
100057
100056
100055
100056
100056
100057
100059
100061
100060
100058
100056
100055
100054
100054
100055
100057
100059
100060
100065
100065
100064
100063
100063
100063
100063
100063
100064
100064
100065
100064
100063
100063
100062
100062
100063
100063
100063
100064
100065
100064
100063
100062
100062
100062
100062
100062
100063
100064
100065
100063
100062
100061
100061
100061
100061
100062
100062
100064
100064
100062
100061
100061
100060
100060
100060
100061
100062
100064
100064
100062
100060
100060
100059
100059
100060
100060
100061
100063
100063
100061
100059
100058
100058
100058
100058
100059
100061
100063
100062
100060
100058
100057
100056
100056
100057
100058
100060
100062
100061
100059
100057
100055
100055
100055
100056
100057
100059
100061
100061
100058
100056
100054
100053
100053
100055
100056
100059
100061
100066
100065
100062
100061
100060
100060
100061
100062
100064
100066
100067
100065
100061
100060
100060
100060
100060
100061
100064
100066
100066
100064
100061
100060
100059
100059
100060
100061
100064
100066
100066
100064
100060
100059
100059
100059
100059
100060
100064
100065
100066
100064
100060
100058
100058
100058
100058
100060
100063
100065
100065
100063
100059
100058
100057
100057
100058
100059
100062
100065
100065
100062
100058
100057
100056
100056
100057
100058
100062
100064
100064
100061
100057
100056
100055
100055
100056
100057
100061
100063
100063
100059
100056
100054
100054
100054
100055
100057
100059
100062
100062
100059
100056
100054
100053
100053
100054
100056
100059
100062
100066
100063
100061
100059
100058
100058
100059
100060
100063
100065
100066
100063
100060
100059
100058
100058
100059
100060
100063
100065
100066
100063
100060
100058
100057
100057
100058
100060
100063
100065
100066
100063
100060
100058
100057
100057
100058
100060
100063
100065
100066
100063
100059
100057
100056
100056
100057
100059
100062
100065
100065
100062
100059
100056
100055
100055
100057
100059
100062
100065
100065
100061
100058
100056
100055
100055
100056
100058
100061
100064
100064
100060
100057
100055
100054
100054
100055
100057
100060
100064
100063
100059
100056
100054
100053
100053
100054
100056
100059
100063
100062
100058
100055
100053
100052
100052
100053
100055
100059
100062
100065
100062
100059
100058
100057
100057
100058
100059
100061
100064
100065
100062
100059
100057
100056
100056
100057
100059
100061
100064
100065
100061
100059
100057
100056
100056
100057
100059
100061
100064
100065
100061
100059
100057
100055
100055
100057
100059
100061
100064
100065
100061
100058
100056
100055
100055
100056
100058
100061
100064
100064
100060
100057
100055
100054
100054
100055
100058
100060
100064
100064
100060
100057
100055
100053
100053
100055
100057
100060
100063
100063
100059
100056
100054
100053
100053
100054
100056
100059
100063
100063
100058
100055
100053
100052
100052
100053
100055
100058
100062
100062
100057
100054
100052
100051
100052
100053
100054
100057
100062
100064
100059
100057
100056
100055
100055
100056
100057
100059
100063
100064
100059
100057
100055
100054
100054
100056
100057
100059
100063
100064
100059
100057
100055
100054
100054
100055
100057
100059
100063
100063
100059
100057
100055
100054
100054
100055
100057
100059
100063
100063
100059
100056
100054
100053
100053
100054
100056
100059
100063
100063
100058
100056
100054
100053
100053
100054
100056
100058
100062
100062
100058
100055
100053
100052
100052
100053
100055
100058
100062
100062
100057
100054
100052
100051
100051
100053
100055
100057
100062
100061
100056
100053
100052
100051
100051
100052
100054
100056
100061
100061
100056
100053
100051
100051
100051
100052
100053
100056
100061
100062
100057
100054
100053
100052
100052
100053
100055
100057
100061
100062
100057
100054
100053
100052
100052
100053
100055
100057
100062
100062
100057
100054
100053
100052
100052
100053
100054
100057
100062
100062
100057
100054
100052
100051
100051
100052
100054
100057
100061
100061
100056
100054
100052
100051
100051
100052
100054
100056
100061
100061
100056
100053
100051
100051
100051
100052
100053
100056
100061
100061
100055
100053
100051
100050
100050
100051
100053
100056
100061
100060
100055
100052
100050
100050
100050
100051
100052
100055
100060
100060
100054
100051
100050
100049
100049
100050
100052
100055
100060
100060
100054
100051
100050
100049
100049
100050
100052
100054
100059
100059
100054
100052
100050
100049
100049
100050
100052
100054
100059
100059
100054
100051
100050
100049
100049
100050
100052
100054
100059
100059
100054
100051
100050
100049
100049
100050
100052
100054
100059
100059
100054
100051
100049
100049
100049
100050
100051
100054
100059
100059
100053
100051
100049
100048
100048
100049
100051
100054
100059
100059
100053
100050
100049
100048
100048
100049
100051
100053
100059
100058
100053
100050
100048
100048
100048
100049
100050
100053
100058
100058
100052
100049
100048
100047
100047
100048
100050
100053
100058
100058
100052
100049
100048
100047
100047
100048
100049
100052
100058
100057
100051
100049
100048
100047
100047
100048
100049
100052
100057
100056
100050
100048
100046
100046
100046
100047
100048
100050
100056
100056
100050
100048
100046
100046
100046
100047
100048
100050
100056
100056
100050
100048
100046
100046
100046
100047
100048
100050
100056
100056
100050
100047
100046
100045
100045
100046
100048
100050
100056
100056
100050
100047
100046
100045
100045
100046
100048
100050
100056
100056
100049
100047
100045
100045
100045
100046
100047
100050
100056
100055
100049
100047
100045
100045
100045
100045
100047
100050
100056
100055
100049
100046
100045
100044
100045
100045
100047
100049
100055
100055
100048
100046
100045
100044
100045
100045
100046
100049
100055
100054
100048
100046
100045
100045
100045
100045
100046
100048
100055
100051
100045
100043
100042
100042
100042
100043
100044
100045
100052
100052
100045
100043
100042
100042
100042
100043
100044
100045
100052
100052
100045
100043
100042
100042
100042
100043
100044
100045
100052
100052
100045
100043
100042
100042
100042
100042
100043
100045
100052
100051
100045
100043
100042
100041
100042
100042
100043
100045
100052
100051
100044
100043
100042
100041
100041
100042
100043
100045
100052
100051
100044
100042
100041
100041
100041
100042
100043
100045
100051
100051
100044
100042
100041
100041
100041
100042
100043
100044
100051
100050
100043
100042
100041
100041
100041
100041
100042
100044
100051
100050
100043
100042
100041
100041
100041
100042
100042
100044
100051
100045
100038
100038
100037
100038
100038
100038
100038
100039
100045
100045
100038
100038
100038
100038
100038
100038
100038
100039
100045
100045
100038
100037
100037
100038
100038
100038
100038
100039
100045
100045
100038
100037
100037
100037
100037
100038
100038
100038
100045
100045
100038
100037
100037
100037
100037
100037
100038
100038
100045
100045
100038
100037
100037
100037
100037
100037
100037
100038
100045
100045
100038
100037
100037
100037
100037
100037
100037
100038
100045
100044
100037
100037
100037
100037
100037
100037
100037
100038
100045
100044
100037
100037
100037
100037
100037
100037
100037
100038
100045
100044
100036
100037
100037
100037
100037
100037
100037
100037
100044
100034
100029
100031
100032
100032
100033
100032
100031
100030
100035
100034
100029
100031
100032
100033
100033
100032
100031
100029
100034
100033
100029
100031
100032
100033
100033
100032
100031
100029
100034
100033
100028
100031
100032
100032
100032
100032
100031
100029
100034
100033
100028
100031
100032
100032
100032
100032
100031
100029
100034
100033
100028
100030
100032
100032
100032
100032
100031
100029
100034
100033
100028
100030
100032
100032
100032
100032
100031
100029
100034
100033
100028
100030
100032
100032
100032
100032
100031
100029
100034
100033
100028
100031
100032
100032
100032
100032
100031
100029
100034
100033
100028
100031
100032
100032
100032
100032
100031
100029
100034
100017
100019
100024
100026
100027
100027
100026
100024
100020
100018
100016
100018
100024
100026
100027
100027
100026
100024
100019
100016
100015
100018
100024
100026
100027
100027
100026
100024
100018
100016
100015
100018
100024
100026
100027
100027
100026
100024
100018
100016
100015
100018
100023
100026
100027
100027
100026
100024
100018
100015
100015
100018
100023
100026
100027
100027
100026
100024
100018
100016
100015
100018
100023
100026
100027
100027
100026
100024
100018
100016
100015
100018
100024
100026
100027
100027
100026
100024
100019
100016
100016
100018
100024
100026
100027
100027
100026
100024
100019
100016
100016
100019
100024
100026
100027
100027
100026
100024
100019
100017
99991.8
100010
100018
100020
100021
100021
100020
100018
100010
99992.6
99988.6
100009
100018
100020
100021
100021
100020
100018
100009
99989.5
99987
100008
100018
100020
100021
100021
100020
100018
100009
99988
99986.3
100008
100017
100020
100021
100021
100020
100018
100009
99987.3
99986
100008
100017
100020
100021
100021
100020
100018
100008
99987
99986.1
100008
100017
100020
100021
100021
100020
100018
100009
99987
99986.4
100008
100017
100020
100021
100021
100020
100018
100009
99987.4
99987.2
100009
100018
100020
100021
100021
100020
100018
100009
99988.1
99988.9
100009
100018
100020
100021
100021
100020
100018
100010
99989.8
99992.6
100010
100018
100020
100021
100021
100020
100018
100011
99993.4
99987.9
100005
100011
100014
100015
100015
100014
100012
100005
99988.6
99984.9
100004
100011
100014
100016
100016
100014
100012
100004
99985.6
99983.3
100003
100011
100014
100015
100015
100014
100012
100004
99984.1
99982.5
100003
100011
100014
100015
100015
100014
100012
100003
99983.3
99982.2
100003
100011
100014
100015
100015
100014
100011
100003
99983
99982.2
100003
100011
100014
100015
100015
100014
100011
100004
99983
99982.7
100003
100011
100014
100015
100015
100014
100012
100004
99983.5
99983.6
100004
100012
100014
100015
100015
100014
100012
100004
99984.3
99985.2
100004
100012
100014
100016
100016
100014
100012
100005
99985.9
99989.3
100006
100012
100014
100016
100016
100015
100012
100006
99989.9
99996.3
100004
100007
100009
100011
100011
100009
100007
100004
99996.7
99994.6
100003
100007
100009
100011
100011
100009
100007
100003
99995
99993.8
100003
100007
100009
100011
100011
100009
100007
100003
99994.3
99993.4
100003
100007
100009
100011
100011
100009
100007
100003
99993.9
99993.2
100003
100007
100009
100011
100011
100009
100007
100003
99993.6
99993.2
100003
100007
100009
100011
100011
100009
100007
100003
99993.7
99993.6
100003
100007
100009
100011
100011
100009
100007
100004
99994.1
99994.3
100004
100007
100009
100011
100011
100009
100007
100004
99994.7
99995
100004
100008
100009
100011
100011
100010
100008
100004
99995.4
99997.1
100005
100008
100010
100011
100011
100010
100008
100005
99997.5
100002
100004
100005
100006
100007
100008
100006
100005
100004
100003
100002
100004
100005
100006
100007
100008
100006
100005
100004
100002
100002
100004
100005
100006
100007
100007
100006
100005
100005
100002
100002
100005
100004
100006
100007
100007
100006
100005
100005
100002
100001
100005
100004
100006
100007
100007
100006
100004
100005
100002
100002
100005
100004
100006
100007
100007
100006
100004
100005
100002
100002
100005
100004
100006
100007
100008
100006
100005
100005
100002
100002
100005
100005
100006
100008
100008
100006
100005
100005
100002
100002
100005
100005
100006
100008
100008
100006
100005
100005
100002
100003
100006
100005
100007
100008
100008
100007
100006
100006
100003
100005
100005
100004
100005
100005
100005
100005
100004
100005
100005
100004
100005
100004
100004
100005
100005
100004
100004
100005
100005
100005
100005
100004
100004
100005
100005
100004
100004
100005
100005
100005
100005
100004
100004
100005
100005
100004
100004
100005
100005
100005
100005
100004
100004
100005
100005
100004
100004
100005
100005
100005
100005
100004
100004
100005
100005
100004
100004
100006
100005
100005
100006
100004
100004
100005
100005
100005
100004
100006
100005
100005
100006
100004
100005
100005
100006
100005
100004
100006
100005
100005
100006
100004
100005
100006
100006
100005
100004
100006
100005
100005
100005
100004
100005
100006
100006
100005
100005
100006
100005
100004
100004
100004
100004
100004
100004
100004
100004
100004
100004
100004
100005
100004
100004
100004
100004
100004
100004
100005
100004
100004
100005
100004
100004
100004
100004
100004
100004
100005
100004
100004
100005
100004
100004
100004
100004
100004
100004
100005
100004
100004
100005
100004
100004
100004
100004
100004
100004
100005
100004
100004
100005
100004
100004
100004
100004
100004
100004
100005
100004
100004
100005
100004
100004
100004
100004
100004
100004
100005
100005
100004
100005
100004
100004
100004
100004
100004
100004
100005
100005
100004
100005
100004
100004
100004
100004
100004
100004
100005
100004
100004
100005
100004
100004
100004
100004
100004
100004
100005
100004
100003
100003
100003
100003
100003
100003
100003
100003
100004
100003
100003
100004
100003
100003
100003
100003
100003
100003
100004
100003
100003
100004
100003
100003
100003
100003
100003
100003
100004
100003
100003
100004
100003
100003
100003
100003
100003
100003
100004
100003
100003
100004
100003
100003
100003
100003
100003
100003
100004
100003
100003
100004
100003
100003
100003
100003
100003
100003
100004
100003
100003
100004
100003
100003
100003
100003
100004
100004
100004
100003
100003
100004
100003
100003
100003
100004
100004
100004
100004
100003
100003
100004
100003
100003
100004
100004
100004
100003
100004
100003
100003
100004
100003
100004
100004
100004
100004
100003
100004
100003
100002
100002
100002
100003
100003
100003
100003
100002
100002
100002
100002
100002
100002
100003
100003
100003
100003
100003
100003
100002
100002
100003
100003
100003
100003
100003
100003
100003
100003
100002
100002
100003
100003
100003
100003
100003
100003
100003
100003
100002
100002
100003
100003
100003
100003
100003
100003
100003
100003
100002
100002
100003
100003
100003
100003
100003
100003
100003
100003
100002
100002
100003
100003
100003
100003
100003
100003
100003
100003
100002
100002
100003
100003
100003
100003
100003
100003
100003
100003
100002
100002
100003
100003
100003
100003
100003
100003
100003
100003
100002
100002
100003
100003
100003
100003
100003
100003
100003
100003
100002
100001
100001
100001
100002
100002
100002
100002
100001
100001
100001
100001
100001
100001
100002
100002
100002
100002
100001
100001
100001
100001
100002
100002
100002
100002
100002
100002
100002
100002
100001
100001
100002
100002
100002
100002
100002
100002
100002
100002
100001
100001
100002
100002
100002
100002
100002
100002
100002
100002
100001
100001
100002
100002
100002
100002
100002
100002
100002
100002
100001
100001
100002
100002
100002
100002
100002
100002
100002
100002
100001
100001
100002
100002
100002
100002
100002
100002
100002
100002
100001
100001
100002
100002
100002
100002
100002
100002
100002
100002
100001
100001
100001
100002
100002
100002
100002
100002
100002
100001
100001
100000
100000
100000
100001
100001
100001
100001
100000
100000
100000
100000
100000
100000
100001
100001
100001
100001
100000
100000
100000
100000
100001
100000
100001
100001
100001
100001
100000
100001
100000
100000
100001
100000
100001
100001
100001
100001
100000
100001
100000
100000
100001
100000
100001
100001
100001
100001
100000
100001
100000
100000
100001
100000
100001
100001
100001
100001
100000
100001
100000
100000
100001
100000
100001
100001
100001
100001
100000
100001
100000
100000
100001
100000
100001
100001
100001
100001
100000
100001
100000
100000
100001
100000
100001
100001
100001
100001
100000
100001
100000
100000
100000
100000
100001
100001
100001
100001
100000
100000
100000
)
;

boundaryField
{
    flowInlet
    {
        type            zeroGradient;
    }
    flowOutlet
    {
        type            fixedValue;
        value           uniform 100000;
    }
    minorInlet
    {
        type            zeroGradient;
    }
    pipe
    {
        type            zeroGradient;
    }
    topSurf
    {
        type            zeroGradient;
    }
    bottomSurf
    {
        type            zeroGradient;
    }
    innerSurf
    {
        type            zeroGradient;
    }
    outerSurf
    {
        type            zeroGradient;
    }
}


// ************************************************************************* //
