/*--------------------------------*- C++ -*----------------------------------*\
| =========                 |                                                 |
| \\      /  F ield         | OpenFOAM: The Open Source CFD Toolbox           |
|  \\    /   O peration     | Version:  1.7.x                                 |
|   \\  /    A nd           | Web:      www.OpenFOAM.com                      |
|    \\/     M anipulation  |                                                 |
\*---------------------------------------------------------------------------*/
FoamFile
{
    version     2.0;
    format      ascii;
    class       vectorField;
    location    "constant/polyMesh";
    object      points;
}
// * * * * * * * * * * * * * * * * * * * * * * * * * * * * * * * * * * * * * //


1331
(
(0 0 0)
(0.5 0 0)
(1 0 0)
(1.5 0 0)
(2 0 0)
(2.5 0 0)
(3 0 0)
(3.5 0 0)
(4 0 0)
(4.5 0 0)
(5 0 0)
(0 0.1 0)
(0.5 0.1 0)
(1 0.1 0)
(1.5 0.1 0)
(2 0.1 0)
(2.5 0.1 0)
(3 0.1 0)
(3.5 0.1 0)
(4 0.1 0)
(4.5 0.1 0)
(5 0.1 0)
(0 0.2 0)
(0.5 0.2 0)
(1 0.2 0)
(1.5 0.2 0)
(2 0.2 0)
(2.5 0.2 0)
(3 0.2 0)
(3.5 0.2 0)
(4 0.2 0)
(4.5 0.2 0)
(5 0.2 0)
(0 0.3 0)
(0.5 0.3 0)
(1 0.3 0)
(1.5 0.3 0)
(2 0.3 0)
(2.5 0.3 0)
(3 0.3 0)
(3.5 0.3 0)
(4 0.3 0)
(4.5 0.3 0)
(5 0.3 0)
(0 0.4 0)
(0.5 0.4 0)
(1 0.4 0)
(1.5 0.4 0)
(2 0.4 0)
(2.5 0.4 0)
(3 0.4 0)
(3.5 0.4 0)
(4 0.4 0)
(4.5 0.4 0)
(5 0.4 0)
(0 0.5 0)
(0.5 0.5 0)
(1 0.5 0)
(1.5 0.5 0)
(2 0.5 0)
(2.5 0.5 0)
(3 0.5 0)
(3.5 0.5 0)
(4 0.5 0)
(4.5 0.5 0)
(5 0.5 0)
(0 0.6 0)
(0.5 0.6 0)
(1 0.6 0)
(1.5 0.6 0)
(2 0.6 0)
(2.5 0.6 0)
(3 0.6 0)
(3.5 0.6 0)
(4 0.6 0)
(4.5 0.6 0)
(5 0.6 0)
(0 0.7 0)
(0.5 0.7 0)
(1 0.7 0)
(1.5 0.7 0)
(2 0.7 0)
(2.5 0.7 0)
(3 0.7 0)
(3.5 0.7 0)
(4 0.7 0)
(4.5 0.7 0)
(5 0.7 0)
(0 0.8 0)
(0.5 0.8 0)
(1 0.8 0)
(1.5 0.8 0)
(2 0.8 0)
(2.5 0.8 0)
(3 0.8 0)
(3.5 0.8 0)
(4 0.8 0)
(4.5 0.8 0)
(5 0.8 0)
(0 0.9 0)
(0.5 0.9 0)
(1 0.9 0)
(1.5 0.9 0)
(2 0.9 0)
(2.5 0.9 0)
(3 0.9 0)
(3.5 0.9 0)
(4 0.9 0)
(4.5 0.9 0)
(5 0.9 0)
(0 1 0)
(0.5 1 0)
(1 1 0)
(1.5 1 0)
(2 1 0)
(2.5 1 0)
(3 1 0)
(3.5 1 0)
(4 1 0)
(4.5 1 0)
(5 1 0)
(0 0 0.1)
(0.5 0 0.1)
(1 0 0.1)
(1.5 0 0.1)
(2 0 0.1)
(2.5 0 0.1)
(3 0 0.1)
(3.5 0 0.1)
(4 0 0.1)
(4.5 0 0.1)
(5 0 0.1)
(0 0.1 0.1)
(0.5 0.1 0.1)
(1 0.1 0.1)
(1.5 0.1 0.1)
(2 0.1 0.1)
(2.5 0.1 0.1)
(3 0.1 0.1)
(3.5 0.1 0.1)
(4 0.1 0.1)
(4.5 0.1 0.1)
(5 0.1 0.1)
(0 0.2 0.1)
(0.5 0.2 0.1)
(1 0.2 0.1)
(1.5 0.2 0.1)
(2 0.2 0.1)
(2.5 0.2 0.1)
(3 0.2 0.1)
(3.5 0.2 0.1)
(4 0.2 0.1)
(4.5 0.2 0.1)
(5 0.2 0.1)
(0 0.3 0.1)
(0.5 0.3 0.1)
(1 0.3 0.1)
(1.5 0.3 0.1)
(2 0.3 0.1)
(2.5 0.3 0.1)
(3 0.3 0.1)
(3.5 0.3 0.1)
(4 0.3 0.1)
(4.5 0.3 0.1)
(5 0.3 0.1)
(0 0.4 0.1)
(0.5 0.4 0.1)
(1 0.4 0.1)
(1.5 0.4 0.1)
(2 0.4 0.1)
(2.5 0.4 0.1)
(3 0.4 0.1)
(3.5 0.4 0.1)
(4 0.4 0.1)
(4.5 0.4 0.1)
(5 0.4 0.1)
(0 0.5 0.1)
(0.5 0.5 0.1)
(1 0.5 0.1)
(1.5 0.5 0.1)
(2 0.5 0.1)
(2.5 0.5 0.1)
(3 0.5 0.1)
(3.5 0.5 0.1)
(4 0.5 0.1)
(4.5 0.5 0.1)
(5 0.5 0.1)
(0 0.6 0.1)
(0.5 0.6 0.1)
(1 0.6 0.1)
(1.5 0.6 0.1)
(2 0.6 0.1)
(2.5 0.6 0.1)
(3 0.6 0.1)
(3.5 0.6 0.1)
(4 0.6 0.1)
(4.5 0.6 0.1)
(5 0.6 0.1)
(0 0.7 0.1)
(0.5 0.7 0.1)
(1 0.7 0.1)
(1.5 0.7 0.1)
(2 0.7 0.1)
(2.5 0.7 0.1)
(3 0.7 0.1)
(3.5 0.7 0.1)
(4 0.7 0.1)
(4.5 0.7 0.1)
(5 0.7 0.1)
(0 0.8 0.1)
(0.5 0.8 0.1)
(1 0.8 0.1)
(1.5 0.8 0.1)
(2 0.8 0.1)
(2.5 0.8 0.1)
(3 0.8 0.1)
(3.5 0.8 0.1)
(4 0.8 0.1)
(4.5 0.8 0.1)
(5 0.8 0.1)
(0 0.9 0.1)
(0.5 0.9 0.1)
(1 0.9 0.1)
(1.5 0.9 0.1)
(2 0.9 0.1)
(2.5 0.9 0.1)
(3 0.9 0.1)
(3.5 0.9 0.1)
(4 0.9 0.1)
(4.5 0.9 0.1)
(5 0.9 0.1)
(0 1 0.1)
(0.5 1 0.1)
(1 1 0.1)
(1.5 1 0.1)
(2 1 0.1)
(2.5 1 0.1)
(3 1 0.1)
(3.5 1 0.1)
(4 1 0.1)
(4.5 1 0.1)
(5 1 0.1)
(0 0 0.2)
(0.5 0 0.2)
(1 0 0.2)
(1.5 0 0.2)
(2 0 0.2)
(2.5 0 0.2)
(3 0 0.2)
(3.5 0 0.2)
(4 0 0.2)
(4.5 0 0.2)
(5 0 0.2)
(0 0.1 0.2)
(0.5 0.1 0.2)
(1 0.1 0.2)
(1.5 0.1 0.2)
(2 0.1 0.2)
(2.5 0.1 0.2)
(3 0.1 0.2)
(3.5 0.1 0.2)
(4 0.1 0.2)
(4.5 0.1 0.2)
(5 0.1 0.2)
(0 0.2 0.2)
(0.5 0.2 0.2)
(1 0.2 0.2)
(1.5 0.2 0.2)
(2 0.2 0.2)
(2.5 0.2 0.2)
(3 0.2 0.2)
(3.5 0.2 0.2)
(4 0.2 0.2)
(4.5 0.2 0.2)
(5 0.2 0.2)
(0 0.3 0.2)
(0.5 0.3 0.2)
(1 0.3 0.2)
(1.5 0.3 0.2)
(2 0.3 0.2)
(2.5 0.3 0.2)
(3 0.3 0.2)
(3.5 0.3 0.2)
(4 0.3 0.2)
(4.5 0.3 0.2)
(5 0.3 0.2)
(0 0.4 0.2)
(0.5 0.4 0.2)
(1 0.4 0.2)
(1.5 0.4 0.2)
(2 0.4 0.2)
(2.5 0.4 0.2)
(3 0.4 0.2)
(3.5 0.4 0.2)
(4 0.4 0.2)
(4.5 0.4 0.2)
(5 0.4 0.2)
(0 0.5 0.2)
(0.5 0.5 0.2)
(1 0.5 0.2)
(1.5 0.5 0.2)
(2 0.5 0.2)
(2.5 0.5 0.2)
(3 0.5 0.2)
(3.5 0.5 0.2)
(4 0.5 0.2)
(4.5 0.5 0.2)
(5 0.5 0.2)
(0 0.6 0.2)
(0.5 0.6 0.2)
(1 0.6 0.2)
(1.5 0.6 0.2)
(2 0.6 0.2)
(2.5 0.6 0.2)
(3 0.6 0.2)
(3.5 0.6 0.2)
(4 0.6 0.2)
(4.5 0.6 0.2)
(5 0.6 0.2)
(0 0.7 0.2)
(0.5 0.7 0.2)
(1 0.7 0.2)
(1.5 0.7 0.2)
(2 0.7 0.2)
(2.5 0.7 0.2)
(3 0.7 0.2)
(3.5 0.7 0.2)
(4 0.7 0.2)
(4.5 0.7 0.2)
(5 0.7 0.2)
(0 0.8 0.2)
(0.5 0.8 0.2)
(1 0.8 0.2)
(1.5 0.8 0.2)
(2 0.8 0.2)
(2.5 0.8 0.2)
(3 0.8 0.2)
(3.5 0.8 0.2)
(4 0.8 0.2)
(4.5 0.8 0.2)
(5 0.8 0.2)
(0 0.9 0.2)
(0.5 0.9 0.2)
(1 0.9 0.2)
(1.5 0.9 0.2)
(2 0.9 0.2)
(2.5 0.9 0.2)
(3 0.9 0.2)
(3.5 0.9 0.2)
(4 0.9 0.2)
(4.5 0.9 0.2)
(5 0.9 0.2)
(0 1 0.2)
(0.5 1 0.2)
(1 1 0.2)
(1.5 1 0.2)
(2 1 0.2)
(2.5 1 0.2)
(3 1 0.2)
(3.5 1 0.2)
(4 1 0.2)
(4.5 1 0.2)
(5 1 0.2)
(0 0 0.3)
(0.5 0 0.3)
(1 0 0.3)
(1.5 0 0.3)
(2 0 0.3)
(2.5 0 0.3)
(3 0 0.3)
(3.5 0 0.3)
(4 0 0.3)
(4.5 0 0.3)
(5 0 0.3)
(0 0.1 0.3)
(0.5 0.1 0.3)
(1 0.1 0.3)
(1.5 0.1 0.3)
(2 0.1 0.3)
(2.5 0.1 0.3)
(3 0.1 0.3)
(3.5 0.1 0.3)
(4 0.1 0.3)
(4.5 0.1 0.3)
(5 0.1 0.3)
(0 0.2 0.3)
(0.5 0.2 0.3)
(1 0.2 0.3)
(1.5 0.2 0.3)
(2 0.2 0.3)
(2.5 0.2 0.3)
(3 0.2 0.3)
(3.5 0.2 0.3)
(4 0.2 0.3)
(4.5 0.2 0.3)
(5 0.2 0.3)
(0 0.3 0.3)
(0.5 0.3 0.3)
(1 0.3 0.3)
(1.5 0.3 0.3)
(2 0.3 0.3)
(2.5 0.3 0.3)
(3 0.3 0.3)
(3.5 0.3 0.3)
(4 0.3 0.3)
(4.5 0.3 0.3)
(5 0.3 0.3)
(0 0.4 0.3)
(0.5 0.4 0.3)
(1 0.4 0.3)
(1.5 0.4 0.3)
(2 0.4 0.3)
(2.5 0.4 0.3)
(3 0.4 0.3)
(3.5 0.4 0.3)
(4 0.4 0.3)
(4.5 0.4 0.3)
(5 0.4 0.3)
(0 0.5 0.3)
(0.5 0.5 0.3)
(1 0.5 0.3)
(1.5 0.5 0.3)
(2 0.5 0.3)
(2.5 0.5 0.3)
(3 0.5 0.3)
(3.5 0.5 0.3)
(4 0.5 0.3)
(4.5 0.5 0.3)
(5 0.5 0.3)
(0 0.6 0.3)
(0.5 0.6 0.3)
(1 0.6 0.3)
(1.5 0.6 0.3)
(2 0.6 0.3)
(2.5 0.6 0.3)
(3 0.6 0.3)
(3.5 0.6 0.3)
(4 0.6 0.3)
(4.5 0.6 0.3)
(5 0.6 0.3)
(0 0.7 0.3)
(0.5 0.7 0.3)
(1 0.7 0.3)
(1.5 0.7 0.3)
(2 0.7 0.3)
(2.5 0.7 0.3)
(3 0.7 0.3)
(3.5 0.7 0.3)
(4 0.7 0.3)
(4.5 0.7 0.3)
(5 0.7 0.3)
(0 0.8 0.3)
(0.5 0.8 0.3)
(1 0.8 0.3)
(1.5 0.8 0.3)
(2 0.8 0.3)
(2.5 0.8 0.3)
(3 0.8 0.3)
(3.5 0.8 0.3)
(4 0.8 0.3)
(4.5 0.8 0.3)
(5 0.8 0.3)
(0 0.9 0.3)
(0.5 0.9 0.3)
(1 0.9 0.3)
(1.5 0.9 0.3)
(2 0.9 0.3)
(2.5 0.9 0.3)
(3 0.9 0.3)
(3.5 0.9 0.3)
(4 0.9 0.3)
(4.5 0.9 0.3)
(5 0.9 0.3)
(0 1 0.3)
(0.5 1 0.3)
(1 1 0.3)
(1.5 1 0.3)
(2 1 0.3)
(2.5 1 0.3)
(3 1 0.3)
(3.5 1 0.3)
(4 1 0.3)
(4.5 1 0.3)
(5 1 0.3)
(0 0 0.4)
(0.5 0 0.4)
(1 0 0.4)
(1.5 0 0.4)
(2 0 0.4)
(2.5 0 0.4)
(3 0 0.4)
(3.5 0 0.4)
(4 0 0.4)
(4.5 0 0.4)
(5 0 0.4)
(0 0.1 0.4)
(0.5 0.1 0.4)
(1 0.1 0.4)
(1.5 0.1 0.4)
(2 0.1 0.4)
(2.5 0.1 0.4)
(3 0.1 0.4)
(3.5 0.1 0.4)
(4 0.1 0.4)
(4.5 0.1 0.4)
(5 0.1 0.4)
(0 0.2 0.4)
(0.5 0.2 0.4)
(1 0.2 0.4)
(1.5 0.2 0.4)
(2 0.2 0.4)
(2.5 0.2 0.4)
(3 0.2 0.4)
(3.5 0.2 0.4)
(4 0.2 0.4)
(4.5 0.2 0.4)
(5 0.2 0.4)
(0 0.3 0.4)
(0.5 0.3 0.4)
(1 0.3 0.4)
(1.5 0.3 0.4)
(2 0.3 0.4)
(2.5 0.3 0.4)
(3 0.3 0.4)
(3.5 0.3 0.4)
(4 0.3 0.4)
(4.5 0.3 0.4)
(5 0.3 0.4)
(0 0.4 0.4)
(0.5 0.4 0.4)
(1 0.4 0.4)
(1.5 0.4 0.4)
(2 0.4 0.4)
(2.5 0.4 0.4)
(3 0.4 0.4)
(3.5 0.4 0.4)
(4 0.4 0.4)
(4.5 0.4 0.4)
(5 0.4 0.4)
(0 0.5 0.4)
(0.5 0.5 0.4)
(1 0.5 0.4)
(1.5 0.5 0.4)
(2 0.5 0.4)
(2.5 0.5 0.4)
(3 0.5 0.4)
(3.5 0.5 0.4)
(4 0.5 0.4)
(4.5 0.5 0.4)
(5 0.5 0.4)
(0 0.6 0.4)
(0.5 0.6 0.4)
(1 0.6 0.4)
(1.5 0.6 0.4)
(2 0.6 0.4)
(2.5 0.6 0.4)
(3 0.6 0.4)
(3.5 0.6 0.4)
(4 0.6 0.4)
(4.5 0.6 0.4)
(5 0.6 0.4)
(0 0.7 0.4)
(0.5 0.7 0.4)
(1 0.7 0.4)
(1.5 0.7 0.4)
(2 0.7 0.4)
(2.5 0.7 0.4)
(3 0.7 0.4)
(3.5 0.7 0.4)
(4 0.7 0.4)
(4.5 0.7 0.4)
(5 0.7 0.4)
(0 0.8 0.4)
(0.5 0.8 0.4)
(1 0.8 0.4)
(1.5 0.8 0.4)
(2 0.8 0.4)
(2.5 0.8 0.4)
(3 0.8 0.4)
(3.5 0.8 0.4)
(4 0.8 0.4)
(4.5 0.8 0.4)
(5 0.8 0.4)
(0 0.9 0.4)
(0.5 0.9 0.4)
(1 0.9 0.4)
(1.5 0.9 0.4)
(2 0.9 0.4)
(2.5 0.9 0.4)
(3 0.9 0.4)
(3.5 0.9 0.4)
(4 0.9 0.4)
(4.5 0.9 0.4)
(5 0.9 0.4)
(0 1 0.4)
(0.5 1 0.4)
(1 1 0.4)
(1.5 1 0.4)
(2 1 0.4)
(2.5 1 0.4)
(3 1 0.4)
(3.5 1 0.4)
(4 1 0.4)
(4.5 1 0.4)
(5 1 0.4)
(0 0 0.5)
(0.5 0 0.5)
(1 0 0.5)
(1.5 0 0.5)
(2 0 0.5)
(2.5 0 0.5)
(3 0 0.5)
(3.5 0 0.5)
(4 0 0.5)
(4.5 0 0.5)
(5 0 0.5)
(0 0.1 0.5)
(0.5 0.1 0.5)
(1 0.1 0.5)
(1.5 0.1 0.5)
(2 0.1 0.5)
(2.5 0.1 0.5)
(3 0.1 0.5)
(3.5 0.1 0.5)
(4 0.1 0.5)
(4.5 0.1 0.5)
(5 0.1 0.5)
(0 0.2 0.5)
(0.5 0.2 0.5)
(1 0.2 0.5)
(1.5 0.2 0.5)
(2 0.2 0.5)
(2.5 0.2 0.5)
(3 0.2 0.5)
(3.5 0.2 0.5)
(4 0.2 0.5)
(4.5 0.2 0.5)
(5 0.2 0.5)
(0 0.3 0.5)
(0.5 0.3 0.5)
(1 0.3 0.5)
(1.5 0.3 0.5)
(2 0.3 0.5)
(2.5 0.3 0.5)
(3 0.3 0.5)
(3.5 0.3 0.5)
(4 0.3 0.5)
(4.5 0.3 0.5)
(5 0.3 0.5)
(0 0.4 0.5)
(0.5 0.4 0.5)
(1 0.4 0.5)
(1.5 0.4 0.5)
(2 0.4 0.5)
(2.5 0.4 0.5)
(3 0.4 0.5)
(3.5 0.4 0.5)
(4 0.4 0.5)
(4.5 0.4 0.5)
(5 0.4 0.5)
(0 0.5 0.5)
(0.5 0.5 0.5)
(1 0.5 0.5)
(1.5 0.5 0.5)
(2 0.5 0.5)
(2.5 0.5 0.5)
(3 0.5 0.5)
(3.5 0.5 0.5)
(4 0.5 0.5)
(4.5 0.5 0.5)
(5 0.5 0.5)
(0 0.6 0.5)
(0.5 0.6 0.5)
(1 0.6 0.5)
(1.5 0.6 0.5)
(2 0.6 0.5)
(2.5 0.6 0.5)
(3 0.6 0.5)
(3.5 0.6 0.5)
(4 0.6 0.5)
(4.5 0.6 0.5)
(5 0.6 0.5)
(0 0.7 0.5)
(0.5 0.7 0.5)
(1 0.7 0.5)
(1.5 0.7 0.5)
(2 0.7 0.5)
(2.5 0.7 0.5)
(3 0.7 0.5)
(3.5 0.7 0.5)
(4 0.7 0.5)
(4.5 0.7 0.5)
(5 0.7 0.5)
(0 0.8 0.5)
(0.5 0.8 0.5)
(1 0.8 0.5)
(1.5 0.8 0.5)
(2 0.8 0.5)
(2.5 0.8 0.5)
(3 0.8 0.5)
(3.5 0.8 0.5)
(4 0.8 0.5)
(4.5 0.8 0.5)
(5 0.8 0.5)
(0 0.9 0.5)
(0.5 0.9 0.5)
(1 0.9 0.5)
(1.5 0.9 0.5)
(2 0.9 0.5)
(2.5 0.9 0.5)
(3 0.9 0.5)
(3.5 0.9 0.5)
(4 0.9 0.5)
(4.5 0.9 0.5)
(5 0.9 0.5)
(0 1 0.5)
(0.5 1 0.5)
(1 1 0.5)
(1.5 1 0.5)
(2 1 0.5)
(2.5 1 0.5)
(3 1 0.5)
(3.5 1 0.5)
(4 1 0.5)
(4.5 1 0.5)
(5 1 0.5)
(0 0 0.6)
(0.5 0 0.6)
(1 0 0.6)
(1.5 0 0.6)
(2 0 0.6)
(2.5 0 0.6)
(3 0 0.6)
(3.5 0 0.6)
(4 0 0.6)
(4.5 0 0.6)
(5 0 0.6)
(0 0.1 0.6)
(0.5 0.1 0.6)
(1 0.1 0.6)
(1.5 0.1 0.6)
(2 0.1 0.6)
(2.5 0.1 0.6)
(3 0.1 0.6)
(3.5 0.1 0.6)
(4 0.1 0.6)
(4.5 0.1 0.6)
(5 0.1 0.6)
(0 0.2 0.6)
(0.5 0.2 0.6)
(1 0.2 0.6)
(1.5 0.2 0.6)
(2 0.2 0.6)
(2.5 0.2 0.6)
(3 0.2 0.6)
(3.5 0.2 0.6)
(4 0.2 0.6)
(4.5 0.2 0.6)
(5 0.2 0.6)
(0 0.3 0.6)
(0.5 0.3 0.6)
(1 0.3 0.6)
(1.5 0.3 0.6)
(2 0.3 0.6)
(2.5 0.3 0.6)
(3 0.3 0.6)
(3.5 0.3 0.6)
(4 0.3 0.6)
(4.5 0.3 0.6)
(5 0.3 0.6)
(0 0.4 0.6)
(0.5 0.4 0.6)
(1 0.4 0.6)
(1.5 0.4 0.6)
(2 0.4 0.6)
(2.5 0.4 0.6)
(3 0.4 0.6)
(3.5 0.4 0.6)
(4 0.4 0.6)
(4.5 0.4 0.6)
(5 0.4 0.6)
(0 0.5 0.6)
(0.5 0.5 0.6)
(1 0.5 0.6)
(1.5 0.5 0.6)
(2 0.5 0.6)
(2.5 0.5 0.6)
(3 0.5 0.6)
(3.5 0.5 0.6)
(4 0.5 0.6)
(4.5 0.5 0.6)
(5 0.5 0.6)
(0 0.6 0.6)
(0.5 0.6 0.6)
(1 0.6 0.6)
(1.5 0.6 0.6)
(2 0.6 0.6)
(2.5 0.6 0.6)
(3 0.6 0.6)
(3.5 0.6 0.6)
(4 0.6 0.6)
(4.5 0.6 0.6)
(5 0.6 0.6)
(0 0.7 0.6)
(0.5 0.7 0.6)
(1 0.7 0.6)
(1.5 0.7 0.6)
(2 0.7 0.6)
(2.5 0.7 0.6)
(3 0.7 0.6)
(3.5 0.7 0.6)
(4 0.7 0.6)
(4.5 0.7 0.6)
(5 0.7 0.6)
(0 0.8 0.6)
(0.5 0.8 0.6)
(1 0.8 0.6)
(1.5 0.8 0.6)
(2 0.8 0.6)
(2.5 0.8 0.6)
(3 0.8 0.6)
(3.5 0.8 0.6)
(4 0.8 0.6)
(4.5 0.8 0.6)
(5 0.8 0.6)
(0 0.9 0.6)
(0.5 0.9 0.6)
(1 0.9 0.6)
(1.5 0.9 0.6)
(2 0.9 0.6)
(2.5 0.9 0.6)
(3 0.9 0.6)
(3.5 0.9 0.6)
(4 0.9 0.6)
(4.5 0.9 0.6)
(5 0.9 0.6)
(0 1 0.6)
(0.5 1 0.6)
(1 1 0.6)
(1.5 1 0.6)
(2 1 0.6)
(2.5 1 0.6)
(3 1 0.6)
(3.5 1 0.6)
(4 1 0.6)
(4.5 1 0.6)
(5 1 0.6)
(0 0 0.7)
(0.5 0 0.7)
(1 0 0.7)
(1.5 0 0.7)
(2 0 0.7)
(2.5 0 0.7)
(3 0 0.7)
(3.5 0 0.7)
(4 0 0.7)
(4.5 0 0.7)
(5 0 0.7)
(0 0.1 0.7)
(0.5 0.1 0.7)
(1 0.1 0.7)
(1.5 0.1 0.7)
(2 0.1 0.7)
(2.5 0.1 0.7)
(3 0.1 0.7)
(3.5 0.1 0.7)
(4 0.1 0.7)
(4.5 0.1 0.7)
(5 0.1 0.7)
(0 0.2 0.7)
(0.5 0.2 0.7)
(1 0.2 0.7)
(1.5 0.2 0.7)
(2 0.2 0.7)
(2.5 0.2 0.7)
(3 0.2 0.7)
(3.5 0.2 0.7)
(4 0.2 0.7)
(4.5 0.2 0.7)
(5 0.2 0.7)
(0 0.3 0.7)
(0.5 0.3 0.7)
(1 0.3 0.7)
(1.5 0.3 0.7)
(2 0.3 0.7)
(2.5 0.3 0.7)
(3 0.3 0.7)
(3.5 0.3 0.7)
(4 0.3 0.7)
(4.5 0.3 0.7)
(5 0.3 0.7)
(0 0.4 0.7)
(0.5 0.4 0.7)
(1 0.4 0.7)
(1.5 0.4 0.7)
(2 0.4 0.7)
(2.5 0.4 0.7)
(3 0.4 0.7)
(3.5 0.4 0.7)
(4 0.4 0.7)
(4.5 0.4 0.7)
(5 0.4 0.7)
(0 0.5 0.7)
(0.5 0.5 0.7)
(1 0.5 0.7)
(1.5 0.5 0.7)
(2 0.5 0.7)
(2.5 0.5 0.7)
(3 0.5 0.7)
(3.5 0.5 0.7)
(4 0.5 0.7)
(4.5 0.5 0.7)
(5 0.5 0.7)
(0 0.6 0.7)
(0.5 0.6 0.7)
(1 0.6 0.7)
(1.5 0.6 0.7)
(2 0.6 0.7)
(2.5 0.6 0.7)
(3 0.6 0.7)
(3.5 0.6 0.7)
(4 0.6 0.7)
(4.5 0.6 0.7)
(5 0.6 0.7)
(0 0.7 0.7)
(0.5 0.7 0.7)
(1 0.7 0.7)
(1.5 0.7 0.7)
(2 0.7 0.7)
(2.5 0.7 0.7)
(3 0.7 0.7)
(3.5 0.7 0.7)
(4 0.7 0.7)
(4.5 0.7 0.7)
(5 0.7 0.7)
(0 0.8 0.7)
(0.5 0.8 0.7)
(1 0.8 0.7)
(1.5 0.8 0.7)
(2 0.8 0.7)
(2.5 0.8 0.7)
(3 0.8 0.7)
(3.5 0.8 0.7)
(4 0.8 0.7)
(4.5 0.8 0.7)
(5 0.8 0.7)
(0 0.9 0.7)
(0.5 0.9 0.7)
(1 0.9 0.7)
(1.5 0.9 0.7)
(2 0.9 0.7)
(2.5 0.9 0.7)
(3 0.9 0.7)
(3.5 0.9 0.7)
(4 0.9 0.7)
(4.5 0.9 0.7)
(5 0.9 0.7)
(0 1 0.7)
(0.5 1 0.7)
(1 1 0.7)
(1.5 1 0.7)
(2 1 0.7)
(2.5 1 0.7)
(3 1 0.7)
(3.5 1 0.7)
(4 1 0.7)
(4.5 1 0.7)
(5 1 0.7)
(0 0 0.8)
(0.5 0 0.8)
(1 0 0.8)
(1.5 0 0.8)
(2 0 0.8)
(2.5 0 0.8)
(3 0 0.8)
(3.5 0 0.8)
(4 0 0.8)
(4.5 0 0.8)
(5 0 0.8)
(0 0.1 0.8)
(0.5 0.1 0.8)
(1 0.1 0.8)
(1.5 0.1 0.8)
(2 0.1 0.8)
(2.5 0.1 0.8)
(3 0.1 0.8)
(3.5 0.1 0.8)
(4 0.1 0.8)
(4.5 0.1 0.8)
(5 0.1 0.8)
(0 0.2 0.8)
(0.5 0.2 0.8)
(1 0.2 0.8)
(1.5 0.2 0.8)
(2 0.2 0.8)
(2.5 0.2 0.8)
(3 0.2 0.8)
(3.5 0.2 0.8)
(4 0.2 0.8)
(4.5 0.2 0.8)
(5 0.2 0.8)
(0 0.3 0.8)
(0.5 0.3 0.8)
(1 0.3 0.8)
(1.5 0.3 0.8)
(2 0.3 0.8)
(2.5 0.3 0.8)
(3 0.3 0.8)
(3.5 0.3 0.8)
(4 0.3 0.8)
(4.5 0.3 0.8)
(5 0.3 0.8)
(0 0.4 0.8)
(0.5 0.4 0.8)
(1 0.4 0.8)
(1.5 0.4 0.8)
(2 0.4 0.8)
(2.5 0.4 0.8)
(3 0.4 0.8)
(3.5 0.4 0.8)
(4 0.4 0.8)
(4.5 0.4 0.8)
(5 0.4 0.8)
(0 0.5 0.8)
(0.5 0.5 0.8)
(1 0.5 0.8)
(1.5 0.5 0.8)
(2 0.5 0.8)
(2.5 0.5 0.8)
(3 0.5 0.8)
(3.5 0.5 0.8)
(4 0.5 0.8)
(4.5 0.5 0.8)
(5 0.5 0.8)
(0 0.6 0.8)
(0.5 0.6 0.8)
(1 0.6 0.8)
(1.5 0.6 0.8)
(2 0.6 0.8)
(2.5 0.6 0.8)
(3 0.6 0.8)
(3.5 0.6 0.8)
(4 0.6 0.8)
(4.5 0.6 0.8)
(5 0.6 0.8)
(0 0.7 0.8)
(0.5 0.7 0.8)
(1 0.7 0.8)
(1.5 0.7 0.8)
(2 0.7 0.8)
(2.5 0.7 0.8)
(3 0.7 0.8)
(3.5 0.7 0.8)
(4 0.7 0.8)
(4.5 0.7 0.8)
(5 0.7 0.8)
(0 0.8 0.8)
(0.5 0.8 0.8)
(1 0.8 0.8)
(1.5 0.8 0.8)
(2 0.8 0.8)
(2.5 0.8 0.8)
(3 0.8 0.8)
(3.5 0.8 0.8)
(4 0.8 0.8)
(4.5 0.8 0.8)
(5 0.8 0.8)
(0 0.9 0.8)
(0.5 0.9 0.8)
(1 0.9 0.8)
(1.5 0.9 0.8)
(2 0.9 0.8)
(2.5 0.9 0.8)
(3 0.9 0.8)
(3.5 0.9 0.8)
(4 0.9 0.8)
(4.5 0.9 0.8)
(5 0.9 0.8)
(0 1 0.8)
(0.5 1 0.8)
(1 1 0.8)
(1.5 1 0.8)
(2 1 0.8)
(2.5 1 0.8)
(3 1 0.8)
(3.5 1 0.8)
(4 1 0.8)
(4.5 1 0.8)
(5 1 0.8)
(0 0 0.9)
(0.5 0 0.9)
(1 0 0.9)
(1.5 0 0.9)
(2 0 0.9)
(2.5 0 0.9)
(3 0 0.9)
(3.5 0 0.9)
(4 0 0.9)
(4.5 0 0.9)
(5 0 0.9)
(0 0.1 0.9)
(0.5 0.1 0.9)
(1 0.1 0.9)
(1.5 0.1 0.9)
(2 0.1 0.9)
(2.5 0.1 0.9)
(3 0.1 0.9)
(3.5 0.1 0.9)
(4 0.1 0.9)
(4.5 0.1 0.9)
(5 0.1 0.9)
(0 0.2 0.9)
(0.5 0.2 0.9)
(1 0.2 0.9)
(1.5 0.2 0.9)
(2 0.2 0.9)
(2.5 0.2 0.9)
(3 0.2 0.9)
(3.5 0.2 0.9)
(4 0.2 0.9)
(4.5 0.2 0.9)
(5 0.2 0.9)
(0 0.3 0.9)
(0.5 0.3 0.9)
(1 0.3 0.9)
(1.5 0.3 0.9)
(2 0.3 0.9)
(2.5 0.3 0.9)
(3 0.3 0.9)
(3.5 0.3 0.9)
(4 0.3 0.9)
(4.5 0.3 0.9)
(5 0.3 0.9)
(0 0.4 0.9)
(0.5 0.4 0.9)
(1 0.4 0.9)
(1.5 0.4 0.9)
(2 0.4 0.9)
(2.5 0.4 0.9)
(3 0.4 0.9)
(3.5 0.4 0.9)
(4 0.4 0.9)
(4.5 0.4 0.9)
(5 0.4 0.9)
(0 0.5 0.9)
(0.5 0.5 0.9)
(1 0.5 0.9)
(1.5 0.5 0.9)
(2 0.5 0.9)
(2.5 0.5 0.9)
(3 0.5 0.9)
(3.5 0.5 0.9)
(4 0.5 0.9)
(4.5 0.5 0.9)
(5 0.5 0.9)
(0 0.6 0.9)
(0.5 0.6 0.9)
(1 0.6 0.9)
(1.5 0.6 0.9)
(2 0.6 0.9)
(2.5 0.6 0.9)
(3 0.6 0.9)
(3.5 0.6 0.9)
(4 0.6 0.9)
(4.5 0.6 0.9)
(5 0.6 0.9)
(0 0.7 0.9)
(0.5 0.7 0.9)
(1 0.7 0.9)
(1.5 0.7 0.9)
(2 0.7 0.9)
(2.5 0.7 0.9)
(3 0.7 0.9)
(3.5 0.7 0.9)
(4 0.7 0.9)
(4.5 0.7 0.9)
(5 0.7 0.9)
(0 0.8 0.9)
(0.5 0.8 0.9)
(1 0.8 0.9)
(1.5 0.8 0.9)
(2 0.8 0.9)
(2.5 0.8 0.9)
(3 0.8 0.9)
(3.5 0.8 0.9)
(4 0.8 0.9)
(4.5 0.8 0.9)
(5 0.8 0.9)
(0 0.9 0.9)
(0.5 0.9 0.9)
(1 0.9 0.9)
(1.5 0.9 0.9)
(2 0.9 0.9)
(2.5 0.9 0.9)
(3 0.9 0.9)
(3.5 0.9 0.9)
(4 0.9 0.9)
(4.5 0.9 0.9)
(5 0.9 0.9)
(0 1 0.9)
(0.5 1 0.9)
(1 1 0.9)
(1.5 1 0.9)
(2 1 0.9)
(2.5 1 0.9)
(3 1 0.9)
(3.5 1 0.9)
(4 1 0.9)
(4.5 1 0.9)
(5 1 0.9)
(0 0 1)
(0.5 0 1)
(1 0 1)
(1.5 0 1)
(2 0 1)
(2.5 0 1)
(3 0 1)
(3.5 0 1)
(4 0 1)
(4.5 0 1)
(5 0 1)
(0 0.1 1)
(0.5 0.1 1)
(1 0.1 1)
(1.5 0.1 1)
(2 0.1 1)
(2.5 0.1 1)
(3 0.1 1)
(3.5 0.1 1)
(4 0.1 1)
(4.5 0.1 1)
(5 0.1 1)
(0 0.2 1)
(0.5 0.2 1)
(1 0.2 1)
(1.5 0.2 1)
(2 0.2 1)
(2.5 0.2 1)
(3 0.2 1)
(3.5 0.2 1)
(4 0.2 1)
(4.5 0.2 1)
(5 0.2 1)
(0 0.3 1)
(0.5 0.3 1)
(1 0.3 1)
(1.5 0.3 1)
(2 0.3 1)
(2.5 0.3 1)
(3 0.3 1)
(3.5 0.3 1)
(4 0.3 1)
(4.5 0.3 1)
(5 0.3 1)
(0 0.4 1)
(0.5 0.4 1)
(1 0.4 1)
(1.5 0.4 1)
(2 0.4 1)
(2.5 0.4 1)
(3 0.4 1)
(3.5 0.4 1)
(4 0.4 1)
(4.5 0.4 1)
(5 0.4 1)
(0 0.5 1)
(0.5 0.5 1)
(1 0.5 1)
(1.5 0.5 1)
(2 0.5 1)
(2.5 0.5 1)
(3 0.5 1)
(3.5 0.5 1)
(4 0.5 1)
(4.5 0.5 1)
(5 0.5 1)
(0 0.6 1)
(0.5 0.6 1)
(1 0.6 1)
(1.5 0.6 1)
(2 0.6 1)
(2.5 0.6 1)
(3 0.6 1)
(3.5 0.6 1)
(4 0.6 1)
(4.5 0.6 1)
(5 0.6 1)
(0 0.7 1)
(0.5 0.7 1)
(1 0.7 1)
(1.5 0.7 1)
(2 0.7 1)
(2.5 0.7 1)
(3 0.7 1)
(3.5 0.7 1)
(4 0.7 1)
(4.5 0.7 1)
(5 0.7 1)
(0 0.8 1)
(0.5 0.8 1)
(1 0.8 1)
(1.5 0.8 1)
(2 0.8 1)
(2.5 0.8 1)
(3 0.8 1)
(3.5 0.8 1)
(4 0.8 1)
(4.5 0.8 1)
(5 0.8 1)
(0 0.9 1)
(0.5 0.9 1)
(1 0.9 1)
(1.5 0.9 1)
(2 0.9 1)
(2.5 0.9 1)
(3 0.9 1)
(3.5 0.9 1)
(4 0.9 1)
(4.5 0.9 1)
(5 0.9 1)
(0 1 1)
(0.5 1 1)
(1 1 1)
(1.5 1 1)
(2 1 1)
(2.5 1 1)
(3 1 1)
(3.5 1 1)
(4 1 1)
(4.5 1 1)
(5 1 1)
)


// ************************************************************************* //
