/*--------------------------------*- C++ -*----------------------------------*\
| =========                 |                                                 |
| \\      /  F ield         | OpenFOAM: The Open Source CFD Toolbox           |
|  \\    /   O peration     | Version:  1.7.x                                 |
|   \\  /    A nd           | Web:      www.OpenFOAM.com                      |
|    \\/     M anipulation  |                                                 |
\*---------------------------------------------------------------------------*/
FoamFile
{
    version     2.0;
    format      ascii;
    class       volScalarField;
    location    "0.3";
    object      alpha1;
}
// * * * * * * * * * * * * * * * * * * * * * * * * * * * * * * * * * * * * * //

dimensions      [0 -3 0 0 1 0 0];

internalField   nonuniform List<scalar> 
8000
(
3.64992e-15
-2.3713e-14
1.06008e-13
5.32646e-13
1.50268e-11
6.10477e-11
5.88192e-11
-2.73406e-11
4.51978e-12
-7.18529e-14
-1.15669e-13
7.57555e-13
-4.09824e-12
-2.24469e-11
-5.96798e-10
-2.33733e-09
-2.1278e-09
1.00743e-09
-1.84498e-10
5.64132e-12
-2.29195e-13
1.31839e-12
-6.51171e-12
-3.04363e-11
-8.87305e-10
-3.48994e-09
-3.08261e-09
1.56736e-09
-2.78715e-10
1.02145e-11
-2.23165e-13
1.23306e-12
-6.41706e-12
-3.32281e-11
-8.87834e-10
-3.44336e-09
-3.02174e-09
1.50004e-09
-2.84347e-10
1.19293e-11
-2.20628e-13
1.19605e-12
-6.45368e-12
-3.55075e-11
-8.98764e-10
-3.46427e-09
-3.04979e-09
1.46742e-09
-2.93784e-10
1.32172e-11
-2.37776e-13
1.28098e-12
-6.85298e-12
-3.73105e-11
-9.4802e-10
-3.67252e-09
-3.26975e-09
1.52489e-09
-3.12078e-10
1.45203e-11
-2.77005e-13
1.50214e-12
-7.64049e-12
-3.83422e-11
-1.0379e-09
-4.08462e-09
-3.70515e-09
1.66814e-09
-3.46702e-10
1.64808e-11
-3.25803e-13
1.81609e-12
-8.66802e-12
-3.83408e-11
-1.14759e-09
-4.62043e-09
-4.30223e-09
1.84755e-09
-3.91381e-10
1.84617e-11
-2.04943e-13
1.28788e-12
-6.544e-12
-3.24432e-11
-9.1359e-10
-3.70328e-09
-3.60743e-09
1.36394e-09
-2.68932e-10
9.6614e-12
6.17106e-15
-3.84749e-14
1.56746e-13
6.55632e-13
2.09588e-11
8.86283e-11
9.07807e-11
-3.43426e-11
6.4744e-12
-1.29415e-13
-2.33259e-14
1.41311e-13
-6.08874e-13
-2.87189e-12
-7.88095e-11
-3.08123e-10
-2.75825e-10
1.48984e-10
-2.99471e-11
9.42648e-13
7.31285e-13
-4.42811e-12
2.27262e-11
1.16155e-10
3.0792e-09
1.16171e-08
9.76254e-09
-5.35461e-09
1.14412e-09
-4.91028e-11
1.47573e-12
-7.80031e-12
3.64677e-11
1.57809e-10
4.61474e-09
1.75039e-08
1.42619e-08
-8.32899e-09
1.71629e-09
-8.66295e-11
1.43727e-12
-7.28506e-12
3.58575e-11
1.73091e-10
4.6163e-09
1.72562e-08
1.39704e-08
-7.93884e-09
1.73141e-09
-9.52798e-11
1.41687e-12
-7.04022e-12
3.59448e-11
1.85254e-10
4.66523e-09
1.73237e-08
1.40752e-08
-7.74767e-09
1.77828e-09
-1.02311e-10
1.52483e-12
-7.52607e-12
3.81148e-11
1.94446e-10
4.91468e-09
1.83418e-08
1.50829e-08
-8.05776e-09
1.89013e-09
-1.1167e-10
1.77708e-12
-8.82912e-12
4.25234e-11
1.991e-10
5.37756e-09
2.0398e-08
1.71122e-08
-8.84606e-09
2.11219e-09
-1.27754e-10
2.08846e-12
-1.06759e-11
4.8305e-11
1.97965e-10
5.94328e-09
2.308e-08
1.99149e-08
-9.85078e-09
2.40846e-09
-1.45991e-10
1.29789e-12
-7.52124e-12
3.62999e-11
1.67563e-10
4.71598e-09
1.84318e-08
1.66859e-08
-7.33977e-09
1.69775e-09
-8.33981e-11
-3.94308e-14
2.28749e-13
-8.97317e-13
-3.50109e-12
-1.09378e-10
-4.45687e-10
-4.26523e-10
1.88771e-10
-4.33769e-11
1.60664e-12
1.14733e-13
-6.20939e-13
2.6721e-12
1.16284e-11
3.09551e-10
1.16394e-09
9.60318e-10
-5.9416e-10
1.38024e-10
-6.19816e-12
-3.54928e-12
1.9463e-11
-1.03859e-10
-4.89301e-10
-1.2614e-08
-4.58877e-08
-3.55334e-08
2.16673e-08
-5.03775e-09
2.76512e-10
-7.27411e-12
3.47585e-11
-1.68589e-10
-6.6883e-10
-1.90762e-08
-6.98891e-08
-5.25734e-08
3.37565e-08
-7.46954e-09
4.86227e-10
-7.09047e-12
3.24239e-11
-1.66135e-10
-7.36556e-10
-1.90998e-08
-6.89102e-08
-5.15227e-08
3.2027e-08
-7.46491e-09
5.16424e-10
-6.96986e-12
3.11852e-11
-1.66325e-10
-7.89105e-10
-1.92719e-08
-6.90255e-08
-5.18043e-08
3.11393e-08
-7.63505e-09
5.43426e-10
-7.48579e-12
3.32513e-11
-1.7601e-10
-8.27389e-10
-2.02663e-08
-7.29418e-08
-5.54433e-08
3.23739e-08
-8.12396e-09
5.9072e-10
-8.7177e-12
3.90139e-11
-1.95896e-10
-8.44785e-10
-2.21387e-08
-8.10211e-08
-6.29104e-08
3.56258e-08
-9.13402e-09
6.80186e-10
-1.02237e-11
4.71345e-11
-2.21655e-10
-8.36196e-10
-2.44138e-08
-9.15399e-08
-7.32485e-08
3.98058e-08
-1.05171e-08
7.87905e-10
-6.29676e-12
3.296e-11
-1.65422e-10
-7.05881e-10
-1.93024e-08
-7.27771e-08
-6.11452e-08
2.98549e-08
-7.57791e-09
4.67634e-10
1.93382e-13
-9.99995e-13
3.88502e-12
1.37926e-11
4.23229e-10
1.66168e-09
1.47529e-09
-7.5082e-10
2.01154e-10
-1.03744e-11
-5.63071e-13
2.55516e-12
-1.06139e-11
-4.19694e-11
-1.11117e-09
-4.02462e-09
-3.03392e-09
2.15193e-09
-5.7995e-10
3.47165e-11
1.78182e-11
-8.37899e-11
4.29152e-10
1.79619e-09
4.86167e-08
1.71047e-07
1.2125e-07
-8.32416e-08
2.17943e-08
-1.49974e-09
3.72222e-11
-1.5097e-10
7.01264e-10
2.42589e-09
7.41455e-08
2.63156e-07
1.81176e-07
-1.29521e-07
3.22149e-08
-2.69448e-09
3.63529e-11
-1.40492e-10
6.89112e-10
2.70368e-09
7.43948e-08
2.59773e-07
1.77677e-07
-1.22381e-07
3.19147e-08
-2.80371e-09
3.56266e-11
-1.3441e-10
6.86873e-10
2.91154e-09
7.49808e-08
2.59712e-07
1.78276e-07
-1.18608e-07
3.25059e-08
-2.90739e-09
3.8167e-11
-1.42872e-10
7.25117e-10
3.04572e-09
7.8683e-08
2.7381e-07
1.90439e-07
-1.23238e-07
3.46107e-08
-3.14906e-09
4.43865e-11
-1.67604e-10
8.07038e-10
3.07978e-09
8.57185e-08
3.03434e-07
2.1588e-07
-1.35796e-07
3.90918e-08
-3.63984e-09
5.18733e-11
-2.02456e-10
9.13838e-10
3.00144e-09
9.41523e-08
3.41753e-07
2.51244e-07
-1.52064e-07
4.52945e-08
-4.23786e-09
3.15535e-11
-1.41207e-10
6.81543e-10
2.5671e-09
7.423e-08
2.70704e-07
2.09623e-07
-1.1521e-07
3.30166e-08
-2.51547e-09
-9.43605e-13
4.07192e-12
-1.51547e-11
-4.72507e-11
-1.48287e-09
-5.62211e-09
-4.58559e-09
2.68704e-09
-8.42577e-10
5.72324e-11
2.60882e-12
-9.99003e-12
4.07561e-11
1.40608e-10
3.7215e-09
1.31281e-08
9.29781e-09
-7.26422e-09
2.1696e-09
-1.66335e-10
-7.74343e-11
3.17859e-10
-1.69823e-09
-6.39221e-09
-1.7384e-07
-5.96903e-07
-3.96014e-07
2.81192e-07
-7.62643e-08
6.6075e-09
-1.63762e-10
5.79887e-10
-2.80783e-09
-8.66122e-09
-2.67181e-07
-9.27072e-07
-6.00315e-07
4.37408e-07
-1.11561e-07
1.20713e-08
-1.60253e-10
5.39949e-10
-2.77076e-09
-9.75271e-09
-2.68938e-07
-9.16873e-07
-5.89648e-07
4.11463e-07
-1.09562e-07
1.23348e-08
-1.56629e-10
5.14245e-10
-2.75965e-09
-1.05412e-08
-2.7086e-07
-9.15025e-07
-5.90194e-07
3.97081e-07
-1.11282e-07
1.26249e-08
-1.67271e-10
5.44548e-10
-2.9052e-09
-1.10061e-08
-2.83526e-07
-9.61911e-07
-6.285e-07
4.11961e-07
-1.18715e-07
1.36273e-08
-1.93955e-10
6.37431e-10
-3.21957e-09
-1.10487e-08
-3.07684e-07
-1.06222e-06
-7.10346e-07
4.54109e-07
-1.34891e-07
1.58025e-08
-2.25677e-10
7.67161e-10
-3.62121e-09
-1.06338e-08
-3.36033e-07
-1.19068e-06
-8.2406e-07
5.08644e-07
-1.57389e-07
1.8479e-08
-1.36527e-10
5.31885e-10
-2.6833e-09
-9.08952e-09
-2.64455e-07
-9.4045e-07
-6.84034e-07
3.88652e-07
-1.1618e-07
1.09413e-08
4.34723e-12
-1.57876e-11
5.69102e-11
1.47278e-10
4.80317e-09
1.77878e-08
1.37101e-08
-8.90009e-09
3.13892e-09
-2.7006e-10
-1.26554e-11
3.59129e-11
-1.38424e-10
-3.9454e-10
-1.15641e-08
-3.98958e-08
-2.60078e-08
2.19271e-08
-7.64149e-09
8.31952e-10
3.63205e-10
-1.17834e-09
5.97459e-09
1.76714e-08
5.78923e-07
1.95753e-06
1.21125e-06
-9.04679e-07
2.78123e-07
-3.21214e-08
7.73611e-10
-2.14583e-09
9.88856e-09
2.28047e-08
8.93998e-07
3.05989e-06
1.85211e-06
-1.39127e-06
4.0378e-07
-6.04489e-08
7.56908e-10
-1.98954e-09
9.70818e-09
2.65558e-08
9.02986e-07
3.03136e-06
1.81796e-06
-1.30072e-06
3.91681e-07
-6.09507e-08
7.36298e-10
-1.8819e-09
9.61105e-09
2.9202e-08
9.08927e-07
3.01948e-06
1.81274e-06
-1.25004e-06
3.95913e-07
-6.16577e-08
7.83235e-10
-1.98389e-09
1.00856e-08
3.03653e-08
9.487e-07
3.16344e-06
1.92229e-06
-1.29525e-06
4.23104e-07
-6.63266e-08
9.06257e-10
-2.3202e-09
1.11796e-08
2.97e-08
1.02454e-06
3.47775e-06
2.16438e-06
-1.42853e-06
4.83515e-07
-7.70526e-08
1.05147e-09
-2.79338e-09
1.26019e-08
2.73642e-08
1.11126e-06
3.87614e-06
2.50372e-06
-1.60258e-06
5.67354e-07
-9.00369e-08
6.35904e-10
-1.95217e-09
9.39476e-09
2.4452e-08
8.75822e-07
3.06242e-06
2.07889e-06
-1.25202e-06
4.24242e-07
-5.23901e-08
-2.087e-11
5.57836e-11
-1.88012e-10
-3.54377e-10
-1.42419e-08
-5.1798e-08
-3.67969e-08
2.59961e-08
-1.09e-08
1.32658e-09
5.65899e-11
-1.2766e-10
4.65838e-10
9.38122e-10
3.32057e-08
1.14951e-07
7.31674e-08
-6.39709e-08
2.50761e-08
-3.80106e-09
-1.404e-09
3.90336e-09
-1.99257e-08
-4.35206e-08
-1.78464e-06
-6.03561e-06
-3.60841e-06
2.52126e-06
-7.92125e-07
1.20609e-07
-2.98549e-09
7.12271e-09
-3.31897e-08
-5.29353e-08
-2.75671e-06
-9.45206e-06
-5.56745e-06
3.81964e-06
-1.13572e-06
2.30559e-07
-2.91542e-09
6.60703e-09
-3.25532e-08
-6.49793e-08
-2.79329e-06
-9.37087e-06
-5.45024e-06
3.54208e-06
-1.08618e-06
2.28196e-07
-2.82322e-09
6.22339e-09
-3.20954e-08
-7.32585e-08
-2.81028e-06
-9.31319e-06
-5.4057e-06
3.38666e-06
-1.09349e-06
2.27657e-07
-2.98937e-09
6.52905e-09
-3.35663e-08
-7.58079e-08
-2.92363e-06
-9.71861e-06
-5.69883e-06
3.50554e-06
-1.17386e-06
2.43994e-07
-3.44579e-09
7.60475e-09
-3.71335e-08
-7.15243e-08
-3.13886e-06
-1.0627e-05
-6.37952e-06
3.87214e-06
-1.35435e-06
2.84305e-07
-3.98957e-09
9.11535e-09
-4.17651e-08
-6.15667e-08
-3.37741e-06
-1.17699e-05
-7.34645e-06
4.35327e-06
-1.60147e-06
3.33039e-07
-2.43386e-09
6.39369e-09
-3.11619e-08
-5.78971e-08
-2.67761e-06
-9.33979e-06
-6.08315e-06
3.49285e-06
-1.21295e-06
1.92404e-07
9.25704e-11
-1.95497e-10
6.16802e-10
5.99316e-10
3.81361e-08
1.40305e-07
9.7553e-08
-7.30507e-08
3.54446e-08
-5.94753e-09
-2.74551e-10
4.00937e-10
-1.3409e-09
-1.11765e-09
-8.91024e-08
-3.14468e-07
-1.92613e-07
1.62758e-07
-7.81404e-08
1.93262e-08
6.15207e-09
-1.26261e-08
5.96473e-08
4.01055e-08
5.08131e-06
1.75231e-05
1.02086e-05
-6.65503e-06
2.49412e-06
-5.73372e-07
1.28071e-08
-2.24768e-08
9.87316e-08
1.39181e-08
7.82197e-06
2.73669e-05
1.57614e-05
-9.71534e-06
3.53123e-06
-1.11893e-06
1.23861e-08
-2.0682e-08
9.57083e-08
4.48512e-08
7.95006e-06
2.71208e-05
1.53131e-05
-8.90845e-06
3.31052e-06
-1.08683e-06
1.18874e-08
-1.93364e-08
9.3446e-08
6.67284e-08
7.9956e-06
2.68844e-05
1.50712e-05
-8.48376e-06
3.30565e-06
-1.06944e-06
1.25139e-08
-2.01827e-08
9.7393e-08
6.71931e-08
8.28714e-06
2.7929e-05
1.5773e-05
-8.78995e-06
3.56095e-06
-1.14249e-06
1.44052e-08
-2.34789e-08
1.08122e-07
4.29449e-08
8.83329e-06
3.03456e-05
1.75396e-05
-9.74179e-06
4.14174e-06
-1.33463e-06
1.67488e-08
-2.82278e-08
1.22592e-07
3.0912e-09
9.40983e-06
3.33612e-05
2.01238e-05
-1.10079e-05
4.92094e-06
-1.56513e-06
1.05029e-08
-2.03735e-08
9.28508e-08
3.49953e-08
7.53111e-06
2.66952e-05
1.6706e-05
-9.32706e-06
3.80854e-06
-8.95079e-07
-4.4224e-10
5.98525e-10
-1.72096e-09
6.13621e-10
-9.3055e-08
-3.54276e-07
-2.36496e-07
1.74829e-07
-1.08034e-07
2.9668e-08
1.07587e-09
-1.23906e-09
3.86144e-09
-2.33718e-09
1.99803e-07
7.52697e-07
4.81747e-07
-3.69258e-07
2.11011e-07
-7.83279e-08
-2.03119e-08
3.72532e-08
-1.72179e-07
1.67959e-07
-1.33888e-05
-4.82219e-05
-2.85073e-05
1.46928e-05
-5.95459e-06
1.81268e-06
-4.15698e-08
6.55069e-08
-2.84837e-07
3.85461e-07
-2.04286e-05
-7.4581e-05
-4.37957e-05
2.0302e-05
-8.51395e-06
3.55999e-06
-3.98275e-08
6.02569e-08
-2.73703e-07
3.11556e-07
-2.0831e-05
-7.37744e-05
-4.20467e-05
1.83437e-05
-7.85569e-06
3.37578e-06
-3.79456e-08
5.62134e-08
-2.65038e-07
2.57977e-07
-2.09481e-05
-7.29025e-05
-4.09634e-05
1.74263e-05
-7.76949e-06
3.26718e-06
-3.97202e-08
5.84524e-08
-2.755e-07
2.74316e-07
-2.16185e-05
-7.536e-05
-4.25041e-05
1.81695e-05
-8.40938e-06
3.48057e-06
-4.55858e-08
6.77196e-08
-3.06848e-07
3.68778e-07
-2.28331e-05
-8.12928e-05
-4.69194e-05
2.03413e-05
-9.87521e-06
4.08495e-06
-5.32221e-08
8.11329e-08
-3.49665e-07
5.03633e-07
-2.399e-05
-8.8584e-05
-5.36277e-05
2.32082e-05
-1.17209e-05
4.80488e-06
-3.41821e-08
5.95109e-08
-2.6739e-07
3.20508e-07
-1.94653e-05
-7.1825e-05
-4.45622e-05
2.12348e-05
-9.09586e-06
2.752e-06
1.71272e-09
-1.81162e-09
4.89609e-09
-8.48773e-09
1.69274e-07
7.24492e-07
5.12705e-07
-3.60049e-07
2.85875e-07
-1.16528e-07
-4.68207e-09
2.83209e-09
-8.90196e-09
2.66895e-08
-3.62367e-07
-1.62348e-06
-1.12494e-06
6.52122e-07
-5.38628e-07
4.68993e-07
8.17506e-08
-1.0888e-07
4.80248e-07
-1.73616e-06
3.24974e-05
0.000126744
7.69557e-05
-2.98334e-05
1.72116e-05
-9.18297e-06
1.52991e-07
-1.82537e-07
7.85554e-07
-2.99252e-06
4.89305e-05
0.000192799
0.000116026
-3.62639e-05
2.48346e-05
-1.7348e-05
1.43017e-07
-1.66964e-07
7.47544e-07
-2.90103e-06
5.01521e-05
0.000190265
0.000109374
-3.21981e-05
2.26719e-05
-1.59099e-05
1.34687e-07
-1.55387e-07
7.18275e-07
-2.80252e-06
5.04845e-05
0.000187494
0.000105247
-3.09067e-05
2.20936e-05
-1.51648e-05
1.40085e-07
-1.61395e-07
7.45869e-07
-2.91425e-06
5.1815e-05
0.000192729
0.000108134
-3.29224e-05
2.3807e-05
-1.61022e-05
1.60755e-07
-1.87071e-07
8.35172e-07
-3.25146e-06
5.39917e-05
0.00020592
0.000118355
-3.7636e-05
2.78124e-05
-1.88933e-05
1.90602e-07
-2.24439e-07
9.56177e-07
-3.62964e-06
5.54801e-05
0.000221475
0.000134816
-4.36371e-05
3.23936e-05
-2.23404e-05
1.33737e-07
-1.72266e-07
7.45365e-07
-2.7177e-06
4.57456e-05
0.00018271
0.000112955
-4.6717e-05
2.57486e-05
-1.34751e-05
-7.2377e-09
3.9199e-09
-1.09591e-08
4.04942e-08
-1.56314e-07
-1.11893e-06
-9.46641e-07
4.6844e-07
-6.85331e-07
6.77455e-07
9.041e-09
-3.98221e-09
1.84048e-08
-7.2444e-08
2.42949e-07
1.89458e-06
1.8269e-06
-5.95577e-07
6.98619e-07
-7.50912e-07
-1.57176e-07
2.0153e-07
-1.00857e-06
5.62586e-06
-4.67731e-05
-0.00020931
-0.000135822
2.46798e-05
-2.49594e-05
1.60418e-05
-2.79716e-07
3.26718e-07
-1.62827e-06
8.8167e-06
-6.93654e-05
-0.00031016
-0.000199608
1.81749e-05
-3.96747e-05
3.0915e-05
-2.5592e-07
3.00755e-07
-1.56699e-06
8.83724e-06
-7.1846e-05
-0.000305157
-0.000183723
1.52652e-05
-3.67184e-05
2.77963e-05
-2.38811e-07
2.81827e-07
-1.51486e-06
8.75376e-06
-7.25214e-05
-0.000299961
-0.000174176
1.63525e-05
-3.50381e-05
2.60156e-05
-2.47359e-07
2.93945e-07
-1.57323e-06
9.02197e-06
-7.37556e-05
-0.000306147
-0.000177018
2.02526e-05
-3.70783e-05
2.75872e-05
-2.84234e-07
3.40658e-07
-1.74852e-06
9.62229e-06
-7.49878e-05
-0.000322501
-0.000192126
2.60784e-05
-4.23127e-05
3.24771e-05
-3.42014e-07
4.04914e-07
-1.96039e-06
1.01218e-05
-7.36678e-05
-0.000339411
-0.000218112
3.25356e-05
-4.68191e-05
3.79947e-05
-2.53415e-07
3.20848e-07
-1.55419e-06
8.16255e-06
-6.15948e-05
-0.000286
-0.000182933
5.21862e-05
-3.57594e-05
2.29328e-05
1.38283e-08
-5.2982e-09
2.33509e-08
-6.63119e-08
-3.26021e-07
1.79347e-07
1.11428e-06
-3.21172e-08
8.00634e-07
-1.05771e-06
1.00104e-09
-3.98107e-09
4.44738e-09
2.59027e-08
7.22896e-08
-7.42504e-07
-2.48909e-06
-4.21994e-07
-3.71397e-07
5.48291e-08
-3.91761e-08
1.58668e-07
-3.59921e-07
-6.94007e-07
4.17601e-05
0.000189792
0.000189804
2.87701e-05
3.03813e-05
-1.40242e-06
-9.74647e-08
2.50201e-07
-5.57659e-07
-1.2476e-06
6.15613e-05
0.00027254
0.000265483
6.5675e-05
6.50664e-05
-2.09418e-06
-9.91356e-08
2.59987e-07
-6.05668e-07
-1.0865e-06
6.44752e-05
0.000269343
0.000241993
6.03664e-05
6.20616e-05
-8.0905e-07
-9.55371e-08
2.63079e-07
-6.2595e-07
-9.69676e-07
6.51627e-05
0.000265367
0.000229414
5.29389e-05
5.72831e-05
1.15844e-07
-9.96987e-08
2.68245e-07
-6.29945e-07
-1.04197e-06
6.54392e-05
0.000268833
0.000233126
4.73961e-05
5.73689e-05
5.23443e-07
-1.12863e-07
2.73637e-07
-6.12679e-07
-1.28768e-06
6.44548e-05
0.000277227
0.000251797
4.47139e-05
6.1724e-05
6.80463e-07
-1.23754e-07
2.72571e-07
-5.70818e-07
-1.48873e-06
5.94259e-05
0.000280047
0.000282083
4.65736e-05
6.36371e-05
7.29397e-07
-6.62097e-08
2.17692e-07
-4.47718e-07
-1.15729e-06
4.93699e-05
0.00024042
0.000246281
6.17576e-06
3.06292e-05
5.82431e-07
1.61488e-09
-4.19689e-09
1.45047e-09
4.56294e-08
8.23736e-07
1.79845e-06
-9.07583e-07
-1.12574e-06
-6.81343e-07
6.80828e-09
-2.07382e-10
-2.73414e-09
7.22863e-09
-8.00617e-08
-2.84854e-07
2.57986e-07
3.23347e-06
1.17746e-06
-7.12167e-09
3.08041e-07
1.11656e-08
7.49288e-08
-1.99873e-07
2.14056e-06
-7.29439e-05
-0.000326241
-0.000313306
-8.24754e-05
-0.000104615
6.89525e-06
1.96934e-08
1.21853e-07
-3.58072e-07
3.69335e-06
-0.00010729
-0.000466917
-0.000424624
-0.000148598
-0.000201997
4.82362e-06
1.78613e-08
1.02626e-07
-2.88043e-07
3.41047e-06
-0.00011242
-0.000463215
-0.000383844
-0.000130446
-0.000190635
-2.16293e-06
1.72578e-08
9.34784e-08
-2.56382e-07
3.24232e-06
-0.000113286
-0.000456917
-0.000364072
-0.000113956
-0.000172974
-6.76167e-06
1.82348e-08
1.03607e-07
-3.0616e-07
3.53364e-06
-0.00011291
-0.000461649
-0.000370713
-0.00010346
-0.00016769
-7.96736e-06
2.08095e-08
1.37074e-07
-4.51992e-07
4.27967e-06
-0.000109693
-0.000472546
-0.000400675
-0.000100268
-0.000172995
-7.26856e-06
2.58523e-08
1.91846e-07
-6.66939e-07
5.07259e-06
-9.86371e-05
-0.000469811
-0.000447125
-0.000107878
-0.00017424
-5.98335e-06
1.92244e-08
1.5002e-07
-5.17518e-07
3.99767e-06
-8.12261e-05
-0.000401852
-0.000399323
-3.81995e-05
-9.14764e-05
-4.03239e-06
-2.68551e-10
-4.70257e-09
1.53713e-08
-1.35541e-07
-1.70528e-06
-4.66166e-06
-2.38712e-07
2.53729e-06
1.32227e-06
8.58e-07
-2.40519e-10
-3.26653e-09
6.58292e-09
1.04643e-07
1.03267e-06
3.03628e-06
-2.1791e-06
-3.0244e-06
7.63852e-06
3.8284e-05
7.19898e-09
1.08186e-07
-4.71365e-07
1.43214e-06
9.28183e-05
0.000421274
0.000461085
0.000199234
0.000372891
-0.000564616
1.34712e-08
2.00883e-07
-7.65803e-07
1.72134e-06
0.0001347
0.000586804
0.000597535
0.000305479
0.00061048
-0.000555697
1.42322e-08
2.10549e-07
-8.22127e-07
2.25936e-06
0.000141871
0.000585882
0.000535273
0.00025753
0.000567946
-0.000421205
1.43577e-08
2.09489e-07
-8.21154e-07
2.39768e-06
0.000142166
0.000578353
0.000508844
0.000226041
0.000507791
-0.000312473
1.4577e-08
2.10336e-07
-7.86179e-07
1.951e-06
0.000138675
0.000577779
0.000519633
0.000210667
0.00047362
-0.000226209
1.47405e-08
2.10529e-07
-6.99804e-07
9.13318e-07
0.000128784
0.000575119
0.000560548
0.000212548
0.000462197
-0.000163881
1.39952e-08
1.98184e-07
-5.33237e-07
-3.9351e-07
0.000105392
0.000540009
0.000617178
0.000238194
0.000447505
-0.000135148
9.41565e-09
1.34544e-07
-3.75943e-07
-3.8808e-07
8.49778e-05
0.000464908
0.000568594
0.000128853
0.000253771
-0.00010822
-2.62735e-10
-3.60153e-09
4.20123e-10
2.3099e-07
3.33193e-06
1.15973e-05
5.20513e-06
-5.04426e-06
-5.39091e-06
6.69946e-05
6.90845e-11
4.85759e-11
-5.31281e-09
-1.91592e-07
-2.18031e-06
-8.91255e-06
-2.62675e-06
7.71989e-06
8.74412e-05
-0.000857654
-1.94479e-09
-9.17052e-09
3.42332e-07
-4.02503e-06
-0.000132625
-0.000596123
-0.000658105
-0.000316531
-0.00202721
0.00646682
-3.61611e-09
-1.61674e-08
5.31788e-07
-5.19386e-06
-0.000190319
-0.000819694
-0.00081683
-0.000436829
-0.00274118
0.00726288
-4.37776e-09
-2.06389e-08
5.69746e-07
-6.00789e-06
-0.000200012
-0.000823511
-0.000727706
-0.000337162
-0.00255169
0.00635679
-4.48892e-09
-1.90754e-08
5.45584e-07
-5.97263e-06
-0.000198437
-0.000812068
-0.000695113
-0.000291715
-0.00228131
0.0053747
-4.11796e-09
-1.213e-08
4.71636e-07
-4.88146e-06
-0.000189419
-0.000801944
-0.000712618
-0.000278116
-0.00203326
0.00435942
-2.97366e-09
3.58489e-09
3.19567e-07
-2.70381e-06
-0.000169075
-0.000778033
-0.000765997
-0.000295079
-0.00181987
0.00343025
-5.80651e-10
3.20935e-08
5.12158e-08
1.99533e-07
-0.00012702
-0.000691118
-0.00082605
-0.000352908
-0.00162188
0.00274611
-5.92251e-10
2.20758e-08
1.03712e-08
4.135e-07
-9.84534e-05
-0.000586001
-0.000783239
-0.00020434
-0.00103536
0.00194596
2.03909e-11
-7.64069e-10
1.79929e-09
-4.36051e-07
-5.73776e-06
-2.29956e-05
-1.75635e-05
7.99196e-06
0.000181584
-0.00118129
-7.67186e-11
-4.85991e-10
1.19888e-08
3.14828e-07
4.21949e-06
1.97891e-05
1.87208e-05
2.02813e-05
-0.000776207
0.0059673
2.33938e-09
2.53685e-08
-4.54461e-07
9.88365e-06
0.000179517
0.000807827
0.000909352
0.000122168
0.00800183
-0.0264294
5.70063e-09
5.84526e-08
-7.57365e-07
1.35911e-05
0.000252218
0.00108819
0.00108991
0.000154162
0.0106569
-0.0328646
6.27204e-09
6.04446e-08
-7.45886e-07
1.47161e-05
0.000263739
0.00109973
0.000971909
-1.2939e-05
0.0099312
-0.0290981
6.2078e-09
5.75006e-08
-6.87195e-07
1.41532e-05
0.000257596
0.00107968
0.000933437
-3.34022e-05
0.00879142
-0.0246969
6.16797e-09
5.60581e-08
-6.24683e-07
1.18878e-05
0.000237935
0.00104567
0.000957486
1.15368e-05
0.0076075
-0.0205586
5.98314e-09
5.41933e-08
-5.22861e-07
7.89543e-06
0.000199582
0.000973972
0.0010165
0.000105519
0.00652172
-0.0170308
4.8075e-09
4.35666e-08
-2.99624e-07
2.41768e-06
0.000128546
0.000789527
0.00105266
0.000250728
0.00557282
-0.014121
2.51044e-09
2.23716e-08
-1.68617e-07
1.03547e-06
9.26099e-05
0.000651101
0.00101674
0.000101598
0.00350168
-0.00868458
-9.48814e-11
-6.56372e-10
1.15356e-08
7.25588e-07
9.17898e-06
4.09773e-05
4.75511e-05
3.36901e-05
-0.00132169
0.00727598
-4.06923e-11
-8.15103e-10
-1.56283e-08
-5.35034e-07
-7.52191e-06
-3.83104e-05
-5.24793e-05
-0.000202039
0.00354322
-0.0227399
-5.35314e-10
-5.66483e-09
1.35082e-07
-1.78813e-05
-0.000246669
-0.00110908
-0.0012824
0.00121307
-0.0146407
0.0557867
-1.72294e-09
-1.29315e-08
2.62658e-07
-2.45625e-05
-0.000338814
-0.00146512
-0.00150455
0.00154222
-0.0201257
0.078715
-1.87928e-09
-1.27928e-08
1.83467e-07
-2.58554e-05
-0.000350616
-0.00148543
-0.00135948
0.00177114
-0.018505
0.0697052
-1.80393e-09
-1.15377e-08
1.23113e-07
-2.41394e-05
-0.000335468
-0.00144609
-0.00130849
0.00161278
-0.0163076
0.0586421
-1.77529e-09
-1.01459e-08
1.18949e-07
-1.96466e-05
-0.000298311
-0.00136627
-0.00132446
0.00130555
-0.0142939
0.0491061
-1.70276e-09
-7.56436e-09
1.22125e-07
-1.24489e-05
-0.000233236
-0.00121173
-0.00135912
0.000945489
-0.0126149
0.0415646
-1.18886e-09
-1.31228e-09
2.38555e-08
-2.7015e-06
-0.000122261
-0.000871111
-0.00130728
0.000595484
-0.0110894
0.0346652
-5.18367e-10
-1.16232e-10
-7.35287e-09
-4.11288e-07
-7.73289e-05
-0.000678401
-0.00126254
0.000628092
-0.00624634
0.0160359
-4.0367e-11
-1.18784e-09
-2.93098e-08
-1.11018e-06
-1.34154e-05
-6.63744e-05
-0.000106639
-0.000285904
0.00473107
-0.0258229
6.83054e-11
1.14051e-09
2.17089e-08
9.58309e-07
1.27381e-05
7.03904e-05
0.000111283
0.000362233
-0.00561561
0.0560596
1.38474e-09
3.21156e-08
6.35843e-07
3.06945e-05
0.000336294
0.00150757
0.00188316
-0.00354888
0.0223456
-0.0610658
2.00112e-09
4.25711e-08
8.83712e-07
4.22611e-05
0.000450432
0.00193864
0.00222322
-0.00400289
0.0297426
-0.100036
2.41797e-09
4.8783e-08
1.05598e-06
4.34708e-05
0.000459153
0.00196427
0.00207168
-0.00440387
0.0283095
-0.0877533
2.59222e-09
4.99128e-08
1.02882e-06
3.95733e-05
0.000428129
0.00188655
0.0019771
-0.00405581
0.0254363
-0.0719617
2.36125e-09
4.29584e-08
7.88701e-07
3.13564e-05
0.000363763
0.00172476
0.00192121
-0.00343482
0.0225651
-0.0596373
1.79598e-09
2.9834e-08
4.09102e-07
1.91851e-05
0.000260835
0.00143517
0.00183733
-0.00284228
0.0201223
-0.0510475
1.07919e-09
1.46496e-08
3.90499e-08
3.07713e-06
9.79566e-05
0.000861645
0.00156105
-0.0024612
0.0179443
-0.0417043
5.6707e-10
6.72094e-09
-1.90344e-08
-2.10915e-07
4.83257e-05
0.000609086
0.00145381
-0.00258437
0.0117803
-0.00790668
1.43398e-10
3.28794e-09
6.33908e-08
1.51958e-06
1.76617e-05
9.80519e-05
0.000186398
0.000739726
-0.00632009
0.0609308
4.98227e-12
3.30704e-10
-2.05912e-08
-1.80052e-06
-2.09255e-05
-0.000127223
-0.000275534
0.000651991
-0.0167028
-0.10659
-6.30875e-09
-1.49522e-07
-2.32311e-06
-5.0045e-05
-0.000461643
-0.00206502
-0.00259072
0.00432755
-0.0451101
0.0301087
-1.07716e-08
-2.26613e-07
-3.483e-06
-6.86714e-05
-0.000604279
-0.00257461
-0.00310883
0.00281515
-0.0434084
0.0729501
-1.26042e-08
-2.49905e-07
-3.74989e-06
-6.91008e-05
-0.000604121
-0.00259128
-0.00303393
0.00306356
-0.0423097
0.061701
-1.26459e-08
-2.39581e-07
-3.42481e-06
-6.12715e-05
-0.000547081
-0.00244328
-0.00287103
0.00370883
-0.043457
0.0471741
-1.09198e-08
-1.95458e-07
-2.61047e-06
-4.69594e-05
-0.000442687
-0.00214819
-0.00264845
0.00455889
-0.0442829
0.037552
-7.70254e-09
-1.24682e-07
-1.44544e-06
-2.72199e-05
-0.000288925
-0.00165588
-0.00231956
0.00574418
-0.0450087
0.0328287
-3.58711e-09
-4.02111e-08
-1.145e-07
-2.16984e-06
-6.3041e-05
-0.00075377
-0.00166309
0.00688661
-0.0465621
0.025104
-1.58648e-09
-1.12689e-08
9.59774e-08
7.44808e-07
-1.96119e-05
-0.000454295
-0.00149137
0.00838487
-0.0461468
-0.0176097
-1.80816e-10
-5.76598e-09
-1.09199e-07
-1.80473e-06
-2.05386e-05
-0.000132057
-0.000284337
0.00160958
-0.0148446
-0.113499
-5.72607e-12
-1.22903e-09
6.55223e-08
3.39023e-06
3.44126e-05
0.000220863
0.000630701
-0.0104406
0.0934384
0.157352
9.31047e-09
3.71682e-07
5.88529e-06
8.13203e-05
0.000641979
0.00287451
0.00251629
-0.0186567
0.176052
0.0330678
1.83351e-08
6.18771e-07
8.93039e-06
0.0001111
0.000822078
0.00344156
0.00314272
-0.0144929
0.194562
0.00209387
2.14283e-08
6.64173e-07
9.22948e-06
0.000109495
0.000803121
0.00340763
0.00328454
-0.0151817
0.195302
0.0071445
2.06341e-08
6.09622e-07
8.16e-06
9.48749e-05
0.000704865
0.00313458
0.00316605
-0.0169971
0.19308
0.012615
1.70001e-08
4.79986e-07
6.09978e-06
7.07334e-05
0.00054259
0.00263411
0.00285018
-0.0188824
0.186736
0.011775
1.1126e-08
2.9098e-07
3.34407e-06
3.93973e-05
0.000321199
0.00185654
0.00238311
-0.0194904
0.178399
0.0050119
3.71753e-09
5.69872e-08
1.55292e-07
1.76155e-06
2.22254e-05
0.000527711
0.0014365
-0.0172507
0.168328
0.00304526
9.86377e-10
5.24108e-10
-8.44962e-08
1.78398e-06
6.93674e-06
0.000257641
0.00152094
-0.015038
0.145556
0.0416551
1.32178e-10
7.9204e-09
1.63236e-07
1.86291e-06
2.02926e-05
0.000159244
0.000504287
-0.00951781
0.063937
0.160262
-4.05294e-11
-4.51998e-09
-3.67133e-07
-6.57088e-06
-5.80465e-05
-0.000377424
-0.00148429
0.0162864
-0.133426
-0.160248
-1.12777e-08
-8.82933e-07
-1.34935e-05
-0.000131911
-0.0008994
-0.00429766
-0.000205001
-0.0820752
-0.168917
-0.104344
-2.19669e-08
-1.47341e-06
-1.99045e-05
-0.000176133
-0.00112208
-0.00491769
-0.00115638
-0.0818211
-0.177391
-0.0965559
-2.39331e-08
-1.53579e-06
-1.98306e-05
-0.000168974
-0.00106672
-0.00474253
-0.00199587
-0.0773589
-0.184675
-0.0881492
-2.20639e-08
-1.36378e-06
-1.70437e-05
-0.000142314
-0.00090414
-0.0042251
-0.0022113
-0.0739654
-0.182294
-0.072077
-1.77408e-08
-1.03771e-06
-1.24597e-05
-0.000102177
-0.000658715
-0.00337256
-0.00206107
-0.0745279
-0.17202
-0.0465856
-1.13668e-08
-5.96422e-07
-6.73575e-06
-5.30529e-05
-0.00034749
-0.00214282
-0.00180673
-0.0763156
-0.15769
-0.0110636
-3.00372e-09
-5.96172e-08
-4.21196e-07
1.35342e-06
3.0184e-05
-0.000219832
-0.00054432
-0.0742165
-0.138497
0.0253845
-5.32384e-10
1.03795e-08
-7.316e-07
-6.29365e-06
-1.13875e-05
-0.000114758
-0.00145431
-0.0714691
-0.102734
0.0242664
-5.14748e-11
-1.19989e-08
-1.93085e-07
-1.54357e-06
-1.56049e-05
-0.000159528
-0.00107745
-2.11444e-06
-0.041179
-0.0877129
1.40759e-10
2.04352e-08
6.77526e-07
9.38153e-06
0.000100658
0.000691333
-0.000354779
0.0445952
-0.0521423
0.340856
1.36789e-08
8.93759e-07
1.46401e-05
0.000163521
0.00130876
0.00719634
-0.00193014
0.324298
-0.175051
0.57843
2.38579e-08
1.43562e-06
2.09452e-05
0.00021032
0.0015786
0.0078443
-0.00459083
0.416152
-0.23141
0.599496
2.43328e-08
1.42935e-06
1.99581e-05
0.000193491
0.00145234
0.00734636
-0.00316275
0.408973
-0.233546
0.600617
2.07721e-08
1.20494e-06
1.63774e-05
0.000154608
0.00117881
0.00632813
-0.00153928
0.369261
-0.228752
0.623173
1.48592e-08
8.56543e-07
1.12994e-05
0.000101713
0.000797649
0.00479498
0.000574051
0.306794
-0.22196
0.665865
7.55456e-09
4.47133e-07
5.58803e-06
4.18901e-05
0.000347001
0.00273905
0.00280915
0.231544
-0.210858
0.724818
-6.59667e-10
2.96839e-08
4.47931e-07
-1.34919e-05
-0.000128959
-0.000135492
0.00198903
0.155007
-0.194552
0.785967
-1.1039e-09
6.96103e-08
1.919e-06
3.4727e-06
-9.82218e-06
0.00014436
0.00493822
0.0826373
-0.174139
0.793163
1.70383e-11
2.51347e-09
-1.40708e-08
4.32789e-07
1.05277e-05
0.000138509
0.000914136
0.0278741
-0.10001
0.533776
-2.57468e-10
-3.03363e-08
-8.33681e-07
-1.17098e-05
-0.000161218
-0.00163036
-0.0105447
0.0526839
0.242793
0.741124
-1.78199e-08
-1.23055e-06
-2.08175e-05
-0.00021171
-0.00175186
-0.0119881
-0.0567619
0.535394
0.181711
0.903574
-3.25971e-08
-1.98369e-06
-2.7869e-05
-0.000253713
-0.00201433
-0.0127153
-0.0410657
0.670371
0.133763
0.900772
-3.28925e-08
-1.93488e-06
-2.5355e-05
-0.000220482
-0.00176209
-0.011535
-0.0419373
0.655684
0.141085
0.89286
-2.82134e-08
-1.62237e-06
-1.98299e-05
-0.000162882
-0.00132547
-0.00943664
-0.0445703
0.603151
0.147277
0.91094
-2.10859e-08
-1.17422e-06
-1.26187e-05
-9.08976e-05
-0.00076643
-0.0064869
-0.0453357
0.530319
0.14478
0.950801
-1.27363e-08
-6.60572e-07
-4.72315e-06
-1.4278e-05
-0.000157059
-0.0028815
-0.040943
0.445304
0.133235
1.01117
-3.88799e-09
-1.72791e-07
1.67318e-06
4.48668e-05
0.000363852
0.00122531
-0.0260967
0.351607
0.122043
1.08329
-3.61145e-09
-2.24636e-07
2.94361e-07
2.85327e-05
0.000180215
0.00037426
-0.0182764
0.213225
0.14065
1.1126
-2.1039e-13
7.30113e-10
-6.77708e-08
-1.71227e-06
-1.14776e-05
-0.00010732
-0.00313324
0.00700841
0.0981741
0.949708
2.23066e-10
2.15913e-08
6.39448e-07
1.07824e-05
0.000182448
0.00228751
0.0203075
0.158171
0.597901
0.866862
2.20948e-08
1.5328e-06
2.41907e-05
0.000238352
0.00212796
0.0156447
0.141573
0.770963
0.428002
1.03409
3.82847e-08
2.15142e-06
2.67699e-05
0.000249015
0.00226778
0.0171894
0.176514
0.922784
0.328119
1.06011
3.69178e-08
1.93806e-06
2.1462e-05
0.000192683
0.00181474
0.0145111
0.158535
0.90578
0.327757
1.05817
3.06816e-08
1.49081e-06
1.38472e-05
0.000115628
0.00116585
0.0102129
0.126302
0.847524
0.343364
1.07393
2.22973e-08
9.29593e-07
5.04315e-06
2.84058e-05
0.000412696
0.00488473
0.0841878
0.762203
0.370293
1.10125
1.30082e-08
3.30196e-07
-3.71829e-06
-5.60798e-05
-0.000329369
-0.000613684
0.0372369
0.65916
0.415973
1.12796
4.59259e-09
-1.29569e-07
-8.92784e-06
-0.000102764
-0.000787498
-0.00503925
-0.0115004
0.555401
0.450908
1.15586
5.07154e-09
-8.19695e-08
-8.4902e-06
-9.69639e-05
-0.000606628
-0.00273508
-0.0245493
0.417886
0.418232
1.20356
8.71232e-11
1.05583e-08
3.83718e-07
4.68671e-06
2.28344e-05
-0.000117802
-0.00411793
0.0582338
0.316202
1.14865
-1.56569e-10
-1.49052e-08
-7.13769e-07
-1.29739e-05
-0.000165542
-0.000921738
0.0098339
0.157405
0.74067
1.0783
-2.91645e-08
-1.69141e-06
-2.25535e-05
-0.000225852
-0.00230299
-0.0123494
0.126728
0.918375
0.701941
1.06685
-4.15961e-08
-1.88942e-06
-1.90242e-05
-0.000189829
-0.00204018
-0.00891525
0.190412
1.14395
0.637373
1.04133
-3.69575e-08
-1.4793e-06
-1.16356e-05
-0.000114061
-0.00135276
-0.00473928
0.1908
1.15968
0.640715
1.0261
-2.79858e-08
-9.03373e-07
-3.03567e-06
-2.60715e-05
-0.000544017
-0.000425247
0.185121
1.14344
0.649403
1.02496
-1.71853e-08
-2.57203e-07
5.90194e-06
6.45501e-05
0.000299555
0.00393777
0.17859
1.11703
0.643305
1.03798
-5.81641e-09
3.74022e-07
1.36959e-05
0.000141764
0.00104083
0.00771869
0.167363
1.0583
0.624745
1.07052
2.97658e-09
7.4606e-07
1.63066e-05
0.000162929
0.00128047
0.00868111
0.143619
0.936192
0.635864
1.11141
4.95867e-09
8.33565e-07
1.74865e-05
0.000170847
0.00122977
0.00448109
0.0434202
0.682713
0.707882
1.14075
-2.12757e-10
-2.06333e-08
-3.28497e-07
-2.1016e-06
-1.50018e-05
-0.000213688
0.000315117
0.0827743
0.708995
1.17294
5.63336e-10
6.77184e-08
1.99659e-06
3.38003e-05
0.000549596
0.00760758
0.0689086
0.390525
1.15262
0.917863
2.10445e-08
9.46863e-07
1.02302e-05
0.000139137
0.00270107
0.0462091
0.492553
1.17646
0.738872
1.04363
2.19791e-08
6.63489e-07
3.87138e-06
8.19859e-05
0.00230919
0.0476869
0.541859
1.29207
0.615206
1.07999
1.42992e-08
1.93245e-07
-2.93064e-06
4.41504e-06
0.00137798
0.038358
0.477242
1.24005
0.609585
1.0882
4.50832e-09
-3.22703e-07
-9.82446e-06
-7.89397e-05
0.000280589
0.0263924
0.397361
1.15595
0.628582
1.1038
-5.64579e-09
-8.19942e-07
-1.60171e-05
-0.000156692
-0.000813604
0.0137834
0.313424
1.07311
0.681286
1.11291
-1.46462e-08
-1.20116e-06
-1.98019e-05
-0.000207021
-0.00164595
0.00272474
0.237677
1.02532
0.763904
1.09734
-1.89221e-08
-1.24627e-06
-1.80417e-05
-0.000192385
-0.00174624
-0.0024705
0.188862
0.991552
0.820954
1.07688
-2.049e-08
-1.27777e-06
-1.79045e-05
-0.00019088
-0.00190871
-0.00808082
0.118021
0.783377
0.827247
1.10512
-1.7415e-10
-2.15648e-08
-9.13352e-07
-1.56074e-05
-0.000167924
-0.00052165
0.0129042
0.153621
0.692744
1.24084
2.907e-10
3.58693e-08
1.05395e-06
1.89128e-05
0.000335764
0.00512998
0.0522009
0.285804
1.21934
0.989666
3.28959e-09
2.16926e-07
4.14831e-06
8.64216e-05
0.00209044
0.0391569
0.457625
1.21949
0.873433
1.00878
6.61685e-09
3.92645e-07
6.28856e-06
0.000130091
0.00298137
0.0527712
0.581363
1.4891
0.755333
1.017
1.09135e-08
6.14638e-07
9.49643e-06
0.00017461
0.00357337
0.0577571
0.593418
1.53943
0.78338
0.995479
1.43735e-08
7.94905e-07
1.22578e-05
0.000209157
0.0039441
0.0599
0.591896
1.55763
0.812735
0.970285
1.66405e-08
9.0718e-07
1.39666e-05
0.000227388
0.00406236
0.0596595
0.581513
1.5436
0.800321
0.954416
1.70881e-08
8.97857e-07
1.3473e-05
0.000214217
0.00375333
0.0553075
0.548231
1.47248
0.761584
0.964164
1.40232e-08
6.71683e-07
9.46004e-06
0.000154392
0.00282864
0.0446999
0.482513
1.37192
0.765296
0.987652
1.14193e-08
5.20563e-07
7.05035e-06
0.000112905
0.00204906
0.033206
0.384851
1.17777
0.908026
0.976951
4.93932e-10
5.25402e-08
1.39832e-06
2.39356e-05
0.000419451
0.00599943
0.0548694
0.34321
1.27912
0.920224
6.68339e-10
8.22914e-08
2.52575e-06
4.46121e-05
0.000733672
0.00981304
0.0822898
0.447733
1.40992
0.81405
2.17748e-08
1.27262e-06
2.21312e-05
0.000315418
0.00521088
0.0741969
0.606145
1.2483
0.843207
0.96194
2.53822e-08
1.3603e-06
2.20013e-05
0.000311954
0.00538213
0.0805347
0.676452
1.37678
0.627755
1.02255
2.24401e-08
1.16265e-06
1.76896e-05
0.000251221
0.00457286
0.0710153
0.622341
1.34404
0.582239
1.03279
1.75024e-08
8.5287e-07
1.16797e-05
0.000171228
0.00351166
0.0592133
0.559096
1.29382
0.57977
1.05712
1.19405e-08
5.0356e-07
5.29673e-06
9.11304e-05
0.00248429
0.0484212
0.507308
1.27273
0.637527
1.08258
7.01037e-09
2.06524e-07
3.30349e-07
3.34181e-05
0.00174893
0.0406527
0.475965
1.28813
0.735642
1.07807
4.23811e-09
6.7591e-08
-1.3578e-06
1.70324e-05
0.00146047
0.0362872
0.455693
1.28086
0.801195
1.05519
2.13696e-09
-6.97575e-08
-3.94435e-06
-2.00997e-05
0.000869139
0.0282866
0.389425
1.07732
0.847362
1.06327
3.06021e-10
3.49152e-08
1.04186e-06
1.92953e-05
0.00034034
0.00524567
0.0555757
0.309923
0.954662
1.1069
6.59966e-10
8.60492e-08
2.9183e-06
5.44646e-05
0.000873094
0.0111774
0.0888645
0.409185
1.41759
0.980294
2.70141e-08
1.53392e-06
2.5323e-05
0.000374587
0.00655988
0.0906361
0.676149
1.31585
0.976523
0.973285
3.24794e-08
1.70383e-06
2.85969e-05
0.000455174
0.00805233
0.110914
0.811877
1.55907
0.837827
1.01042
3.24021e-08
1.78076e-06
3.15855e-05
0.000499044
0.00847914
0.112169
0.806629
1.6077
0.870672
1.00116
3.09176e-08
1.79987e-06
3.33353e-05
0.000518087
0.0084941
0.109269
0.786063
1.62594
0.886964
0.959879
2.87188e-08
1.75313e-06
3.32673e-05
0.000507943
0.00812523
0.103422
0.756883
1.60997
0.827347
0.904018
2.56153e-08
1.60802e-06
3.05968e-05
0.000459213
0.00728506
0.0940654
0.718183
1.57026
0.738863
0.879746
2.08575e-08
1.30214e-06
2.43013e-05
0.000363048
0.00589148
0.0804505
0.672987
1.53435
0.731261
0.890325
1.82425e-08
1.17041e-06
2.17193e-05
0.000316638
0.00511988
0.0709013
0.613968
1.39408
0.959103
0.840128
6.56113e-10
7.16959e-08
2.21803e-06
4.34877e-05
0.000767863
0.0103736
0.0874289
0.481254
1.64529
0.739404
5.71897e-10
8.04974e-08
3.11328e-06
6.66574e-05
0.00114063
0.0143426
0.104197
0.497695
1.53376
0.673054
4.52647e-08
3.06097e-06
5.66434e-05
0.000736656
0.010655
0.124123
0.757043
1.29441
0.872163
0.842851
5.97533e-08
3.46604e-06
5.60406e-05
0.000718614
0.0110977
0.135792
0.849985
1.4302
0.634068
0.881588
5.57877e-08
3.09161e-06
4.76118e-05
0.000613136
0.00983716
0.123496
0.803299
1.41825
0.581732
0.86821
4.76611e-08
2.55616e-06
3.78824e-05
0.000494302
0.00831235
0.108829
0.748205
1.39187
0.582306
0.920702
3.88009e-08
2.01059e-06
2.88223e-05
0.000389786
0.0069874
0.0966341
0.707487
1.38928
0.651887
1.04181
3.04692e-08
1.53628e-06
2.18937e-05
0.000316919
0.00603428
0.087509
0.679459
1.39824
0.736975
1.11863
2.37364e-08
1.19671e-06
1.78704e-05
0.000278112
0.00539811
0.0802529
0.656345
1.38896
0.761356
1.02773
1.88218e-08
9.67599e-07
1.50745e-05
0.000240542
0.00470806
0.0722754
0.610883
1.215
0.790491
0.905236
9.49682e-10
8.97258e-08
2.44797e-06
4.4713e-05
0.000790878
0.0110214
0.0953603
0.430383
1.08349
0.82811
1.47256
0.468832
1.43097
0.830005
0.905877
1.23259
0.70621
1.22934
0.961052
0.994365
1.35262
0.646714
1.43719
0.479525
1.50097
0.635701
1.15593
1.06003
0.874115
1.08979
1.34969
0.665547
1.40709
0.485882
1.52499
0.594134
1.19916
1.02878
0.886326
1.09051
1.34798
0.661931
1.41815
0.47723
1.5251
0.604594
1.18327
1.03892
0.885763
1.08855
1.34523
0.65855
1.42784
0.469774
1.52598
0.611134
1.17341
1.0455
0.884128
1.08791
1.34073
0.657819
1.43267
0.46573
1.52737
0.612426
1.17117
1.0467
0.883273
1.08807
1.33404
0.660272
1.43222
0.465101
1.52952
0.60808
1.17683
1.04239
0.883364
1.08896
1.32778
0.661245
1.43202
0.465943
1.53048
0.602569
1.18605
1.03622
0.882101
1.091
1.3386
0.627996
1.46551
0.476778
1.47595
0.673757
1.1223
1.07584
0.86912
1.08925
1.48135
0.477056
1.38274
0.897106
0.846513
1.27018
0.693139
1.2284
0.965644
0.987812
1.24781
0.714785
1.33225
0.675531
1.27904
0.810954
1.14065
0.942726
1.09657
0.912622
1.1659
0.813502
1.20733
0.775634
1.27743
0.738925
1.28992
0.79711
1.15781
0.895362
1.15869
0.819772
1.19814
0.788764
1.26651
0.743042
1.29616
0.784631
1.16902
0.891048
1.15933
0.819079
1.20156
0.784011
1.27277
0.738064
1.29957
0.784518
1.1714
0.887295
1.15329
0.823607
1.20022
0.7835
1.27536
0.735878
1.30149
0.784156
1.17363
0.883354
1.14084
0.83366
1.19353
0.788388
1.27285
0.737685
1.30098
0.783873
1.17555
0.879731
1.12309
0.848537
1.18188
0.798369
1.26536
0.743373
1.29789
0.783918
1.17667
0.876925
1.10479
0.864115
1.16968
0.809034
1.2571
0.75016
1.29371
0.784116
1.17684
0.875043
1.10562
0.86121
1.18113
0.793354
1.26864
0.748732
1.28378
0.797994
1.16862
0.875299
1.19761
0.750939
1.30861
0.692868
1.26813
0.812702
1.15249
0.922082
1.1249
0.890402
1.10004
0.876678
1.14031
0.855169
1.16934
0.865611
1.12119
0.935003
1.04269
0.938497
1.04889
0.922729
1.09942
0.897311
1.11656
0.874618
1.12486
0.871464
1.10461
0.941144
1.05038
0.919679
1.10408
0.890899
1.12096
0.867917
1.12901
0.862043
1.12067
0.935978
1.05327
0.916463
1.10759
0.88739
1.12573
0.863725
1.13433
0.85851
1.12304
0.933177
1.04763
0.921295
1.10386
0.890325
1.12465
0.864413
1.13563
0.857599
1.1236
0.930613
1.03498
0.93277
1.09433
0.898271
1.11895
0.86886
1.13341
0.858688
1.12336
0.928386
1.01577
0.950609
1.07927
0.911083
1.10869
0.877013
1.1276
0.8619
1.12209
0.926858
0.992544
0.973249
1.05955
0.928449
1.09423
0.888611
1.11865
0.867486
1.11913
0.926042
0.982979
0.984896
1.0482
0.940618
1.08776
0.897242
1.11436
0.87784
1.10642
0.925445
1.03772
0.92937
1.1004
0.883273
1.15534
0.871705
1.12914
0.921207
1.07354
0.907918
1.04279
0.938878
1.05581
0.966379
1.05474
0.945686
1.05066
0.977637
0.940339
1.02198
1.00222
0.979822
1.03985
0.952061
1.0389
0.9442
1.01771
0.940087
1.04394
1.00339
0.997865
0.980519
1.04262
0.942955
1.05043
0.930747
1.02341
0.93349
1.0652
0.993016
0.998489
0.97887
1.04487
0.94069
1.05302
0.929088
1.02665
0.93019
1.06579
0.992027
0.993062
0.98425
1.04039
0.944763
1.04973
0.932152
1.02551
0.930548
1.06368
0.992048
0.983653
0.994748
1.03106
0.95339
1.0425
0.938239
1.02111
0.933825
1.06031
0.992603
0.974039
1.00712
1.01941
0.964763
1.0325
0.946607
1.01386
0.939839
1.05566
0.994006
0.964177
1.01988
1.00708
0.977345
1.02058
0.95642
1.00484
0.947854
1.04941
0.99639
0.946639
1.03569
0.991875
0.996302
1.00443
0.970758
1.00118
0.95466
1.03015
1.00219
0.95871
1.00945
0.998045
1.01015
1.02877
0.964198
1.04192
0.980299
0.95456
1.00008
0.971133
1.00888
0.992738
1.03904
0.977063
1.00802
0.986288
1.02565
0.85993
1.09665
0.991535
1.00998
1.00974
0.978023
1.01527
0.963812
0.988267
0.962173
1.0268
1.03271
1.00513
0.994462
1.02347
0.961122
1.03459
0.943252
1.00141
0.951047
1.05776
1.01486
1.00974
0.989346
1.02805
0.957598
1.03631
0.94337
1.00263
0.948944
1.05776
1.01534
1.00957
0.989374
1.02773
0.958301
1.03421
0.946159
1.00108
0.949599
1.05608
1.01605
1.00564
0.99265
1.02495
0.960766
1.03117
0.949066
0.999067
0.951469
1.05522
1.01549
0.995894
1.00139
1.0181
0.966166
1.02651
0.952548
0.996385
0.954773
1.05495
1.01378
0.98157
1.01665
1.00447
0.97856
1.01554
0.960919
0.989903
0.961822
1.05206
1.01279
0.964956
1.03472
0.98517
1.00557
0.986526
0.988682
0.97289
0.978609
1.01832
1.02941
0.93922
1.04308
0.953818
1.07317
0.954557
1.02202
0.978887
1.02498
0.873618
1.0835
1.02252
0.966502
1.02981
1.02827
0.968833
1.02367
0.977045
1.02001
0.871611
1.0888
1.00581
0.996485
1.02996
0.952387
1.04083
0.945802
0.994575
0.966451
1.02544
1.02793
0.997884
1.00205
1.02461
0.949842
1.05344
0.925431
1.00974
0.955561
1.05314
1.01183
0.994956
1.00516
1.02253
0.952199
1.05126
0.92775
1.01003
0.953381
1.053
1.0127
0.989273
1.01191
1.01669
0.958108
1.04529
0.932863
1.00718
0.95415
1.0508
1.01452
0.984618
1.01938
1.00882
0.966521
1.03685
0.939327
1.00281
0.956851
1.04851
1.01601
0.987228
1.02112
1.00407
0.973453
1.02832
0.945951
0.99747
0.961259
1.04631
1.0171
0.991992
1.01882
1.00316
0.976959
1.02112
0.951876
0.991806
0.967167
1.04339
1.01824
0.977956
1.02989
0.993304
0.994354
0.998286
0.974698
0.979502
0.977001
1.01846
1.03111
0.927635
1.05105
0.9602
1.07577
0.947504
1.02857
0.971316
1.02076
0.872319
1.0886
0.995079
1.00191
0.994479
1.05722
0.937972
1.03612
0.958249
1.02172
0.851069
1.13519
1.01547
0.990487
1.02491
0.959994
1.02094
0.959221
0.980467
0.98403
1.02596
1.03716
1.01837
0.982775
1.03438
0.943238
1.04442
0.932822
0.99992
0.97605
1.05553
1.01547
1.02463
0.977385
1.03978
0.938388
1.04846
0.93079
1.00213
0.974134
1.05552
1.01623
1.03192
0.971076
1.04494
0.934203
1.05111
0.929401
1.00354
0.973522
1.05428
1.01731
1.03724
0.964602
1.05069
0.928707
1.0553
0.925673
1.007
0.972532
1.0544
1.01692
1.03441
0.964644
1.05145
0.926068
1.05831
0.920975
1.01206
0.971064
1.05588
1.01507
1.0248
0.974311
1.04184
0.934298
1.05118
0.92411
1.01199
0.973093
1.05492
1.01405
1.01932
0.985034
1.02697
0.960821
1.01755
0.958269
0.98762
0.988689
1.01988
1.03685
1.01498
0.985288
1.00106
1.05148
0.942654
1.03736
0.947232
1.03108
0.853887
1.132
1.05234
0.967904
1.04637
1.02455
0.950786
1.05658
0.936764
1.03038
0.867829
1.10352
1.03736
0.968232
1.04254
0.942527
1.0449
0.935097
1.00017
0.975482
1.0181
1.02683
1.02113
0.971503
1.03958
0.936624
1.05513
0.912644
1.02043
0.962183
1.04785
1.00707
1.01765
0.973174
1.03883
0.935209
1.05446
0.913838
1.01921
0.961223
1.0482
1.0079
1.00922
0.980749
1.03266
0.93833
1.05015
0.917187
1.01604
0.962427
1.04663
1.00964
0.99888
0.993623
1.02076
0.947808
1.04091
0.923647
1.01132
0.965474
1.04515
1.01052
0.997386
1.00188
1.01082
0.959042
1.0294
0.933304
1.00437
0.971749
1.0428
1.0109
1.00313
1.00176
1.00876
0.964948
1.02142
0.94258
0.997422
0.980726
1.03798
1.0123
0.995584
1.01364
1.00092
0.982558
0.999785
0.971384
0.978231
0.994359
1.01166
1.0292
0.96593
1.03195
0.986042
1.06709
0.925536
1.05776
0.933615
1.02558
0.874815
1.10743
0.979098
0.986328
0.982297
1.03072
0.95195
1.02074
0.946591
1.08333
0.859283
1.11596
1.00472
0.9776
1.00439
0.952823
1.0158
0.962051
1.01743
0.969411
0.994567
1.05647
1.00015
0.97777
1.00579
0.944696
1.02864
0.94488
1.03241
0.955528
1.01866
1.03969
1.00225
0.977737
1.00767
0.946141
1.02676
0.946314
1.03085
0.958426
1.01527
1.04119
1.01352
0.96935
1.01554
0.943603
1.02733
0.947187
1.02952
0.961097
1.01131
1.04353
1.03149
0.949799
1.03367
0.930838
1.03648
0.941207
1.03331
0.960067
1.01057
1.04445
1.0418
0.931266
1.05412
0.911094
1.05376
0.926013
1.04583
0.951367
1.0164
1.04217
1.03797
0.929191
1.05988
0.903421
1.06285
0.915845
1.05797
0.940818
1.02649
1.03663
1.04463
0.931136
1.05244
0.925339
1.04107
0.940119
1.03839
0.961324
1.0003
1.05116
1.05483
0.948869
1.00023
1.02135
0.962863
1.0235
0.931495
1.0975
0.846369
1.12252
1.08535
0.981203
0.942228
0.961969
0.97682
1.07969
0.778935
1.27019
0.831907
1.13803
1.03788
0.861206
1.02599
0.984405
1.01673
0.912918
1.03488
1.0832
0.860789
1.14178
1.03013
0.855368
1.04765
0.961364
1.04118
0.883581
1.07129
1.04689
0.886169
1.12911
1.04337
0.843654
1.05576
0.949552
1.05567
0.872755
1.07485
1.04523
0.89201
1.12483
1.03896
0.842732
1.05885
0.941062
1.06749
0.863839
1.07995
1.04173
0.897452
1.12088
1.00766
0.865153
1.04566
0.943814
1.07283
0.858069
1.08738
1.03471
0.904968
1.11543
0.973511
0.90189
1.01219
0.967171
1.0612
0.864325
1.09041
1.02892
0.910903
1.11055
0.979051
0.922111
0.979491
1.00127
1.03258
0.888506
1.08032
1.03306
0.907541
1.11062
1.00757
0.940241
0.953369
1.02039
1.00961
0.926842
1.03492
1.07524
0.880443
1.12378
1.02525
1.01064
0.981245
0.914234
1.00408
1.06671
0.80465
1.24633
0.854406
1.12473
2.54073e-10
3.85224e-08
1.77597e-06
4.86063e-05
0.00103275
0.0149354
0.112483
0.347966
1.45615
1.69573
3.50937e-08
3.25503e-06
8.71818e-05
0.00140745
0.0192227
0.192069
0.953543
1.45981
1.22915
1.4641
6.60441e-08
5.58772e-06
0.000137167
0.0020918
0.0281066
0.272179
1.25078
1.83193
1.19714
1.61589
7.63085e-08
6.34877e-06
0.000152486
0.00229381
0.0307027
0.290346
1.29696
1.96391
1.36663
1.58723
7.90592e-08
6.52381e-06
0.000154059
0.00228671
0.0305577
0.287287
1.28935
2.03595
1.35725
1.0654
7.76051e-08
6.3023e-06
0.000144819
0.00210178
0.028032
0.266167
1.23333
1.99296
1.02211
0.0849138
7.17822e-08
5.65685e-06
0.000124594
0.00175364
0.0235436
0.232643
1.15959
1.92678
0.656338
-0.898214
5.99526e-08
4.51048e-06
9.41583e-05
0.00128987
0.017806
0.190506
1.08165
1.89747
0.575119
-1.28193
5.44199e-08
3.95579e-06
7.95841e-05
0.0010907
0.0158235
0.181298
1.06348
1.80875
1.15118
-0.932788
1.53195e-09
1.77769e-07
5.95855e-06
0.000123425
0.00208103
0.0246816
0.16479
0.739394
2.61856
0.406632
3.87864e-11
6.41969e-09
3.26459e-07
9.97758e-06
0.000231673
0.00399488
0.0356455
0.077889
0.775269
-0.22457
6.37014e-09
7.07088e-07
2.33865e-05
0.000455213
0.0067464
0.0733097
0.456376
1.04738
0.936395
-0.301336
1.47074e-08
1.52795e-06
4.73474e-05
0.000874641
0.0125601
0.130276
0.737532
1.46572
0.865132
-0.461738
2.02053e-08
2.10168e-06
6.50859e-05
0.00120651
0.0174795
0.177521
0.922621
1.58926
0.674664
-0.623858
2.54272e-08
2.67633e-06
8.34801e-05
0.00155768
0.0227291
0.225472
1.07508
1.59658
0.31623
-0.973668
3.11197e-08
3.29524e-06
0.000102416
0.00189413
0.0274083
0.263073
1.15385
1.47577
-0.0873007
-0.938855
3.64908e-08
3.83349e-06
0.000116432
0.0020878
0.0294262
0.272217
1.1191
1.17301
-0.732103
-0.987613
3.91228e-08
3.97647e-06
0.000114815
0.00194793
0.0266258
0.247171
1.04946
1.01288
-0.960765
-0.986235
4.40014e-08
4.35149e-06
0.000120605
0.00198999
0.0273176
0.257226
1.05575
0.937235
-0.640438
-0.293642
3.80732e-10
5.50993e-08
2.34897e-06
6.88243e-05
0.00157444
0.0222387
0.144381
0.532806
0.26237
-1.7373
3.84193e-12
6.90237e-10
3.82918e-08
1.26787e-06
3.01634e-05
0.000579025
0.0053682
0.0167869
0.131746
0.0364659
7.24405e-10
9.16242e-08
3.46666e-06
7.65805e-05
0.00122701
0.0147661
0.101957
0.404123
0.404804
0.0757579
1.96201e-09
2.35364e-07
8.44287e-06
0.000177956
0.00276121
0.0317035
0.21285
0.663024
0.539528
0.112997
3.10399e-09
3.76573e-07
1.36611e-05
0.000292413
0.00464345
0.0533622
0.345755
0.886411
0.557005
0.142022
4.59382e-09
5.70652e-07
2.11555e-05
0.000462789
0.00752519
0.0857844
0.517381
1.04685
0.479483
0.166896
6.76799e-09
8.56639e-07
3.21671e-05
0.000709305
0.01156
0.127392
0.684089
1.06769
0.3179
0.197328
9.70917e-09
1.2402e-06
4.62888e-05
0.000999931
0.0159026
0.16524
0.769538
0.89386
0.0805665
0.201929
1.30591e-08
1.64182e-06
5.91799e-05
0.00122029
0.0185315
0.182446
0.777258
0.740139
0.0444401
0.288361
1.73501e-08
2.12946e-06
7.35501e-05
0.00145669
0.0215919
0.204989
0.789962
0.601671
0.0594811
0.208479
-4.89347e-11
-8.03191e-09
-3.14425e-07
-2.48643e-06
0.00020167
0.00669679
0.0572913
0.300372
0.403308
1.25499
2.86003e-13
5.50885e-11
3.25767e-09
1.16475e-07
2.78804e-06
5.86943e-05
0.000528199
0.00212102
0.00840358
-0.00160991
6.21396e-11
8.75402e-09
3.66174e-07
8.91998e-06
0.000152267
0.00202945
0.01363
0.0805706
0.094811
0.00509795
1.94384e-10
2.62112e-08
1.04705e-06
2.44278e-05
0.000405225
0.0051389
0.0362244
0.163089
0.161182
0.00911388
3.48804e-10
4.79143e-08
1.95181e-06
4.65539e-05
0.000797293
0.0102709
0.0745795
0.286359
0.20638
0.00887345
5.96409e-10
8.46391e-08
3.55426e-06
8.74577e-05
0.00155612
0.0202984
0.146855
0.439003
0.238443
0.00834679
1.03581e-09
1.51472e-07
6.53144e-06
0.0001641
0.00297081
0.0380609
0.256121
0.560851
0.237846
-0.0111626
1.78676e-09
2.66163e-07
1.15194e-05
0.000288033
0.00518445
0.0633845
0.370667
0.555179
0.158959
0.013138
2.9185e-09
4.40509e-07
1.89066e-05
0.000458567
0.00790178
0.0891788
0.441034
0.458874
0.0460916
-0.148581
4.52626e-09
6.61908e-07
2.70571e-05
0.000626029
0.0104272
0.110254
0.464989
0.344651
-0.0040393
0.141118
-4.48776e-11
-8.93241e-09
-4.57693e-07
-1.39489e-05
-0.000274772
-0.00243907
-0.0188869
0.0779945
-0.0467257
-0.716117
1.75624e-14
3.60875e-12
2.19871e-10
8.47381e-09
2.0297e-07
4.56049e-06
4.13354e-05
0.000147915
0.00056085
2.1287e-05
4.37504e-12
6.77571e-10
3.07068e-08
8.12767e-07
1.46087e-05
0.000215494
0.00135304
0.00986872
0.0155797
0.00114295
1.56837e-11
2.34179e-09
1.01851e-07
2.58843e-06
4.54307e-05
0.000635187
0.00439688
0.0247868
0.031021
0.00239768
3.15884e-11
4.83947e-09
2.16376e-07
5.6405e-06
0.000102568
0.00146605
0.0108109
0.0549861
0.0464549
0.003546
6.17662e-11
9.84701e-09
4.54661e-07
1.22832e-05
0.000234553
0.00344137
0.0269407
0.110133
0.0662226
0.00500244
1.23827e-10
2.06019e-08
9.92905e-07
2.76453e-05
0.000542505
0.00792206
0.0620704
0.187101
0.0862109
0.00694912
2.54669e-10
4.32185e-08
2.09185e-06
5.86037e-05
0.00116917
0.0167046
0.121031
0.245836
0.0846365
0.00617467
4.86475e-10
8.71937e-08
4.31739e-06
0.000119164
0.00229633
0.0302714
0.184962
0.237139
0.0510775
0.0138335
8.79208e-10
1.50884e-07
7.04661e-06
0.000184332
0.00342924
0.0419369
0.212244
0.16887
0.0186623
-0.00466278
-1.19109e-11
-2.89165e-09
-1.68419e-07
-5.96541e-06
-0.000154256
-0.00237649
-0.0251953
-0.0358691
0.0012997
0.00779572
9.34609e-16
2.03246e-13
1.25427e-11
5.05275e-10
1.26163e-08
2.90863e-07
2.77299e-06
6.92216e-06
4.4729e-05
1.1877e-06
2.65695e-13
4.49309e-11
2.17408e-09
6.18912e-08
1.1655e-06
1.8936e-05
0.00011348
0.000907415
0.00202921
0.000125499
1.08988e-12
1.78011e-10
8.3017e-09
2.27613e-07
4.20046e-06
6.4519e-05
0.000435664
0.00280479
0.00467086
0.00030506
2.42465e-12
4.13432e-10
1.99822e-08
5.62643e-07
1.07535e-05
0.000169265
0.00122553
0.0074791
0.00802964
0.000512483
5.45634e-12
9.59736e-10
4.78096e-08
1.39842e-06
2.82264e-05
0.000460453
0.00367519
0.0187837
0.0134999
0.00082477
1.22246e-11
2.31818e-09
1.22512e-07
3.71396e-06
7.74841e-05
0.00126621
0.0107422
0.0416541
0.0215384
0.00125918
3.00781e-11
5.71556e-09
3.02828e-07
9.29887e-06
0.000200369
0.00326987
0.0276888
0.0746207
0.0276372
0.00163055
6.43159e-11
1.37776e-08
7.69985e-07
2.35522e-05
0.000495253
0.00749793
0.0564171
0.0944652
0.0237593
0.00131277
1.3583e-10
2.74231e-08
1.43596e-06
4.13783e-05
0.000840278
0.0118096
0.0748253
0.0723148
0.0119195
0.000840875
-1.9387e-12
-6.1181e-10
-3.94043e-08
-1.47511e-06
-4.0688e-05
-0.000765602
-0.00906335
-0.021743
-0.000173413
-0.000870912
4.44483e-17
1.02546e-14
6.31902e-13
2.63158e-11
6.87598e-10
1.60086e-08
1.6349e-07
2.64448e-07
3.57048e-06
8.81048e-08
1.4391e-14
2.64545e-12
1.35278e-10
4.11297e-09
8.09192e-08
1.43939e-06
8.56531e-06
7.09007e-05
0.000227318
1.23836e-05
6.741e-14
1.19715e-11
5.91856e-10
1.73751e-08
3.36179e-07
5.64666e-06
3.7927e-05
0.000265415
0.000607068
3.49862e-05
1.64282e-13
3.10734e-11
1.60662e-09
4.84958e-08
9.69528e-07
1.66868e-05
0.000118955
0.000826193
0.00119951
6.76231e-05
4.24343e-13
8.19127e-11
4.34476e-09
1.36221e-07
2.87936e-06
5.17058e-05
0.000412976
0.0025054
0.00234019
0.000126994
1.04571e-12
2.25939e-10
1.29271e-08
4.22012e-07
9.2469e-06
0.000166674
0.00146951
0.00704953
0.00446592
0.000230888
3.05477e-12
6.49073e-10
3.7076e-08
1.22914e-06
2.80235e-05
0.000510971
0.00479326
0.0165476
0.00708944
0.00037734
7.10887e-12
1.83341e-09
1.14051e-07
3.80183e-06
8.54119e-05
0.00144949
0.0129008
0.0285745
0.0084285
0.00043019
1.7409e-11
4.20135e-09
2.44597e-07
7.64574e-06
0.000165744
0.00262194
0.0206489
0.0267842
0.00606783
0.000307148
-2.21491e-13
-9.97558e-11
-7.04392e-09
-2.71139e-07
-7.31631e-06
-0.000152169
-0.00184654
-0.00448791
6.89812e-05
-2.05212e-05
1.92416e-18
4.75079e-16
2.90966e-14
1.23754e-12
3.36444e-11
7.87804e-10
8.64438e-09
9.31754e-09
2.63044e-07
5.81841e-09
7.1183e-16
1.41677e-13
7.60107e-12
2.45854e-10
5.04583e-09
9.76449e-08
5.9853e-07
5.04004e-06
2.27117e-05
1.09246e-06
3.79614e-15
7.30603e-13
3.79933e-11
1.18811e-09
2.40617e-08
4.39721e-07
3.01349e-06
2.24554e-05
7.06016e-05
3.59909e-06
1.00941e-14
2.1119e-12
1.15926e-10
3.73301e-09
7.79103e-08
1.45747e-06
1.04048e-05
8.00804e-05
0.000161223
8.01577e-06
2.97502e-14
6.30338e-12
3.53011e-10
1.17773e-08
2.59288e-07
5.08065e-06
4.06597e-05
0.000282879
0.000363617
1.75822e-05
8.00777e-14
1.96989e-11
1.20951e-09
4.22211e-08
9.65319e-07
1.90025e-05
0.000170585
0.000989918
0.000825224
3.78094e-05
2.73856e-13
6.55594e-11
4.00069e-09
1.41632e-07
3.37314e-06
6.75686e-05
0.000676566
0.00291883
0.00157146
7.49215e-05
6.77456e-13
2.13611e-10
1.46799e-08
5.27975e-07
1.25063e-05
0.00023355
0.00235331
0.00680524
0.00248137
0.000108592
1.88759e-12
5.636e-10
3.64593e-08
1.22618e-06
2.79818e-05
0.000489072
0.00462755
0.00820049
0.00243085
9.91805e-05
-1.69375e-14
-1.3548e-11
-1.04922e-09
-4.13288e-08
-1.0673e-06
-2.32673e-05
-0.000278242
-0.000664392
4.23386e-05
7.99221e-07
7.65686e-20
2.06477e-17
1.24142e-15
5.33573e-14
1.5028e-12
3.53321e-11
4.16336e-10
3.58824e-10
1.7569e-08
3.6268e-10
3.27133e-17
7.0176e-15
3.92787e-13
1.34948e-11
2.89274e-10
6.05137e-09
3.92632e-08
3.37741e-07
2.05805e-06
8.73973e-08
1.97777e-16
4.11564e-14
2.2396e-12
7.43936e-11
1.57735e-09
3.11845e-08
2.23044e-07
1.76439e-06
7.45048e-06
3.35373e-07
5.73279e-16
1.32242e-13
7.6626e-12
2.62652e-10
5.7259e-09
1.15813e-07
8.46444e-07
7.11839e-06
1.97218e-05
8.59521e-07
1.91271e-15
4.45837e-13
2.62365e-11
9.27615e-10
2.12272e-08
4.50155e-07
3.65109e-06
2.86159e-05
5.1427e-05
2.20523e-06
5.6035e-15
1.57136e-12
1.0291e-10
3.82817e-09
9.11063e-08
1.94588e-06
1.7675e-05
0.00012162
0.000139048
5.62512e-06
2.20767e-14
6.02568e-12
3.91249e-10
1.46991e-08
3.63276e-07
7.90416e-06
8.24771e-05
0.000437128
0.000314324
1.34069e-05
5.64724e-14
2.23844e-11
1.69487e-09
6.54804e-08
1.62521e-06
3.30481e-05
0.000363912
0.00134874
0.000642416
2.4411e-05
1.73039e-13
6.75984e-11
4.89336e-09
1.76755e-07
4.22228e-06
8.0649e-05
0.00088112
0.00210594
0.000831753
2.92113e-05
-4.16751e-16
-1.59372e-12
-1.37764e-10
-5.57892e-09
-1.39978e-07
-3.1217e-06
-3.70218e-05
-9.18656e-05
1.24192e-05
1.6415e-07
2.78746e-21
8.52267e-19
5.00402e-17
2.14016e-15
6.17903e-14
1.451e-12
1.8382e-11
1.78767e-11
1.06977e-09
2.23928e-11
1.41026e-18
3.25204e-16
1.89152e-14
6.90167e-13
1.55106e-11
3.48806e-10
2.43973e-09
2.17519e-08
1.71087e-07
6.45218e-09
9.62295e-18
2.1654e-15
1.22917e-13
4.33238e-12
9.64101e-11
2.0502e-09
1.55686e-08
1.3147e-07
7.20227e-07
2.87231e-08
3.04347e-17
7.72579e-15
4.70625e-13
1.71648e-11
3.92138e-10
8.53699e-09
6.5279e-08
5.94827e-07
2.21125e-06
8.43469e-08
1.14045e-16
2.9366e-14
1.8116e-12
6.77755e-11
1.61491e-09
3.67878e-08
3.0739e-07
2.68734e-06
6.66196e-06
2.52693e-07
3.62483e-16
1.16355e-13
8.09706e-12
3.20777e-10
7.96145e-09
1.83646e-07
1.69653e-06
1.36172e-05
2.15261e-05
7.65209e-07
1.62369e-15
5.11919e-13
3.53165e-11
1.40488e-09
3.6004e-08
8.4486e-07
9.07019e-06
5.83488e-05
5.76484e-05
2.18562e-06
4.10726e-15
2.14752e-12
1.793e-10
7.43704e-09
1.93416e-07
4.26539e-06
5.00993e-05
0.000233701
0.000150755
5.00729e-06
1.31945e-14
7.40138e-12
6.03834e-10
2.3445e-08
5.86349e-07
1.21998e-05
0.000148661
0.000470973
0.000251467
7.92045e-06
1.18038e-16
-1.65535e-13
-1.63314e-11
-6.88085e-10
-1.7321e-08
-3.96649e-07
-4.81271e-06
-1.36285e-05
2.58035e-06
-2.51466e-08
9.30871e-23
3.40054e-20
1.95601e-18
8.18927e-17
2.37926e-15
5.51235e-14
7.5072e-13
1.05696e-12
6.00299e-11
1.40506e-12
5.73829e-20
1.4206e-17
8.56873e-16
3.32378e-14
7.87673e-13
1.89546e-11
1.44582e-10
1.36089e-09
1.31594e-08
4.48396e-10
4.38795e-19
1.07176e-16
6.34272e-15
2.37329e-13
5.56762e-12
1.267e-10
1.03404e-09
9.39685e-09
6.42827e-08
2.29834e-09
1.52135e-18
4.24737e-16
2.71344e-14
1.05407e-12
2.5366e-11
5.92178e-10
4.82416e-09
4.74282e-08
2.28687e-07
7.67963e-09
6.3292e-18
1.81641e-15
1.1753e-13
4.65494e-12
1.16034e-10
2.82183e-09
2.47172e-08
2.39017e-07
7.95111e-07
2.67289e-08
2.18778e-17
8.08501e-15
5.96557e-13
2.51971e-11
6.55326e-10
1.62669e-08
1.54806e-07
1.4279e-06
3.07273e-06
9.57947e-08
1.09122e-16
4.0599e-14
2.98434e-12
1.25731e-10
3.35209e-09
8.44376e-08
9.30138e-07
7.17527e-06
9.74861e-06
3.25733e-07
2.53012e-16
1.90409e-13
1.76434e-11
7.87431e-10
2.15406e-08
5.14666e-07
6.36166e-06
3.67461e-05
3.24018e-05
9.39786e-07
7.19189e-16
7.36512e-13
6.91499e-11
2.90313e-09
7.63912e-08
1.72962e-06
2.28444e-05
9.38731e-05
6.7655e-05
1.95901e-06
2.70908e-17
-1.54435e-14
-1.80567e-12
-8.00479e-11
-2.0753e-09
-4.93301e-08
-6.33686e-07
-2.23316e-06
3.38072e-07
-1.39455e-08
2.83694e-24
1.28551e-21
7.24996e-20
2.9296e-18
8.38324e-17
1.89882e-15
2.79446e-14
6.04702e-14
3.19473e-12
8.93126e-14
2.20495e-21
5.86645e-19
3.66956e-17
1.5173e-15
3.81901e-14
9.8015e-13
8.20906e-12
8.30085e-11
9.413e-10
2.99553e-11
1.87636e-20
5.00634e-18
3.09301e-16
1.23126e-14
3.0635e-13
7.43261e-12
6.57169e-11
6.47442e-10
5.32716e-09
1.74785e-10
7.16599e-20
2.20395e-17
1.4757e-15
6.12418e-14
1.56315e-12
3.90056e-11
3.43038e-10
3.63294e-09
2.18824e-08
6.58242e-10
3.26641e-19
1.05779e-16
7.19474e-15
3.02479e-13
7.94553e-12
2.0549e-10
1.91415e-09
2.02915e-08
8.77499e-08
2.63667e-09
1.22991e-18
5.28488e-16
4.13234e-14
1.86844e-12
5.13221e-11
1.3659e-09
1.35889e-08
1.41765e-07
4.04067e-07
1.11168e-08
6.66703e-18
3.01503e-15
2.3674e-13
1.0597e-11
2.96219e-10
7.99684e-09
9.06143e-08
8.23589e-07
1.51892e-06
4.45344e-08
1.19871e-17
1.57097e-14
1.62225e-12
7.82946e-11
2.27164e-09
5.88591e-08
7.60767e-07
5.34659e-06
6.37835e-06
1.61794e-07
1.16174e-17
6.80833e-14
7.43142e-12
3.38485e-10
9.4405e-09
2.33653e-07
3.28512e-06
1.71433e-05
1.64931e-05
4.45575e-07
3.6502e-18
-1.2694e-15
-1.82027e-13
-8.65406e-12
-2.38697e-10
-5.99624e-09
-8.19722e-08
-3.64026e-07
2.25444e-08
-2.10851e-09
7.87872e-26
4.70799e-23
2.61326e-21
9.98439e-20
2.73129e-18
6.21269e-17
9.79124e-16
3.29859e-15
1.78602e-13
5.72356e-15
7.97794e-23
2.29262e-20
1.48985e-18
6.59828e-17
1.77872e-15
4.85855e-14
4.48807e-13
4.94603e-12
6.28371e-11
1.96485e-12
7.49507e-22
2.20955e-19
1.43061e-17
6.08437e-16
1.61654e-14
4.17708e-13
4.02385e-12
4.31865e-11
4.12444e-10
1.28505e-11
3.17279e-21
1.08122e-18
7.59898e-17
3.38573e-15
9.23913e-14
2.45782e-12
2.35562e-11
2.6913e-10
1.94599e-09
5.40864e-11
1.55527e-20
5.80735e-18
4.17884e-16
1.87365e-14
5.22417e-13
1.4355e-11
1.44065e-10
1.66098e-09
9.01855e-09
2.45103e-10
6.39164e-20
3.25637e-17
2.70875e-15
1.31828e-13
3.85528e-12
1.09645e-10
1.15834e-09
1.34863e-08
4.92055e-08
1.21187e-09
3.57365e-19
2.09132e-16
1.78077e-14
8.51487e-13
2.51066e-11
7.25283e-10
8.54952e-09
8.99252e-08
2.19515e-07
5.59664e-09
1.94603e-19
1.18717e-15
1.4043e-13
7.39719e-12
2.29253e-10
6.43552e-09
8.7017e-08
7.3013e-07
1.15147e-06
2.56775e-08
-4.50221e-18
5.50438e-15
7.43819e-13
3.74365e-11
1.11876e-09
3.02335e-08
4.4535e-07
2.86127e-06
3.59682e-06
9.18212e-08
4.02111e-19
-8.91929e-17
-1.75924e-14
-9.07452e-13
-2.68114e-11
-7.21114e-10
-1.06296e-08
-6.05284e-08
-1.40581e-08
1.60315e-10
2.0231e-27
1.66762e-24
9.01492e-23
3.18638e-21
8.63443e-20
2.16641e-18
3.4344e-17
1.97594e-16
1.03843e-14
3.59282e-16
2.68326e-24
8.43428e-22
5.71368e-20
2.7367e-18
7.98655e-17
2.31959e-15
2.37082e-14
2.87231e-13
3.92525e-12
1.28272e-13
2.7599e-23
9.17203e-21
6.25671e-19
2.86584e-17
8.2076e-16
2.26374e-14
2.38502e-13
2.79396e-12
2.98912e-11
9.27066e-13
1.30036e-22
4.98393e-20
3.68443e-18
1.78086e-16
5.25536e-15
1.49002e-13
1.56357e-12
1.92523e-11
1.61157e-10
4.32806e-12
6.69343e-22
2.98749e-19
2.28554e-17
1.10269e-15
3.30107e-14
9.66281e-13
1.05335e-11
1.30948e-10
8.61152e-10
2.1747e-11
2.98894e-21
1.87602e-18
1.65991e-16
8.80473e-15
2.78281e-13
8.46309e-12
9.58041e-11
1.22139e-09
5.53986e-09
1.25697e-10
1.60165e-20
1.35375e-17
1.2491e-15
6.44226e-14
2.03318e-12
6.29902e-11
7.78742e-10
9.24717e-09
2.91235e-08
6.52337e-10
-3.90936e-20
8.29532e-17
1.12632e-14
6.55394e-13
2.21185e-11
6.77638e-10
9.58242e-09
9.34429e-08
1.9065e-07
3.82869e-09
-7.885e-19
4.08811e-16
6.98891e-14
3.90569e-12
1.26975e-10
3.78583e-09
5.83958e-08
4.51403e-07
7.23969e-07
1.76376e-08
3.59184e-20
-4.72934e-18
-1.48066e-15
-8.66402e-14
-2.88704e-12
-8.5199e-11
-1.31311e-09
-8.68064e-09
-4.27962e-09
1.66631e-10
5.73589e-29
5.93163e-26
3.29261e-24
1.12094e-22
2.98067e-21
8.68132e-20
1.37954e-18
1.80777e-17
6.40001e-16
2.19042e-17
8.19789e-26
2.90249e-23
2.06553e-21
1.08578e-19
3.47521e-18
1.07744e-16
1.22306e-15
1.62878e-14
2.30585e-13
8.33042e-15
9.17762e-25
3.55149e-22
2.58373e-20
1.2943e-18
4.0429e-17
1.1937e-15
1.38235e-14
1.76941e-13
2.03934e-12
6.60106e-14
4.73643e-24
2.1342e-21
1.68214e-19
8.9629e-18
2.89561e-16
8.78886e-15
1.01538e-13
1.34546e-12
1.25259e-11
3.39764e-13
2.46767e-23
1.42149e-20
1.18325e-18
6.25608e-17
2.03156e-15
6.34142e-14
7.59289e-13
1.01919e-11
7.76597e-11
1.85811e-12
1.11406e-22
9.89503e-20
9.58799e-18
5.65257e-16
1.95118e-14
6.37071e-13
7.84591e-12
1.08402e-10
5.86296e-10
1.24652e-11
4.02549e-22
7.84023e-19
8.31761e-17
4.7342e-15
1.60775e-13
5.32592e-12
7.05457e-11
9.39442e-10
3.66408e-09
7.04555e-11
-7.02013e-21
4.78695e-18
8.40278e-16
5.60675e-14
2.07695e-12
6.95425e-11
1.0391e-09
1.15155e-08
2.93144e-08
5.33012e-10
-9.19868e-20
2.12443e-17
5.92948e-15
3.89201e-13
1.397e-11
4.59163e-10
7.3474e-09
6.55417e-08
1.29448e-07
3.06062e-09
2.62226e-21
-5.3555e-20
-1.22676e-16
-8.33462e-15
-3.11819e-13
-1.02014e-11
-1.69307e-10
-1.38744e-09
-1.53292e-09
5.13153e-11
1.65701e-30
1.9501e-27
1.06579e-25
3.71514e-24
1.21023e-22
4.22417e-21
6.39227e-20
1.1919e-18
3.73828e-17
1.45565e-18
2.1682e-27
9.19902e-25
6.88769e-23
4.08315e-21
1.46421e-19
4.89873e-18
6.20196e-17
9.02103e-16
1.27765e-14
5.30707e-16
2.64981e-26
1.27488e-23
9.90256e-22
5.53832e-20
1.92967e-18
6.17131e-17
7.90137e-16
1.09443e-14
1.31273e-13
4.6439e-15
1.44637e-25
8.4222e-23
7.06182e-21
4.25222e-19
1.54137e-17
5.06563e-16
6.47197e-15
9.14606e-14
9.14078e-13
2.61585e-14
7.26336e-25
6.26218e-22
5.62525e-20
3.32179e-18
1.20211e-16
4.05873e-15
5.35971e-14
7.61417e-13
6.51514e-12
1.55892e-13
2.49542e-24
4.7751e-21
5.01082e-19
3.37034e-17
1.31362e-15
4.67082e-14
6.30505e-13
9.18624e-12
5.75076e-11
1.19027e-12
-1.11588e-23
4.19573e-20
5.01153e-18
3.19526e-16
1.209e-14
4.33881e-13
6.18894e-12
8.8291e-11
4.18711e-10
7.31543e-12
-7.07554e-22
2.35761e-19
5.61391e-17
4.37661e-15
1.86337e-13
6.93728e-12
1.10432e-10
1.33915e-09
4.13952e-09
7.09743e-11
-7.89231e-21
6.30576e-19
4.60189e-16
3.56644e-14
1.4787e-12
5.43834e-11
9.12583e-10
9.1827e-09
2.17568e-08
4.9554e-10
1.31096e-22
2.32892e-20
-7.79495e-18
-6.97867e-16
-3.21749e-14
-1.19781e-12
-2.05461e-11
-1.76082e-10
-2.53133e-10
1.04475e-11
2.56801e-32
6.33886e-29
4.15777e-27
1.95169e-25
6.51935e-24
2.52006e-22
5.26075e-21
1.19781e-19
2.42049e-18
1.08983e-19
4.3305e-29
2.57608e-26
2.07531e-24
1.47604e-22
6.12415e-21
2.24857e-19
3.18866e-18
4.96205e-17
6.678e-16
3.22014e-17
5.36256e-28
3.93536e-25
3.40383e-23
2.28457e-21
9.14051e-20
3.20823e-18
4.55855e-17
6.74431e-16
7.94351e-15
3.14199e-16
2.62449e-27
2.81917e-24
2.63506e-22
1.94542e-20
8.14922e-19
2.94556e-17
4.17425e-16
6.22801e-15
6.30068e-14
1.92012e-15
5.49896e-27
2.27791e-23
2.38345e-21
1.72376e-19
7.11229e-18
2.63932e-16
3.88523e-15
5.90564e-14
5.27848e-13
1.25478e-14
-1.06971e-25
1.83419e-22
2.27108e-20
1.95592e-18
8.82267e-17
3.47978e-15
5.19241e-14
7.97308e-13
5.41224e-12
1.05724e-13
-2.88864e-24
1.61927e-21
2.62174e-19
2.12581e-17
9.09227e-16
3.60728e-14
5.66688e-13
8.85983e-12
4.73775e-11
7.05979e-13
-4.98803e-23
3.82022e-21
2.94388e-18
3.28966e-16
1.64632e-14
7.01176e-13
1.19437e-11
1.54788e-10
5.46732e-10
8.61002e-12
-4.10198e-22
-6.94486e-20
2.64922e-17
3.07879e-15
1.50222e-13
6.38065e-12
1.11854e-10
1.19442e-09
3.18839e-09
7.05617e-11
-2.0417e-24
3.97376e-21
-4.01042e-19
-5.7227e-17
-3.41743e-15
-1.49936e-13
-2.69623e-12
-2.66274e-11
-5.50033e-11
1.58185e-12
-1.00767e-33
1.56979e-30
9.89876e-29
5.58851e-27
2.66883e-25
1.21185e-23
2.62884e-22
6.34354e-21
1.21601e-19
8.32448e-21
3.17067e-31
6.66598e-28
5.46385e-26
4.83036e-24
2.51448e-22
1.04711e-20
1.68963e-19
2.75228e-18
3.41114e-17
1.86937e-18
1.61672e-30
1.12976e-26
1.06352e-24
8.60883e-23
4.26698e-21
1.69087e-19
2.72174e-18
4.21102e-17
4.69963e-16
2.03498e-17
-3.47719e-29
8.81926e-26
8.84061e-24
7.99324e-22
4.2307e-20
1.72955e-18
2.77422e-17
4.24988e-16
4.20056e-15
1.35627e-16
-9.4594e-28
7.55421e-25
9.21453e-23
8.03928e-21
4.14523e-19
1.72954e-17
2.8968e-16
4.48104e-15
4.04899e-14
9.78178e-16
-1.54791e-26
6.35004e-24
9.32653e-22
9.99389e-20
5.83237e-18
2.60423e-16
4.41004e-15
6.77242e-14
4.80923e-13
8.91475e-15
-2.3213e-25
4.90215e-23
1.29152e-20
1.27346e-18
6.84326e-17
3.03269e-15
5.4698e-14
8.47584e-13
4.91381e-12
6.59127e-14
-1.99645e-24
-3.67076e-22
1.42825e-19
2.13549e-17
1.44887e-15
7.09919e-14
1.32994e-12
1.73844e-11
6.73627e-11
9.69198e-13
2.14937e-24
-1.17735e-20
1.36623e-18
2.26428e-16
1.50025e-14
7.34656e-13
1.36326e-11
1.51996e-10
4.47117e-10
8.9099e-12
-1.10467e-24
3.1416e-22
-7.70633e-21
-3.62204e-18
-3.55961e-16
-1.93093e-14
-3.64487e-13
-3.33545e-12
-7.06882e-12
1.88243e-13
-1.68026e-34
4.84622e-32
1.60233e-30
3.64865e-28
3.05052e-26
1.92772e-24
4.501e-23
8.25942e-22
8.55018e-21
5.45005e-22
-3.09074e-32
1.41256e-29
6.42474e-28
1.44978e-25
1.05825e-23
5.60235e-22
1.02136e-20
1.593e-19
1.54539e-18
9.40454e-20
-6.50361e-31
2.48682e-28
1.45035e-26
2.94783e-24
1.99816e-22
1.00884e-20
1.81186e-19
2.73655e-18
2.46047e-17
1.12933e-18
-7.93497e-30
2.33074e-27
1.02875e-25
2.9447e-23
2.17699e-21
1.14846e-19
2.06212e-18
3.11065e-17
2.55958e-16
8.17262e-18
-9.9419e-29
2.16663e-26
1.09032e-24
3.38149e-22
2.41205e-20
1.32545e-18
2.49215e-17
3.8869e-16
2.96498e-15
6.37942e-17
-1.37027e-27
2.45831e-25
4.2695e-24
4.40863e-21
3.73198e-19
2.23848e-17
4.25122e-16
6.47547e-15
4.06822e-14
5.9378e-16
-1.47401e-26
1.74269e-24
5.81437e-23
6.60599e-20
5.09586e-18
3.10612e-16
6.25304e-15
9.67157e-14
5.05899e-13
4.66452e-15
-4.01717e-26
-6.07931e-24
-2.42159e-21
1.05689e-18
1.15902e-16
7.9337e-15
1.59835e-13
2.0077e-12
7.41923e-12
7.94859e-14
2.21099e-24
-4.77073e-22
-3.12042e-20
1.25828e-17
1.31383e-15
8.61187e-14
1.67824e-12
1.78637e-11
5.09678e-11
8.16596e-13
-1.13803e-25
1.33508e-23
6.15489e-22
-9.9834e-20
-3.52663e-17
-2.74657e-15
-5.30374e-14
-4.87583e-13
-1.07046e-12
1.98353e-14
-9.3143e-36
7.47714e-34
1.32906e-31
-1.14604e-30
2.56507e-27
2.13846e-25
4.93529e-24
7.79645e-23
6.67609e-22
3.65718e-23
-2.33879e-33
3.64027e-31
2.08235e-29
2.60235e-27
5.33774e-25
3.4279e-23
7.20191e-22
1.07482e-20
9.38429e-20
4.39488e-21
-4.26111e-32
6.14615e-30
5.30099e-28
6.55881e-26
1.12742e-23
6.93823e-22
1.43595e-20
2.01099e-19
1.59596e-18
5.4088e-20
-5.07982e-31
6.88095e-29
4.14921e-27
6.19573e-25
1.35796e-22
8.93706e-21
1.86692e-19
2.55304e-18
1.86176e-17
4.02507e-19
-5.5445e-30
6.46457e-28
4.83498e-26
7.71148e-24
1.73933e-21
1.25156e-19
2.75298e-18
3.7195e-17
2.46627e-16
3.04762e-18
-7.55395e-29
9.18118e-27
2.3372e-25
7.47561e-23
2.93896e-20
2.39158e-18
5.29235e-17
6.87095e-16
3.77183e-15
2.35091e-17
-4.65493e-28
4.23537e-26
2.30368e-24
1.27436e-21
4.76809e-19
4.22175e-17
9.63841e-16
1.20319e-14
5.35932e-14
1.1309e-16
7.28353e-27
-5.65746e-25
-1.52364e-22
4.47103e-21
1.03812e-17
1.00065e-15
2.19315e-14
2.4656e-13
8.44965e-13
2.75087e-15
2.68896e-25
-2.24769e-23
-2.9134e-21
2.08439e-19
1.14869e-16
1.02551e-14
2.12113e-13
2.1642e-12
6.15327e-12
4.61401e-14
-4.62685e-26
5.74077e-24
-3.23368e-22
2.55038e-20
-3.18296e-18
-4.26194e-16
-8.34726e-15
-6.20439e-14
-8.2855e-14
2.35612e-15
-1.80874e-37
-1.37237e-34
2.10451e-32
-7.46537e-31
2.48682e-28
3.58636e-26
8.54302e-25
1.22306e-23
4.79972e-23
3.30581e-24
-5.99199e-35
2.72129e-33
9.03401e-31
6.63021e-29
3.58851e-26
3.32089e-24
7.33244e-23
1.12474e-21
6.39964e-21
2.88065e-22
-1.07599e-33
8.47428e-32
1.13879e-29
2.68762e-27
8.1823e-25
6.93269e-23
1.49585e-21
2.15708e-20
1.2206e-19
3.87735e-21
-1.55493e-32
5.70319e-31
1.63675e-28
2.50707e-26
1.04967e-23
9.70015e-22
2.13661e-20
3.05702e-19
1.63305e-18
3.70241e-20
-2.44375e-31
-6.2138e-30
2.38931e-27
3.82187e-25
1.47218e-22
1.55411e-20
3.60331e-19
5.06122e-18
2.46346e-17
4.13607e-19
-4.35703e-30
-1.84218e-28
3.97135e-26
3.25622e-24
2.58664e-21
3.16768e-19
7.39607e-18
9.76382e-17
4.04932e-16
5.44874e-18
-7.2287e-29
-7.18225e-27
4.6708e-25
8.11918e-23
4.649e-20
6.20192e-18
1.46603e-16
1.80799e-15
6.25412e-15
7.47542e-17
-1.08924e-27
-1.68612e-25
1.52974e-25
-1.98995e-22
9.48521e-19
1.31266e-16
2.97388e-15
3.3327e-14
9.60502e-14
1.32874e-15
-3.52177e-27
-1.81581e-24
-2.17748e-22
1.76497e-20
1.03529e-17
1.237e-15
2.65421e-14
2.78163e-13
6.99263e-13
1.32244e-14
-5.13579e-27
8.99455e-25
-6.09484e-23
3.4565e-21
-1.72785e-19
-5.82153e-17
-1.16335e-15
-7.67434e-15
-8.61078e-15
3.47491e-16
-7.47599e-39
-6.08576e-36
2.41071e-33
-1.65221e-31
2.09883e-29
6.58114e-27
1.62607e-25
1.92317e-24
8.36538e-24
6.08838e-25
5.07297e-37
1.4847e-33
1.69571e-31
4.47592e-31
3.66957e-27
5.36605e-25
1.24387e-23
1.91315e-22
1.04873e-21
4.30305e-23
3.53189e-35
3.50593e-32
3.35911e-30
2.04007e-28
9.08863e-26
1.12976e-23
2.55827e-22
3.87637e-21
2.12373e-20
5.97379e-22
2.02537e-34
4.0991e-31
4.36596e-29
1.42787e-27
1.14857e-24
1.61483e-22
3.76884e-21
5.80097e-20
2.99952e-19
6.49765e-21
-2.25789e-33
4.83766e-30
6.78605e-28
2.5428e-26
1.56527e-23
2.69317e-21
6.64184e-20
1.01439e-18
4.78036e-18
8.46396e-20
-1.93292e-31
4.86147e-29
9.0155e-27
-9.97027e-27
2.58534e-22
5.52371e-20
1.37369e-18
1.98454e-17
8.04161e-17
1.26031e-18
-7.16404e-30
-4.41107e-29
1.23193e-25
3.68102e-24
4.69741e-21
1.09526e-18
2.73313e-17
3.68893e-16
1.26529e-15
1.87382e-17
-2.99529e-28
-3.26935e-26
-5.88192e-25
-1.70241e-22
9.20562e-20
2.16951e-17
5.17783e-16
6.38475e-15
1.88873e-14
3.22529e-16
-2.94179e-27
-3.76873e-25
-1.33734e-23
1.45077e-21
1.06976e-18
1.91254e-16
4.3184e-15
4.96937e-14
1.31674e-13
3.04039e-15
-6.61253e-28
1.12148e-25
-7.35223e-24
3.88193e-22
8.30565e-21
-8.39671e-18
-1.76827e-16
-1.30139e-15
-8.28572e-16
8.47608e-17
-2.35683e-38
-7.80912e-36
5.25963e-34
-1.6932e-32
-2.72431e-30
1.06221e-27
2.80102e-26
3.19419e-25
1.32418e-24
8.52483e-26
-2.01939e-36
-4.09128e-34
3.80925e-32
-6.57164e-31
8.00055e-29
8.51274e-26
2.0862e-24
3.20012e-23
1.42251e-22
6.10152e-24
-3.09851e-35
-5.73959e-33
5.88009e-31
7.36065e-30
4.25924e-27
1.81839e-24
4.32594e-23
6.7376e-22
2.89286e-21
8.76762e-23
-5.5559e-34
-1.02512e-31
9.74274e-30
-6.33574e-29
3.88047e-26
2.618e-23
6.43523e-22
1.03794e-20
4.21477e-20
1.02844e-21
-9.82513e-33
-1.66385e-30
1.48441e-28
1.53993e-29
1.02119e-25
4.42941e-22
1.15292e-20
1.86994e-19
6.94575e-19
1.42764e-20
-2.0575e-31
-3.23309e-29
2.80802e-27
-6.72178e-26
-6.52551e-24
9.04041e-21
2.37829e-19
3.65897e-18
1.18471e-17
2.1921e-19
-3.58648e-30
-5.11667e-28
4.03404e-26
-9.36769e-25
-1.48352e-22
1.79142e-19
4.7167e-18
6.76207e-17
1.87734e-16
3.22222e-18
-8.65906e-29
-1.02879e-26
5.51587e-25
-5.17698e-23
-2.35912e-21
3.47005e-18
8.76917e-17
1.14281e-15
2.83972e-15
5.52224e-17
-6.79294e-28
-6.63403e-26
7.36929e-25
-2.02739e-23
2.90475e-20
2.93965e-17
7.03186e-16
8.52186e-15
1.99157e-14
5.1936e-16
-7.77452e-29
2.40505e-26
-7.13665e-25
-1.23134e-23
7.77191e-21
-1.15617e-18
-2.54376e-17
-1.48621e-16
3.81831e-17
1.43765e-17
-3.04033e-39
-6.49633e-37
9.02315e-35
9.54169e-34
-1.41736e-30
1.56189e-28
4.82562e-27
6.11369e-26
2.41362e-25
1.32432e-26
-2.55231e-37
-1.12647e-35
6.54907e-33
-3.22072e-32
-6.86993e-29
1.28332e-26
3.42786e-25
5.67525e-24
2.56907e-23
9.96994e-25
-3.51974e-36
4.26034e-35
1.17337e-31
1.27343e-30
-1.02884e-27
2.78854e-25
7.0814e-24
1.20353e-22
5.23879e-22
1.47057e-23
-6.92383e-35
-1.8041e-33
1.70044e-30
-8.02194e-30
-1.83228e-26
3.9946e-24
1.04465e-22
1.86395e-21
7.70248e-21
1.8044e-22
-1.24962e-33
-3.65561e-32
2.66368e-29
1.11727e-29
-4.02296e-25
6.74144e-23
1.87205e-21
3.41231e-20
1.28591e-19
2.61573e-21
-2.91767e-32
-1.49035e-30
4.08527e-28
-1.1549e-26
-9.35594e-24
1.36185e-21
3.83293e-20
6.69503e-19
2.20404e-18
4.14456e-20
-5.31694e-31
-3.53544e-29
4.94724e-27
-2.5248e-25
-1.80421e-22
2.68041e-20
7.54466e-19
1.22746e-17
3.45429e-17
6.04964e-19
-1.58226e-29
-1.35941e-27
2.35173e-26
-9.98773e-24
-3.37378e-21
5.24766e-19
1.42616e-17
2.10921e-16
5.41353e-16
1.04694e-17
-1.24516e-28
-9.37114e-27
1.53402e-25
-1.04431e-23
-1.81688e-20
4.35561e-18
1.12394e-16
1.54215e-15
3.86946e-15
9.99369e-17
-1.82277e-29
3.20258e-27
-7.9809e-26
-1.31218e-23
1.94423e-21
-1.53146e-19
-3.58651e-18
-2.04057e-17
2.12102e-17
2.5143e-18
-8.4143e-40
-1.18037e-37
2.05546e-36
1.44245e-33
-4.20695e-31
2.1768e-29
8.2668e-28
1.05707e-26
3.62917e-26
2.06693e-27
-7.70663e-38
-9.44719e-36
4.2175e-34
7.76699e-32
-2.81764e-29
1.90538e-27
5.64601e-26
1.04617e-24
3.97923e-24
1.6156e-25
-1.25735e-36
-1.56642e-34
7.84745e-33
1.54602e-30
-5.31524e-28
4.22184e-26
1.14413e-24
2.25406e-23
8.0675e-23
2.40103e-24
-2.31267e-35
-3.1845e-33
1.68902e-31
1.68735e-29
-8.10524e-27
5.97365e-25
1.64437e-23
3.48407e-22
1.18857e-21
2.99406e-23
-3.81967e-34
-5.02428e-32
2.60899e-30
2.9529e-28
-1.52291e-25
9.96302e-24
2.90011e-22
6.39521e-21
1.99212e-20
4.3732e-22
-8.19141e-33
-1.05299e-30
5.45924e-29
3.37892e-27
-3.22615e-24
1.98837e-22
5.88598e-21
1.24844e-19
3.42606e-19
6.94008e-21
-1.29507e-31
-1.62613e-29
7.97012e-28
3.42718e-26
-6.0839e-23
3.85784e-21
1.1465e-19
2.2374e-18
5.28168e-18
9.83444e-20
-3.26537e-30
-3.40663e-28
9.22185e-27
6.6488e-26
-1.20217e-21
7.79056e-20
2.27086e-18
3.97421e-17
8.67587e-17
1.74626e-18
-2.37531e-29
-1.74534e-27
-1.90009e-26
1.26807e-23
-7.81844e-21
6.43024e-19
1.79269e-17
2.89239e-16
6.49854e-16
1.74969e-17
-1.52872e-30
-5.02413e-28
5.55849e-26
-4.93934e-24
4.30679e-22
-2.06618e-20
-5.31958e-19
-2.49253e-18
6.14263e-18
4.548e-19
-1.52418e-40
-1.55057e-38
3.45214e-36
4.4127e-34
-9.62345e-32
2.47236e-30
1.34204e-28
1.93319e-27
7.57501e-27
4.02953e-28
-1.03543e-38
-3.71651e-38
2.77096e-34
2.1952e-32
-7.37183e-30
2.58884e-28
8.47833e-27
1.94338e-25
7.88138e-25
3.21256e-26
-1.45955e-37
5.15483e-36
5.1216e-33
3.86445e-31
-1.47614e-28
6.04701e-27
1.64738e-25
4.24076e-24
1.56036e-23
4.82504e-25
-3.35062e-36
-7.81104e-35
7.04831e-32
4.32538e-30
-2.16158e-27
8.5e-26
2.25218e-24
6.48463e-23
2.26468e-22
6.07051e-24
-5.48335e-35
-1.33442e-33
1.09167e-30
6.82002e-29
-3.89884e-26
1.40044e-24
3.81308e-23
1.19195e-21
3.76161e-21
8.93143e-23
-1.34886e-33
-6.45525e-32
1.63888e-29
7.50108e-28
-8.05579e-25
2.7758e-23
7.67421e-22
2.35154e-20
6.47932e-20
1.42695e-21
-2.17996e-32
-1.3292e-30
1.8407e-28
5.72804e-27
-1.48147e-23
5.25924e-22
1.50065e-20
4.14502e-19
9.74252e-19
1.971e-20
-6.50204e-31
-4.53068e-29
1.97962e-27
4.71444e-26
-3.08919e-22
1.09964e-20
3.20579e-19
7.73675e-18
1.70202e-17
3.60153e-19
-4.6776e-30
-2.18566e-28
2.52141e-26
3.1636e-24
-2.08035e-21
9.08855e-20
2.60425e-18
5.61264e-17
1.34614e-16
3.72847e-18
-1.41408e-31
-3.69089e-29
5.93786e-27
-1.15465e-24
8.4806e-23
-2.67311e-21
-8.18702e-20
-4.00746e-19
1.66658e-18
8.97785e-20
-4.41042e-41
-2.52686e-39
-9.36112e-39
1.15036e-34
-2.02634e-32
1.80392e-31
2.02367e-29
3.7761e-28
1.46077e-27
8.55062e-29
-3.007e-39
-1.06261e-37
3.69423e-38
8.05585e-33
-1.76386e-30
3.37942e-29
1.07347e-27
3.92728e-26
1.50175e-25
7.10813e-27
-5.5752e-38
-2.77957e-36
1.13404e-34
1.40419e-31
-3.69241e-29
8.88792e-28
1.84302e-26
8.58546e-25
2.88147e-24
1.08227e-25
-1.25218e-36
-8.61029e-35
3.71256e-33
1.63308e-30
-5.26688e-28
1.27546e-26
2.19466e-25
1.29078e-23
4.13246e-23
1.37633e-24
-2.02864e-35
-1.48242e-33
7.0286e-32
2.45197e-29
-9.25355e-27
2.13018e-25
3.19771e-24
2.34999e-22
6.78657e-22
2.03244e-23
-4.47287e-34
-3.40771e-32
1.54989e-30
3.27122e-28
-1.89941e-25
4.26966e-24
6.20766e-23
4.66796e-21
1.16329e-20
3.25748e-22
-6.52894e-33
-5.22856e-31
2.4149e-29
3.26509e-27
-3.38429e-24
7.75085e-23
1.32756e-21
8.04576e-20
1.69111e-19
4.35592e-21
-1.4374e-31
-8.65409e-30
8.2086e-29
8.77783e-26
-7.48778e-23
1.65044e-21
3.36186e-20
1.58653e-18
3.11979e-18
8.23882e-20
-1.13958e-30
-5.42551e-29
5.04248e-29
1.14922e-24
-5.1747e-22
1.35863e-20
2.99506e-19
1.16646e-17
2.65648e-17
8.90677e-19
-2.16503e-31
-6.03224e-29
3.70045e-27
-2.72251e-25
1.67888e-23
-3.30865e-22
-1.34058e-20
-4.61797e-20
4.3305e-19
2.24844e-20
-8.47853e-42
1.72375e-40
2.52777e-37
1.63328e-35
-3.98542e-33
-9.86772e-33
2.07163e-30
7.64914e-29
3.3413e-28
2.47623e-29
-5.69227e-40
6.27345e-38
1.47602e-35
8.81401e-34
-4.03523e-31
5.71544e-30
1.3979e-29
7.80838e-27
3.46583e-26
1.99602e-27
-2.83528e-38
3.96724e-37
1.77003e-34
8.8249e-33
-8.89385e-30
1.82987e-28
-9.54646e-28
1.72283e-25
6.49596e-25
3.08632e-26
-6.99836e-37
-1.16538e-35
1.37604e-33
3.54551e-32
-1.25709e-28
2.82297e-27
-2.61877e-26
2.54434e-24
9.17149e-24
3.96789e-25
-1.31876e-35
-3.22826e-34
7.42478e-33
-4.70692e-31
-2.18639e-27
5.09689e-26
-6.63835e-25
4.61071e-23
1.48909e-22
5.90651e-24
-3.77188e-34
-1.36815e-32
-6.14382e-31
-5.64934e-29
-4.53822e-26
1.07474e-24
-1.49096e-23
9.36087e-22
2.56048e-21
9.60237e-23
-6.43511e-33
-3.04792e-31
-2.17523e-29
-1.63511e-27
-7.77044e-25
1.80961e-23
-2.05219e-22
1.59901e-20
3.59665e-20
1.25829e-21
-1.82072e-31
-7.39528e-30
-5.39037e-28
-3.20558e-26
-1.81442e-23
3.85111e-22
-3.09649e-21
3.36329e-19
7.05071e-19
2.49316e-20
-1.48594e-30
-4.64198e-29
-2.55914e-27
-1.23782e-25
-1.2707e-22
2.96587e-21
-1.04877e-20
2.45512e-18
6.33801e-18
2.74102e-19
-3.48927e-32
-5.32757e-30
1.53289e-28
-4.99801e-26
3.236e-24
-3.25635e-23
-2.1736e-21
-1.01205e-20
1.08085e-19
6.84393e-21
5.39881e-41
5.62353e-40
8.41372e-38
-7.6584e-37
-8.73737e-34
2.56744e-33
-2.42264e-31
1.54038e-29
7.6536e-29
8.68684e-30
8.65249e-39
1.12715e-37
7.12768e-36
-1.29245e-34
-1.05522e-31
2.40533e-30
-6.25572e-29
1.62932e-27
8.19178e-27
7.43608e-28
2.45292e-37
3.37292e-36
1.09523e-34
-6.7893e-33
-2.46343e-30
7.22448e-29
-1.67719e-27
3.64785e-26
1.50624e-25
1.19634e-26
3.5903e-36
4.91368e-35
1.06421e-33
-1.25259e-31
-3.50286e-29
1.1322e-27
-2.69064e-26
5.30155e-25
2.11497e-24
1.57745e-25
6.26908e-35
8.73207e-34
1.18043e-32
-2.52942e-30
-6.11161e-28
2.12283e-26
-5.24779e-25
9.56047e-24
3.40648e-23
2.393e-24
1.46274e-33
2.03798e-32
3.35244e-32
-6.57808e-29
-1.29981e-26
4.63323e-25
-1.13425e-23
1.98794e-22
5.8652e-22
3.95448e-23
2.04827e-32
2.98697e-31
-5.19694e-30
-1.2985e-27
-2.11207e-25
7.41593e-24
-1.78783e-22
3.36489e-21
7.99513e-21
5.08468e-22
6.82127e-31
9.42425e-30
-3.89334e-29
-2.8142e-26
-5.1959e-24
1.65576e-22
-3.83019e-21
7.5778e-20
1.64457e-19
1.06119e-20
5.77528e-30
7.67101e-29
7.45841e-29
-1.86324e-25
-3.73208e-23
1.21542e-21
-2.53674e-20
5.4801e-19
1.56805e-18
1.16396e-19
6.5946e-32
4.21346e-31
-1.30159e-29
-7.91239e-27
6.35833e-25
-1.69803e-24
-3.41706e-22
-2.26754e-21
3.15271e-20
3.05766e-21
-3.46918e-40
-6.86431e-39
-2.44789e-37
-5.55046e-36
-2.89497e-34
1.1763e-32
-2.61611e-31
2.18848e-30
1.93892e-29
3.71518e-30
-4.43269e-38
-9.01962e-37
-2.77081e-35
-6.51157e-34
-3.74246e-32
1.75918e-30
-3.22329e-29
2.14272e-28
2.25241e-27
3.58519e-28
-1.25063e-36
-2.50597e-35
-7.34816e-34
-1.64981e-32
-8.88898e-31
4.57088e-29
-8.07863e-28
5.51622e-27
4.13256e-26
6.04098e-27
-1.87721e-35
-3.7276e-34
-1.08275e-32
-2.39787e-31
-1.25624e-29
6.79228e-28
-1.20068e-26
7.94105e-26
5.78353e-25
8.16397e-26
-3.33204e-34
-6.64554e-33
-1.92953e-31
-4.24811e-30
-2.19391e-28
1.25423e-26
-2.25641e-25
1.49939e-24
9.30134e-24
1.26605e-24
-7.916e-33
-1.57739e-31
-4.52677e-30
-9.7144e-29
-4.82576e-27
2.82538e-25
-5.06116e-24
3.45697e-23
1.62128e-22
2.15405e-23
-1.20205e-31
-2.45995e-30
-7.20311e-29
-1.54036e-27
-7.46154e-26
4.46193e-24
-8.25362e-23
6.23796e-22
2.17447e-21
2.76504e-22
-3.64333e-30
-7.18324e-29
-2.0057e-27
-4.13839e-26
-1.98979e-24
1.11751e-22
-2.00337e-21
1.52702e-20
4.71883e-20
6.12845e-21
-2.84347e-29
-5.4528e-28
-1.48893e-26
-2.98906e-25
-1.42443e-23
7.77118e-22
-1.31788e-20
9.7836e-20
4.58967e-19
6.5321e-20
-8.50092e-32
3.24851e-33
3.36231e-29
6.18092e-28
1.51561e-25
-1.71138e-24
5.6967e-24
-1.34084e-21
8.71127e-21
1.61553e-21
-8.87759e-41
1.10627e-39
-5.57578e-38
4.76858e-37
-8.64394e-35
2.80511e-33
-6.13786e-32
7.10748e-31
4.11446e-30
6.77204e-31
-2.81411e-38
2.99746e-37
-8.24557e-36
1.01963e-34
-1.10342e-32
3.69515e-31
-6.44667e-30
7.84388e-29
5.9238e-28
6.05783e-29
-6.70492e-37
6.14156e-36
-1.93947e-34
1.84215e-33
-2.56857e-31
9.30382e-30
-1.57634e-28
1.79004e-27
1.10123e-26
9.53489e-28
-9.31508e-36
7.93713e-35
-2.70038e-33
2.19244e-32
-3.58034e-30
1.3574e-28
-2.32641e-27
2.4874e-26
1.54765e-25
1.24585e-26
-1.55261e-34
1.26894e-33
-4.60419e-32
3.29815e-31
-6.18248e-29
2.46502e-27
-4.34175e-26
4.43754e-25
2.48699e-24
1.84523e-25
-3.65324e-33
2.93465e-32
-1.07744e-30
7.07567e-30
-1.38747e-27
5.6151e-26
-9.83613e-25
9.89486e-24
4.37099e-23
3.01664e-24
-4.93885e-32
3.81826e-31
-1.58109e-29
7.6286e-29
-2.06648e-26
8.64174e-25
-1.55259e-23
1.66976e-22
5.77295e-22
3.67413e-23
-1.80512e-30
1.45985e-29
-5.01888e-28
3.36464e-27
-5.93551e-25
2.30077e-23
-3.92331e-22
4.34766e-21
1.30945e-20
8.16762e-22
-1.50732e-29
1.19309e-28
-3.84968e-27
2.55251e-26
-4.31984e-24
1.64246e-22
-2.60512e-21
2.95457e-20
1.30286e-19
9.70281e-21
-6.80042e-33
-5.8559e-31
1.54291e-29
-4.68417e-28
3.41275e-26
-4.92651e-25
-2.84656e-24
-2.26114e-22
2.37901e-21
3.12036e-22
2.80339e-41
7.75521e-41
-1.37193e-38
4.73475e-37
-2.38626e-35
6.91026e-34
-1.46811e-32
1.98842e-31
5.73655e-31
1.01455e-31
-9.88768e-39
1.36671e-37
-2.97382e-36
7.63837e-35
-3.04909e-33
8.35986e-32
-1.2421e-30
2.49946e-29
1.54921e-28
1.02275e-29
-2.47619e-37
2.88639e-36
-6.35761e-35
1.52984e-33
-6.91799e-32
2.03344e-30
-3.04391e-29
5.39452e-28
3.00668e-27
1.48259e-28
-3.40374e-36
3.73675e-35
-8.42865e-34
1.96193e-32
-9.5042e-31
2.91549e-29
-4.53194e-28
7.3313e-27
4.27702e-26
1.83616e-27
-5.59512e-35
5.97466e-34
-1.3805e-32
3.14098e-31
-1.6183e-29
5.20866e-28
-8.53077e-27
1.26459e-25
6.90055e-25
2.47452e-26
-1.33505e-33
1.40495e-32
-3.23511e-31
7.10925e-30
-3.679e-28
1.19667e-26
-1.96267e-25
2.78855e-24
1.23076e-23
3.54648e-25
-1.78442e-32
1.84448e-31
-4.45708e-30
9.28012e-29
-5.30478e-27
1.79467e-25
-3.01375e-24
4.50314e-23
1.6209e-22
3.79958e-24
-7.07357e-31
7.32324e-30
-1.59336e-28
3.3885e-27
-1.63402e-25
5.08408e-24
-7.83176e-23
1.2421e-21
3.83107e-21
7.26987e-23
-6.1046e-30
6.21845e-29
-1.2655e-27
2.59742e-26
-1.21303e-24
3.73149e-23
-5.20234e-22
8.74788e-21
3.83121e-20
1.14904e-21
2.49944e-32
-2.12279e-31
4.51815e-30
-1.74675e-28
7.75833e-27
-1.27569e-25
-1.25208e-24
-4.36661e-23
5.67207e-22
6.15907e-23
1.99533e-41
-9.6168e-41
-2.59851e-39
1.75441e-37
-6.09933e-36
1.75944e-34
-3.50978e-33
5.66539e-32
-1.04159e-32
7.34605e-33
-2.08175e-39
3.3439e-38
-8.67731e-37
2.78191e-35
-7.89506e-34
1.95959e-32
-2.19994e-31
7.36286e-30
3.81286e-29
1.48463e-30
-5.95094e-38
7.1034e-37
-1.74176e-35
5.49493e-34
-1.73675e-32
4.58152e-31
-5.60224e-30
1.53006e-28
7.9275e-28
1.79106e-29
-8.21294e-37
8.98103e-36
-2.22837e-34
7.01548e-33
-2.3512e-31
6.45805e-30
-8.60766e-29
2.04105e-27
1.14734e-26
1.96252e-28
-1.34927e-35
1.41172e-34
-3.5421e-33
1.11412e-31
-3.94323e-30
1.13555e-28
-1.66445e-27
3.43651e-26
1.86344e-25
1.92139e-27
-3.30198e-34
3.36887e-33
-8.36607e-32
2.55645e-30
-9.05306e-29
2.62806e-27
-3.9111e-26
7.5955e-25
3.39499e-24
6.90907e-27
-4.65407e-33
4.46567e-32
-1.11965e-30
3.32171e-29
-1.26623e-27
3.83803e-26
-5.85436e-25
1.19432e-23
4.53641e-23
-1.85467e-25
-1.90174e-31
1.89674e-30
-4.38199e-29
1.26659e-27
-4.17541e-26
1.15748e-24
-1.54193e-23
3.47195e-22
1.10867e-21
-1.1744e-23
-1.65738e-30
1.69846e-29
-3.62753e-28
9.97485e-27
-3.17885e-25
8.75113e-24
-1.0197e-22
2.50184e-21
1.09835e-20
-1.06434e-23
1.53931e-32
-6.96988e-32
8.33352e-31
-3.98391e-29
1.63182e-27
-2.87325e-26
-3.67828e-25
-8.52158e-24
1.08502e-22
1.26013e-23
5.32506e-42
-3.73915e-41
-3.36408e-40
4.85134e-38
-1.41304e-36
4.42846e-35
-8.17975e-34
1.56599e-32
-3.5777e-32
-9.50411e-34
-3.38712e-40
6.83017e-39
-2.22417e-37
8.04813e-36
-1.93727e-34
4.72132e-33
-3.53848e-32
2.07626e-30
8.98197e-30
1.6755e-31
-1.13851e-38
1.4662e-37
-4.31198e-36
1.56191e-34
-4.14655e-33
1.06493e-31
-1.0008e-30
4.20486e-29
2.01141e-28
7.44266e-31
-1.57025e-37
1.80057e-36
-5.35664e-35
1.97214e-33
-5.53931e-32
1.4806e-30
-1.6411e-29
5.52337e-28
2.95754e-27
-1.09317e-30
-2.58291e-36
2.7818e-35
-8.30651e-34
3.09066e-32
-9.15407e-31
2.56801e-29
-3.32397e-28
9.12573e-27
4.83878e-26
-3.04793e-28
-6.48477e-35
6.73441e-34
-1.97943e-32
7.15351e-31
-2.11708e-29
5.97985e-28
-8.00535e-27
2.03117e-25
9.01432e-25
-1.34337e-26
-9.85583e-34
9.18608e-33
-2.62885e-31
9.18921e-30
-2.88544e-28
8.52466e-27
-1.17021e-25
3.15122e-24
1.23633e-23
-2.73437e-25
-4.07055e-32
4.1338e-31
-1.10585e-29
3.70018e-28
-1.01404e-26
2.72356e-25
-3.07434e-24
9.55712e-23
3.0897e-22
-9.04411e-24
-3.56957e-31
3.87884e-30
-9.44722e-29
2.98719e-27
-7.91787e-26
2.11625e-24
-2.01944e-23
6.98067e-22
3.01272e-21
-6.30871e-23
4.74133e-33
-1.99091e-32
1.28295e-31
-7.21181e-30
3.24559e-28
-6.0467e-27
-8.7843e-26
-1.48618e-24
1.57986e-23
2.78366e-24
1.01583e-42
-9.1546e-42
-3.246e-41
1.15285e-38
-3.01906e-37
1.08348e-35
-1.79992e-34
4.23187e-33
-1.4021e-32
-4.1333e-34
-5.11423e-41
1.40878e-39
-5.54242e-38
2.07554e-36
-4.48403e-35
1.12307e-33
-3.81722e-33
5.65473e-31
2.043e-30
7.54791e-33
-2.03593e-39
3.03426e-38
-1.05936e-36
3.97077e-35
-9.3383e-34
2.44931e-32
-1.52908e-31
1.12318e-29
4.92404e-29
-5.38633e-31
-2.77516e-38
3.58993e-37
-1.28467e-35
4.96373e-34
-1.23271e-32
3.3668e-31
-2.89406e-30
1.45742e-28
7.33066e-28
-1.00359e-29
-4.55057e-37
5.42937e-36
-1.94777e-34
7.67364e-33
-2.0085e-31
5.77174e-30
-6.37034e-29
2.36756e-27
1.20685e-26
-2.24957e-28
-1.17262e-35
1.33315e-34
-4.68058e-33
1.7881e-31
-4.6745e-30
1.35229e-28
-1.58338e-27
5.31275e-26
2.29974e-25
-6.28166e-27
-1.94056e-34
1.89671e-33
-6.23612e-32
2.27249e-30
-6.22427e-29
1.88486e-27
-2.25283e-26
8.20189e-25
3.25484e-24
-1.17223e-25
-8.05136e-33
8.97068e-32
-2.77883e-30
9.65702e-29
-2.32391e-27
6.35578e-26
-5.76187e-25
2.56808e-23
8.24049e-23
-3.55005e-24
-7.05958e-32
8.76632e-31
-2.42422e-29
8.00517e-28
-1.86775e-26
5.07753e-25
-3.75114e-24
1.90105e-22
7.92021e-22
-2.75919e-23
1.08318e-33
-4.8545e-33
1.54082e-32
-1.12025e-30
5.93234e-29
-1.1385e-27
-1.91038e-26
-1.54106e-25
1.52129e-24
6.67875e-25
1.62185e-43
-1.88006e-42
-1.87228e-42
2.46934e-39
-6.13809e-38
2.53585e-36
-3.65731e-35
1.05557e-33
-4.02453e-33
-7.85776e-35
-7.94737e-42
3.03135e-40
-1.35292e-38
4.98107e-37
-1.00122e-35
2.64192e-34
2.52426e-34
1.49153e-31
4.54902e-31
-2.83235e-33
-3.57252e-40
6.6221e-39
-2.61461e-37
9.4763e-36
-2.03376e-34
5.59505e-33
-1.5568e-32
2.93647e-30
1.17628e-29
-2.48123e-31
-4.74922e-39
7.5593e-38
-3.11885e-36
1.17528e-34
-2.65575e-33
7.6281e-32
-4.484e-31
3.77809e-29
1.76684e-28
-4.02909e-30
-7.72108e-38
1.11871e-36
-4.65221e-35
1.79642e-33
-4.2693e-32
1.29559e-30
-1.15843e-29
6.05278e-28
2.92716e-27
-7.84606e-29
-2.02896e-36
2.77598e-35
-1.12341e-33
4.20213e-32
-9.97333e-31
3.04864e-29
-3.00465e-28
1.36614e-26
5.69348e-26
-2.00249e-27
-3.62085e-35
4.13237e-34
-1.51392e-32
5.31218e-31
-1.30317e-29
4.16882e-28
-4.13087e-27
2.11511e-25
8.32955e-25
-3.73423e-26
-1.5124e-33
2.02444e-32
-7.02176e-31
2.36434e-29
-5.14196e-28
1.47318e-26
-9.82507e-26
6.75924e-24
2.11613e-23
-1.08617e-24
-1.3259e-32
2.01029e-31
-6.17189e-30
2.01067e-28
-4.26489e-27
1.21057e-25
-6.28768e-25
5.05808e-23
2.00338e-22
-8.58505e-24
2.04912e-34
-1.05949e-33
1.75102e-33
-1.53343e-31
9.27537e-30
-1.6479e-28
-4.05562e-27
1.22577e-26
-6.15358e-26
1.58194e-25
2.38713e-44
-3.55568e-43
-4.91473e-43
4.9928e-40
-1.18413e-38
5.57959e-37
-6.70672e-36
2.58681e-34
-1.00094e-33
-1.12996e-35
-1.25944e-42
6.52777e-41
-3.23925e-39
1.13697e-37
-2.14646e-36
5.99908e-35
3.79856e-34
3.81896e-32
9.93156e-32
-1.12946e-33
-6.31866e-41
1.44947e-39
-6.36809e-38
2.1598e-36
-4.26471e-35
1.23644e-33
2.08317e-33
7.46155e-31
2.74485e-30
-7.57513e-32
-8.11766e-40
1.59393e-38
-7.51152e-37
2.66478e-35
-5.52013e-34
1.67456e-32
-3.86542e-32
9.53473e-30
4.14815e-29
-1.18322e-30
-1.30165e-38
2.30327e-37
-1.10668e-35
4.03358e-34
-8.76235e-33
2.81958e-31
-1.73002e-30
1.50895e-28
6.90938e-28
-2.19039e-29
-3.48166e-37
5.75982e-36
-2.67828e-34
9.45245e-33
-2.05063e-31
6.65192e-30
-4.88248e-29
3.42025e-27
1.37044e-26
-5.45502e-28
-6.699e-36
8.98852e-35
-3.6547e-33
1.18919e-31
-2.63216e-30
8.9233e-29
-6.27055e-28
5.32955e-26
2.07161e-25
-1.04475e-26
-2.81887e-34
4.543e-33
-1.74845e-31
5.52294e-30
-1.09492e-28
3.3e-27
-1.16702e-26
1.72675e-24
5.25237e-24
-2.95707e-25
-2.44936e-33
4.57151e-32
-1.55068e-30
4.83448e-29
-9.41027e-28
2.79704e-26
-6.85246e-26
1.30891e-23
4.90842e-23
-2.29313e-24
3.60955e-35
-2.13598e-34
-1.30109e-34
-1.68374e-32
1.23147e-30
-1.46881e-29
-8.67415e-28
1.68548e-26
-7.75839e-26
3.70446e-26
3.12159e-45
-6.2489e-44
-1.88481e-43
9.52909e-41
-2.16931e-39
1.14656e-37
-1.09166e-36
6.04003e-35
-2.25522e-34
-1.4235e-36
-1.88554e-43
1.33161e-41
-7.34095e-40
2.49018e-38
-4.48243e-37
1.33115e-35
1.6563e-34
9.52636e-33
2.13431e-32
-2.66359e-34
-1.06371e-41
3.08135e-40
-1.48593e-38
4.76427e-37
-8.78341e-36
2.68338e-34
1.89298e-33
1.85446e-31
6.28703e-31
-1.853e-32
-1.31891e-40
3.27648e-39
-1.74078e-37
5.8633e-36
-1.12952e-34
3.61464e-33
7.32998e-33
2.35579e-30
9.5441e-30
-2.84516e-31
-2.0846e-39
4.63575e-38
-2.54866e-36
8.82331e-35
-1.77478e-33
6.03936e-32
-1.61764e-31
3.69396e-29
1.60028e-28
-5.14913e-30
-5.64725e-38
1.16475e-36
-6.16482e-35
2.06704e-33
-4.15281e-32
1.42545e-30
-6.0117e-30
8.38797e-28
3.23015e-27
-1.2784e-28
-1.1679e-36
1.91931e-35
-8.57303e-34
2.60767e-32
-5.27581e-31
1.88757e-29
-6.22789e-29
1.3224e-26
5.04994e-26
-2.5396e-27
-4.93093e-35
9.89802e-34
-4.17528e-32
1.24788e-30
-2.29118e-29
7.25107e-28
1.61549e-28
4.30647e-25
1.26865e-24
-7.01419e-26
-4.19452e-34
9.94028e-33
-3.72537e-31
1.1216e-29
-2.03887e-28
6.34767e-27
3.90639e-27
3.29895e-24
1.16641e-23
-5.23132e-25
5.68191e-36
-4.03722e-35
-1.3845e-34
2.37382e-34
1.06925e-31
1.79444e-30
-1.87792e-28
7.10441e-27
-2.57942e-26
7.73845e-27
3.88586e-46
-1.07332e-44
-6.88314e-44
1.82143e-41
-3.97805e-40
2.30637e-38
-1.41196e-37
1.41735e-35
-4.84861e-35
-1.42682e-37
-2.68919e-44
2.54781e-42
-1.58529e-40
5.2464e-39
-9.07348e-38
2.87439e-36
5.68229e-35
2.33259e-33
4.50784e-33
-5.18736e-35
-1.76284e-42
6.15937e-41
-3.29602e-39
1.00978e-37
-1.75349e-36
5.66181e-35
7.70204e-34
4.51294e-32
1.41481e-31
-4.18627e-33
-2.09803e-41
6.29896e-40
-3.83844e-38
1.24018e-36
-2.24103e-35
7.5839e-34
5.54e-33
5.69719e-31
2.15619e-30
-6.34301e-32
-3.25585e-40
8.69499e-39
-5.59414e-37
1.85708e-35
-3.48824e-34
1.25742e-32
1.9209e-32
8.85754e-30
3.63852e-29
-1.12863e-30
-8.93423e-39
2.1957e-37
-1.35128e-35
4.34156e-34
-8.14806e-33
2.96515e-31
-1.20519e-31
2.01358e-28
7.46844e-28
-2.81842e-29
-1.99256e-37
3.85371e-36
-1.91912e-34
5.49369e-33
-1.02586e-31
3.87767e-30
5.3055e-30
3.21603e-27
1.20618e-26
-5.83385e-28
-8.45846e-36
2.03334e-34
-9.47834e-33
2.70203e-31
-4.63645e-30
1.54443e-28
7.33379e-28
1.04973e-25
2.9947e-25
-1.57743e-26
-7.02642e-35
2.05862e-33
-8.57578e-32
2.50828e-30
-4.2944e-29
1.40257e-27
5.87594e-27
8.13826e-25
2.71084e-24
-1.12511e-25
8.79214e-37
-7.51263e-36
-5.7859e-35
1.0696e-33
-1.02831e-32
1.60099e-30
-4.03891e-29
2.41549e-27
-6.77918e-27
1.58331e-27
3.73898e-47
-1.51403e-45
-1.35135e-44
2.88475e-42
-6.22365e-41
3.8301e-39
-1.03163e-38
2.64637e-36
-8.39051e-36
-1.73263e-38
-3.01264e-45
3.97967e-43
-2.76941e-41
9.16352e-40
-1.54946e-38
5.20502e-37
1.39226e-35
4.68197e-34
7.94481e-34
-7.44119e-36
-2.39768e-43
1.03072e-41
-5.95164e-40
1.78245e-38
-2.97427e-37
1.00916e-35
2.02039e-34
9.04284e-33
2.64044e-32
-7.24305e-34
-2.7638e-42
1.02352e-40
-6.90314e-39
2.18771e-37
-3.78502e-36
1.34643e-34
1.67331e-33
1.13602e-31
4.03892e-31
-1.09124e-32
-4.22108e-41
1.38563e-39
-1.00545e-37
3.27042e-36
-5.85373e-35
2.22022e-33
1.24617e-32
1.75734e-30
6.86966e-30
-1.92223e-31
-1.1684e-39
3.5115e-38
-2.42195e-36
7.61491e-35
-1.36182e-33
5.21876e-32
1.72065e-31
3.99184e-29
1.42953e-28
-4.8301e-30
-2.78899e-38
6.57984e-37
-3.5344e-35
9.73606e-34
-1.71229e-32
6.78592e-31
4.11197e-30
6.47783e-28
2.37986e-27
-1.03722e-28
-1.1807e-36
3.49945e-35
-1.75017e-33
4.85596e-32
-7.94987e-31
2.77061e-29
2.52584e-28
2.10535e-26
5.81585e-26
-2.73739e-27
-9.38811e-36
3.4982e-34
-1.5986e-32
4.63297e-31
-7.62614e-30
2.6004e-28
1.93032e-27
1.64484e-25
5.16898e-25
-1.83965e-26
1.06227e-37
-1.16235e-36
-1.30359e-35
3.7439e-34
-7.03391e-33
5.01892e-31
-6.94755e-30
5.65062e-28
-1.30966e-27
2.41672e-28
)
;

boundaryField
{
    flowInlet
    {
        type            fixedValue;
        value           uniform 0;
    }
    flowOutlet
    {
        type            zeroGradient;
    }
    minorInlet
    {
        type            fixedValue;
        value           uniform 1;
    }
    pipe
    {
        type            zeroGradient;
    }
    topSurf
    {
        type            zeroGradient;
    }
    bottomSurf
    {
        type            zeroGradient;
    }
    innerSurf
    {
        type            zeroGradient;
    }
    outerSurf
    {
        type            zeroGradient;
    }
}


// ************************************************************************* //
