/*--------------------------------*- C++ -*----------------------------------*\
| =========                 |                                                 |
| \\      /  F ield         | OpenFOAM: The Open Source CFD Toolbox           |
|  \\    /   O peration     | Version:  1.7.x                                 |
|   \\  /    A nd           | Web:      www.OpenFOAM.com                      |
|    \\/     M anipulation  |                                                 |
\*---------------------------------------------------------------------------*/
FoamFile
{
    version     2.0;
    format      ascii;
    class       volScalarField;
    location    "0.3";
    object      conc;
}
// * * * * * * * * * * * * * * * * * * * * * * * * * * * * * * * * * * * * * //

dimensions      [0 -3 0 0 1 0 0];

internalField   nonuniform List<scalar> 
8000
(
3.64992e-12
-2.3713e-11
1.06008e-10
5.32646e-10
1.50268e-08
6.10477e-08
5.88192e-08
-2.73406e-08
4.51978e-09
-7.18529e-11
-1.15669e-10
7.57555e-10
-4.09824e-09
-2.24469e-08
-5.96798e-07
-2.33733e-06
-2.1278e-06
1.00743e-06
-1.84498e-07
5.64132e-09
-2.29195e-10
1.31839e-09
-6.51171e-09
-3.04363e-08
-8.87305e-07
-3.48994e-06
-3.08261e-06
1.56736e-06
-2.78715e-07
1.02145e-08
-2.23165e-10
1.23306e-09
-6.41706e-09
-3.32281e-08
-8.87834e-07
-3.44336e-06
-3.02174e-06
1.50004e-06
-2.84347e-07
1.19293e-08
-2.20628e-10
1.19605e-09
-6.45368e-09
-3.55075e-08
-8.98764e-07
-3.46427e-06
-3.04979e-06
1.46742e-06
-2.93784e-07
1.32172e-08
-2.37776e-10
1.28098e-09
-6.85298e-09
-3.73105e-08
-9.4802e-07
-3.67252e-06
-3.26975e-06
1.52489e-06
-3.12078e-07
1.45203e-08
-2.77005e-10
1.50214e-09
-7.64049e-09
-3.83422e-08
-1.0379e-06
-4.08462e-06
-3.70515e-06
1.66814e-06
-3.46702e-07
1.64808e-08
-3.25803e-10
1.81609e-09
-8.66802e-09
-3.83408e-08
-1.14759e-06
-4.62043e-06
-4.30223e-06
1.84755e-06
-3.91381e-07
1.84617e-08
-2.04943e-10
1.28788e-09
-6.544e-09
-3.24432e-08
-9.1359e-07
-3.70328e-06
-3.60743e-06
1.36394e-06
-2.68932e-07
9.6614e-09
6.17106e-12
-3.84749e-11
1.56746e-10
6.55632e-10
2.09588e-08
8.86283e-08
9.07807e-08
-3.43426e-08
6.4744e-09
-1.29415e-10
-2.33259e-11
1.41311e-10
-6.08874e-10
-2.87189e-09
-7.88095e-08
-3.08123e-07
-2.75825e-07
1.48984e-07
-2.99471e-08
9.42648e-10
7.31285e-10
-4.42811e-09
2.27262e-08
1.16155e-07
3.0792e-06
1.16171e-05
9.76254e-06
-5.35461e-06
1.14412e-06
-4.91028e-08
1.47573e-09
-7.80031e-09
3.64677e-08
1.57809e-07
4.61474e-06
1.75039e-05
1.42619e-05
-8.32899e-06
1.71629e-06
-8.66295e-08
1.43727e-09
-7.28506e-09
3.58575e-08
1.73091e-07
4.6163e-06
1.72562e-05
1.39704e-05
-7.93884e-06
1.73141e-06
-9.52798e-08
1.41687e-09
-7.04022e-09
3.59448e-08
1.85254e-07
4.66523e-06
1.73237e-05
1.40752e-05
-7.74767e-06
1.77828e-06
-1.02311e-07
1.52483e-09
-7.52607e-09
3.81148e-08
1.94446e-07
4.91468e-06
1.83418e-05
1.50829e-05
-8.05776e-06
1.89013e-06
-1.1167e-07
1.77708e-09
-8.82912e-09
4.25234e-08
1.991e-07
5.37756e-06
2.0398e-05
1.71122e-05
-8.84606e-06
2.11219e-06
-1.27754e-07
2.08846e-09
-1.06759e-08
4.8305e-08
1.97965e-07
5.94328e-06
2.308e-05
1.99149e-05
-9.85078e-06
2.40846e-06
-1.45991e-07
1.29789e-09
-7.52124e-09
3.62999e-08
1.67563e-07
4.71598e-06
1.84318e-05
1.66859e-05
-7.33977e-06
1.69775e-06
-8.33981e-08
-3.94308e-11
2.28749e-10
-8.97317e-10
-3.50109e-09
-1.09378e-07
-4.45687e-07
-4.26523e-07
1.88771e-07
-4.33769e-08
1.60664e-09
1.14733e-10
-6.20939e-10
2.6721e-09
1.16284e-08
3.09551e-07
1.16394e-06
9.60318e-07
-5.9416e-07
1.38024e-07
-6.19816e-09
-3.54928e-09
1.9463e-08
-1.03859e-07
-4.89301e-07
-1.2614e-05
-4.58877e-05
-3.55334e-05
2.16673e-05
-5.03775e-06
2.76512e-07
-7.27411e-09
3.47585e-08
-1.68589e-07
-6.6883e-07
-1.90762e-05
-6.98891e-05
-5.25734e-05
3.37565e-05
-7.46954e-06
4.86227e-07
-7.09047e-09
3.24239e-08
-1.66135e-07
-7.36556e-07
-1.90998e-05
-6.89102e-05
-5.15227e-05
3.2027e-05
-7.46491e-06
5.16424e-07
-6.96986e-09
3.11852e-08
-1.66325e-07
-7.89105e-07
-1.92719e-05
-6.90255e-05
-5.18043e-05
3.11393e-05
-7.63505e-06
5.43426e-07
-7.48579e-09
3.32513e-08
-1.7601e-07
-8.27389e-07
-2.02663e-05
-7.29418e-05
-5.54433e-05
3.23739e-05
-8.12396e-06
5.9072e-07
-8.7177e-09
3.90139e-08
-1.95896e-07
-8.44785e-07
-2.21387e-05
-8.10211e-05
-6.29104e-05
3.56258e-05
-9.13402e-06
6.80186e-07
-1.02237e-08
4.71345e-08
-2.21655e-07
-8.36196e-07
-2.44138e-05
-9.15399e-05
-7.32485e-05
3.98058e-05
-1.05171e-05
7.87905e-07
-6.29676e-09
3.296e-08
-1.65422e-07
-7.05881e-07
-1.93024e-05
-7.27771e-05
-6.11452e-05
2.98549e-05
-7.57791e-06
4.67634e-07
1.93382e-10
-9.99995e-10
3.88502e-09
1.37926e-08
4.23229e-07
1.66168e-06
1.47529e-06
-7.5082e-07
2.01154e-07
-1.03744e-08
-5.63071e-10
2.55516e-09
-1.06139e-08
-4.19694e-08
-1.11117e-06
-4.02462e-06
-3.03392e-06
2.15193e-06
-5.7995e-07
3.47165e-08
1.78182e-08
-8.37899e-08
4.29152e-07
1.79619e-06
4.86167e-05
0.000171047
0.00012125
-8.32416e-05
2.17943e-05
-1.49974e-06
3.72222e-08
-1.5097e-07
7.01264e-07
2.42589e-06
7.41455e-05
0.000263156
0.000181176
-0.000129521
3.22149e-05
-2.69448e-06
3.63529e-08
-1.40492e-07
6.89112e-07
2.70368e-06
7.43948e-05
0.000259773
0.000177677
-0.000122381
3.19147e-05
-2.80371e-06
3.56266e-08
-1.3441e-07
6.86873e-07
2.91154e-06
7.49808e-05
0.000259712
0.000178276
-0.000118608
3.25059e-05
-2.90739e-06
3.8167e-08
-1.42872e-07
7.25117e-07
3.04572e-06
7.8683e-05
0.00027381
0.000190439
-0.000123238
3.46107e-05
-3.14906e-06
4.43865e-08
-1.67604e-07
8.07038e-07
3.07978e-06
8.57185e-05
0.000303434
0.00021588
-0.000135796
3.90918e-05
-3.63984e-06
5.18733e-08
-2.02456e-07
9.13838e-07
3.00144e-06
9.41523e-05
0.000341753
0.000251244
-0.000152064
4.52945e-05
-4.23786e-06
3.15535e-08
-1.41207e-07
6.81543e-07
2.5671e-06
7.423e-05
0.000270704
0.000209623
-0.00011521
3.30166e-05
-2.51547e-06
-9.43605e-10
4.07192e-09
-1.51547e-08
-4.72507e-08
-1.48287e-06
-5.62211e-06
-4.58559e-06
2.68704e-06
-8.42577e-07
5.72324e-08
2.60882e-09
-9.99003e-09
4.07561e-08
1.40608e-07
3.7215e-06
1.31281e-05
9.29781e-06
-7.26422e-06
2.1696e-06
-1.66335e-07
-7.74343e-08
3.17859e-07
-1.69823e-06
-6.39221e-06
-0.00017384
-0.000596903
-0.000396014
0.000281192
-7.62643e-05
6.6075e-06
-1.63762e-07
5.79887e-07
-2.80783e-06
-8.66122e-06
-0.000267181
-0.000927072
-0.000600315
0.000437408
-0.000111561
1.20713e-05
-1.60253e-07
5.39949e-07
-2.77076e-06
-9.75271e-06
-0.000268938
-0.000916873
-0.000589648
0.000411463
-0.000109562
1.23348e-05
-1.56629e-07
5.14245e-07
-2.75965e-06
-1.05412e-05
-0.00027086
-0.000915025
-0.000590194
0.000397081
-0.000111282
1.26249e-05
-1.67271e-07
5.44548e-07
-2.9052e-06
-1.10061e-05
-0.000283526
-0.000961911
-0.0006285
0.000411961
-0.000118715
1.36273e-05
-1.93955e-07
6.37431e-07
-3.21957e-06
-1.10487e-05
-0.000307684
-0.00106222
-0.000710346
0.000454109
-0.000134891
1.58025e-05
-2.25677e-07
7.67161e-07
-3.62121e-06
-1.06338e-05
-0.000336033
-0.00119068
-0.00082406
0.000508644
-0.000157389
1.8479e-05
-1.36527e-07
5.31885e-07
-2.6833e-06
-9.08952e-06
-0.000264455
-0.00094045
-0.000684034
0.000388652
-0.00011618
1.09413e-05
4.34723e-09
-1.57876e-08
5.69102e-08
1.47278e-07
4.80317e-06
1.77878e-05
1.37101e-05
-8.90009e-06
3.13892e-06
-2.7006e-07
-1.26554e-08
3.59129e-08
-1.38424e-07
-3.9454e-07
-1.15641e-05
-3.98958e-05
-2.60078e-05
2.19271e-05
-7.64149e-06
8.31952e-07
3.63205e-07
-1.17834e-06
5.97459e-06
1.76714e-05
0.000578923
0.00195753
0.00121125
-0.000904679
0.000278123
-3.21214e-05
7.73611e-07
-2.14583e-06
9.88856e-06
2.28047e-05
0.000893998
0.00305989
0.00185211
-0.00139127
0.00040378
-6.04489e-05
7.56908e-07
-1.98954e-06
9.70818e-06
2.65558e-05
0.000902986
0.00303136
0.00181796
-0.00130072
0.000391681
-6.09507e-05
7.36298e-07
-1.8819e-06
9.61105e-06
2.9202e-05
0.000908927
0.00301948
0.00181274
-0.00125004
0.000395913
-6.16577e-05
7.83235e-07
-1.98389e-06
1.00856e-05
3.03653e-05
0.0009487
0.00316344
0.00192229
-0.00129525
0.000423104
-6.63266e-05
9.06257e-07
-2.3202e-06
1.11796e-05
2.97e-05
0.00102454
0.00347775
0.00216438
-0.00142853
0.000483515
-7.70526e-05
1.05147e-06
-2.79338e-06
1.26019e-05
2.73642e-05
0.00111126
0.00387614
0.00250372
-0.00160258
0.000567354
-9.00369e-05
6.35904e-07
-1.95217e-06
9.39476e-06
2.4452e-05
0.000875822
0.00306242
0.00207889
-0.00125202
0.000424242
-5.23901e-05
-2.087e-08
5.57836e-08
-1.88012e-07
-3.54377e-07
-1.42419e-05
-5.1798e-05
-3.67969e-05
2.59961e-05
-1.09e-05
1.32658e-06
5.65899e-08
-1.2766e-07
4.65838e-07
9.38122e-07
3.32057e-05
0.000114951
7.31674e-05
-6.39709e-05
2.50761e-05
-3.80106e-06
-1.404e-06
3.90336e-06
-1.99257e-05
-4.35206e-05
-0.00178464
-0.00603561
-0.00360841
0.00252126
-0.000792125
0.000120609
-2.98549e-06
7.12271e-06
-3.31897e-05
-5.29353e-05
-0.00275671
-0.00945206
-0.00556745
0.00381964
-0.00113572
0.000230559
-2.91542e-06
6.60703e-06
-3.25532e-05
-6.49793e-05
-0.00279329
-0.00937087
-0.00545024
0.00354208
-0.00108618
0.000228196
-2.82322e-06
6.22339e-06
-3.20954e-05
-7.32585e-05
-0.00281028
-0.00931319
-0.0054057
0.00338666
-0.00109349
0.000227657
-2.98937e-06
6.52905e-06
-3.35663e-05
-7.58079e-05
-0.00292363
-0.00971861
-0.00569883
0.00350554
-0.00117386
0.000243994
-3.44579e-06
7.60475e-06
-3.71335e-05
-7.15243e-05
-0.00313886
-0.010627
-0.00637952
0.00387214
-0.00135435
0.000284305
-3.98957e-06
9.11535e-06
-4.17651e-05
-6.15667e-05
-0.00337741
-0.0117699
-0.00734645
0.00435327
-0.00160147
0.000333039
-2.43386e-06
6.39369e-06
-3.11619e-05
-5.78971e-05
-0.00267761
-0.00933979
-0.00608315
0.00349285
-0.00121295
0.000192404
9.25704e-08
-1.95497e-07
6.16802e-07
5.99316e-07
3.81361e-05
0.000140305
9.7553e-05
-7.30507e-05
3.54446e-05
-5.94753e-06
-2.74551e-07
4.00937e-07
-1.3409e-06
-1.11765e-06
-8.91024e-05
-0.000314468
-0.000192613
0.000162758
-7.81404e-05
1.93262e-05
6.15207e-06
-1.26261e-05
5.96473e-05
4.01055e-05
0.00508131
0.0175231
0.0102086
-0.00665503
0.00249412
-0.000573372
1.28071e-05
-2.24768e-05
9.87316e-05
1.39181e-05
0.00782197
0.0273669
0.0157614
-0.00971534
0.00353123
-0.00111893
1.23861e-05
-2.0682e-05
9.57083e-05
4.48512e-05
0.00795006
0.0271208
0.0153131
-0.00890845
0.00331052
-0.00108683
1.18874e-05
-1.93364e-05
9.3446e-05
6.67284e-05
0.0079956
0.0268844
0.0150712
-0.00848376
0.00330565
-0.00106944
1.25139e-05
-2.01827e-05
9.7393e-05
6.71931e-05
0.00828714
0.027929
0.015773
-0.00878995
0.00356095
-0.00114249
1.44052e-05
-2.34789e-05
0.000108122
4.29449e-05
0.00883329
0.0303456
0.0175396
-0.00974179
0.00414174
-0.00133463
1.67488e-05
-2.82278e-05
0.000122592
3.0912e-06
0.00940983
0.0333612
0.0201238
-0.0110079
0.00492094
-0.00156513
1.05029e-05
-2.03735e-05
9.28508e-05
3.49953e-05
0.00753111
0.0266952
0.016706
-0.00932706
0.00380854
-0.000895079
-4.4224e-07
5.98525e-07
-1.72096e-06
6.13621e-07
-9.3055e-05
-0.000354276
-0.000236496
0.000174829
-0.000108034
2.9668e-05
1.07587e-06
-1.23906e-06
3.86144e-06
-2.33718e-06
0.000199803
0.000752697
0.000481747
-0.000369258
0.000211011
-7.83279e-05
-2.03119e-05
3.72532e-05
-0.000172179
0.000167959
-0.0133888
-0.0482219
-0.0285073
0.0146928
-0.00595459
0.00181268
-4.15698e-05
6.55069e-05
-0.000284837
0.000385461
-0.0204286
-0.074581
-0.0437957
0.020302
-0.00851395
0.00355999
-3.98275e-05
6.02569e-05
-0.000273703
0.000311556
-0.020831
-0.0737744
-0.0420467
0.0183437
-0.00785569
0.00337578
-3.79456e-05
5.62134e-05
-0.000265038
0.000257977
-0.0209481
-0.0729025
-0.0409634
0.0174263
-0.00776949
0.00326718
-3.97202e-05
5.84524e-05
-0.0002755
0.000274316
-0.0216185
-0.07536
-0.0425041
0.0181695
-0.00840938
0.00348057
-4.55858e-05
6.77196e-05
-0.000306848
0.000368778
-0.0228331
-0.0812928
-0.0469194
0.0203413
-0.00987521
0.00408495
-5.32221e-05
8.11329e-05
-0.000349665
0.000503633
-0.02399
-0.088584
-0.0536277
0.0232082
-0.0117209
0.00480488
-3.41821e-05
5.95109e-05
-0.00026739
0.000320508
-0.0194653
-0.071825
-0.0445622
0.0212348
-0.00909586
0.002752
1.71272e-06
-1.81162e-06
4.89609e-06
-8.48773e-06
0.000169274
0.000724492
0.000512705
-0.000360049
0.000285875
-0.000116528
-4.68207e-06
2.83209e-06
-8.90196e-06
2.66895e-05
-0.000362367
-0.00162348
-0.00112494
0.000652122
-0.000538628
0.000468993
8.17506e-05
-0.00010888
0.000480248
-0.00173616
0.0324974
0.126744
0.0769557
-0.0298334
0.0172116
-0.00918297
0.000152991
-0.000182537
0.000785554
-0.00299252
0.0489305
0.192799
0.116026
-0.0362639
0.0248346
-0.017348
0.000143017
-0.000166964
0.000747544
-0.00290103
0.0501521
0.190265
0.109374
-0.0321981
0.0226719
-0.0159099
0.000134687
-0.000155387
0.000718275
-0.00280252
0.0504845
0.187494
0.105247
-0.0309067
0.0220936
-0.0151648
0.000140085
-0.000161395
0.000745869
-0.00291425
0.051815
0.192729
0.108134
-0.0329224
0.023807
-0.0161022
0.000160755
-0.000187071
0.000835172
-0.00325146
0.0539917
0.20592
0.118355
-0.037636
0.0278124
-0.0188933
0.000190602
-0.000224439
0.000956177
-0.00362964
0.0554801
0.221475
0.134816
-0.0436371
0.0323936
-0.0223404
0.000133737
-0.000172266
0.000745365
-0.0027177
0.0457456
0.18271
0.112955
-0.046717
0.0257486
-0.0134751
-7.2377e-06
3.9199e-06
-1.09591e-05
4.04942e-05
-0.000156314
-0.00111893
-0.000946641
0.00046844
-0.000685331
0.000677455
9.041e-06
-3.98221e-06
1.84048e-05
-7.2444e-05
0.000242949
0.00189458
0.0018269
-0.000595577
0.000698619
-0.000750912
-0.000157176
0.00020153
-0.00100857
0.00562586
-0.0467731
-0.20931
-0.135822
0.0246798
-0.0249594
0.0160418
-0.000279716
0.000326718
-0.00162827
0.0088167
-0.0693654
-0.31016
-0.199608
0.0181749
-0.0396747
0.030915
-0.00025592
0.000300755
-0.00156699
0.00883724
-0.071846
-0.305157
-0.183723
0.0152652
-0.0367184
0.0277963
-0.000238811
0.000281827
-0.00151486
0.00875376
-0.0725214
-0.299961
-0.174176
0.0163525
-0.0350381
0.0260156
-0.000247359
0.000293945
-0.00157323
0.00902197
-0.0737556
-0.306147
-0.177018
0.0202526
-0.0370783
0.0275872
-0.000284234
0.000340658
-0.00174852
0.00962229
-0.0749878
-0.322501
-0.192126
0.0260784
-0.0423127
0.0324771
-0.000342014
0.000404914
-0.00196039
0.0101218
-0.0736678
-0.339411
-0.218112
0.0325356
-0.0468191
0.0379947
-0.000253415
0.000320848
-0.00155419
0.00816255
-0.0615948
-0.286
-0.182933
0.0521862
-0.0357594
0.0229328
1.38283e-05
-5.2982e-06
2.33509e-05
-6.63119e-05
-0.000326021
0.000179347
0.00111428
-3.21172e-05
0.000800634
-0.00105771
1.00104e-06
-3.98107e-06
4.44738e-06
2.59027e-05
7.22896e-05
-0.000742504
-0.00248909
-0.000421994
-0.000371397
5.48291e-05
-3.91761e-05
0.000158668
-0.000359921
-0.000694007
0.0417601
0.189792
0.189804
0.0287701
0.0303813
-0.00140242
-9.74647e-05
0.000250201
-0.000557659
-0.0012476
0.0615613
0.27254
0.265483
0.065675
0.0650664
-0.00209418
-9.91356e-05
0.000259987
-0.000605668
-0.0010865
0.0644752
0.269343
0.241993
0.0603664
0.0620616
-0.00080905
-9.55371e-05
0.000263079
-0.00062595
-0.000969676
0.0651627
0.265367
0.229414
0.0529389
0.0572831
0.000115844
-9.96987e-05
0.000268245
-0.000629945
-0.00104197
0.0654392
0.268833
0.233126
0.0473961
0.0573689
0.000523443
-0.000112863
0.000273637
-0.000612679
-0.00128768
0.0644548
0.277227
0.251797
0.0447139
0.061724
0.000680463
-0.000123754
0.000272571
-0.000570818
-0.00148873
0.0594259
0.280047
0.282083
0.0465736
0.0636371
0.000729397
-6.62097e-05
0.000217692
-0.000447718
-0.00115729
0.0493699
0.24042
0.246281
0.00617576
0.0306292
0.000582431
1.61488e-06
-4.19689e-06
1.45047e-06
4.56294e-05
0.000823736
0.00179845
-0.000907583
-0.00112574
-0.000681343
6.80828e-06
-2.07382e-07
-2.73414e-06
7.22863e-06
-8.00617e-05
-0.000284854
0.000257986
0.00323347
0.00117746
-7.12167e-06
0.000308041
1.11656e-05
7.49288e-05
-0.000199873
0.00214056
-0.0729439
-0.326241
-0.313306
-0.0824754
-0.104615
0.00689525
1.96934e-05
0.000121853
-0.000358072
0.00369335
-0.10729
-0.466917
-0.424624
-0.148598
-0.201997
0.00482362
1.78613e-05
0.000102626
-0.000288043
0.00341047
-0.11242
-0.463215
-0.383844
-0.130446
-0.190635
-0.00216293
1.72578e-05
9.34784e-05
-0.000256382
0.00324232
-0.113286
-0.456917
-0.364072
-0.113956
-0.172974
-0.00676167
1.82348e-05
0.000103607
-0.00030616
0.00353364
-0.11291
-0.461649
-0.370713
-0.10346
-0.16769
-0.00796736
2.08095e-05
0.000137074
-0.000451992
0.00427967
-0.109693
-0.472546
-0.400675
-0.100268
-0.172995
-0.00726856
2.58523e-05
0.000191846
-0.000666939
0.00507259
-0.0986371
-0.469811
-0.447125
-0.107878
-0.17424
-0.00598335
1.92244e-05
0.00015002
-0.000517518
0.00399767
-0.0812261
-0.401852
-0.399323
-0.0381995
-0.0914764
-0.00403239
-2.68551e-07
-4.70257e-06
1.53713e-05
-0.000135541
-0.00170528
-0.00466166
-0.000238712
0.00253729
0.00132227
0.000858
-2.40519e-07
-3.26653e-06
6.58292e-06
0.000104643
0.00103267
0.00303628
-0.0021791
-0.0030244
0.00763852
0.038284
7.19898e-06
0.000108186
-0.000471365
0.00143214
0.0928183
0.421274
0.461085
0.199234
0.372891
-0.564616
1.34712e-05
0.000200883
-0.000765803
0.00172134
0.1347
0.586804
0.597535
0.305479
0.61048
-0.555697
1.42322e-05
0.000210549
-0.000822127
0.00225936
0.141871
0.585882
0.535273
0.25753
0.567946
-0.421205
1.43577e-05
0.000209489
-0.000821154
0.00239768
0.142166
0.578353
0.508844
0.226041
0.507791
-0.312473
1.4577e-05
0.000210336
-0.000786179
0.001951
0.138675
0.577779
0.519633
0.210667
0.47362
-0.226209
1.47405e-05
0.000210529
-0.000699804
0.000913318
0.128784
0.575119
0.560548
0.212548
0.462197
-0.163881
1.39952e-05
0.000198184
-0.000533237
-0.00039351
0.105392
0.540009
0.617178
0.238194
0.447505
-0.135148
9.41565e-06
0.000134544
-0.000375943
-0.00038808
0.0849778
0.464908
0.568594
0.128853
0.253771
-0.10822
-2.62735e-07
-3.60153e-06
4.20123e-07
0.00023099
0.00333193
0.0115973
0.00520513
-0.00504426
-0.00539091
0.0669946
6.90845e-08
4.85759e-08
-5.31281e-06
-0.000191592
-0.00218031
-0.00891255
-0.00262675
0.00771989
0.0874412
-0.857654
-1.94479e-06
-9.17052e-06
0.000342332
-0.00402503
-0.132625
-0.596123
-0.658105
-0.316531
-2.02721
6.46682
-3.61611e-06
-1.61674e-05
0.000531788
-0.00519386
-0.190319
-0.819694
-0.81683
-0.436829
-2.74118
7.26288
-4.37776e-06
-2.06389e-05
0.000569746
-0.00600789
-0.200012
-0.823511
-0.727706
-0.337162
-2.55169
6.35679
-4.48892e-06
-1.90754e-05
0.000545584
-0.00597263
-0.198437
-0.812068
-0.695113
-0.291715
-2.28131
5.3747
-4.11796e-06
-1.213e-05
0.000471636
-0.00488146
-0.189419
-0.801944
-0.712618
-0.278116
-2.03326
4.35942
-2.97366e-06
3.58489e-06
0.000319567
-0.00270381
-0.169075
-0.778033
-0.765997
-0.295079
-1.81987
3.43025
-5.80651e-07
3.20935e-05
5.12158e-05
0.000199533
-0.12702
-0.691118
-0.82605
-0.352908
-1.62188
2.74611
-5.92251e-07
2.20758e-05
1.03712e-05
0.0004135
-0.0984534
-0.586001
-0.783239
-0.20434
-1.03536
1.94596
2.03909e-08
-7.64069e-07
1.79929e-06
-0.000436051
-0.00573776
-0.0229956
-0.0175635
0.00799196
0.181584
-1.18129
-7.67186e-08
-4.85991e-07
1.19888e-05
0.000314828
0.00421949
0.0197891
0.0187208
0.0202813
-0.776207
5.9673
2.33938e-06
2.53685e-05
-0.000454461
0.00988365
0.179517
0.807827
0.909352
0.122168
8.00183
-26.4294
5.70063e-06
5.84526e-05
-0.000757365
0.0135911
0.252218
1.08819
1.08991
0.154162
10.6569
-32.8646
6.27204e-06
6.04446e-05
-0.000745886
0.0147161
0.263739
1.09973
0.971909
-0.012939
9.9312
-29.0981
6.2078e-06
5.75006e-05
-0.000687195
0.0141532
0.257596
1.07968
0.933437
-0.0334022
8.79142
-24.6969
6.16797e-06
5.60581e-05
-0.000624683
0.0118878
0.237935
1.04567
0.957486
0.0115368
7.6075
-20.5586
5.98314e-06
5.41933e-05
-0.000522861
0.00789543
0.199582
0.973972
1.0165
0.105519
6.52172
-17.0308
4.8075e-06
4.35666e-05
-0.000299624
0.00241768
0.128546
0.789527
1.05266
0.250728
5.57282
-14.121
2.51044e-06
2.23716e-05
-0.000168617
0.00103547
0.0926099
0.651101
1.01674
0.101598
3.50168
-8.68458
-9.48814e-08
-6.56372e-07
1.15356e-05
0.000725588
0.00917898
0.0409773
0.0475511
0.0336901
-1.32169
7.27598
-4.06923e-08
-8.15103e-07
-1.56283e-05
-0.000535034
-0.00752191
-0.0383104
-0.0524793
-0.202039
3.54322
-22.7399
-5.35314e-07
-5.66483e-06
0.000135082
-0.0178813
-0.246669
-1.10908
-1.2824
1.21307
-14.6407
55.7867
-1.72294e-06
-1.29315e-05
0.000262658
-0.0245625
-0.338814
-1.46512
-1.50455
1.54222
-20.1257
78.715
-1.87928e-06
-1.27928e-05
0.000183467
-0.0258554
-0.350616
-1.48543
-1.35948
1.77114
-18.505
69.7052
-1.80393e-06
-1.15377e-05
0.000123113
-0.0241394
-0.335468
-1.44609
-1.30849
1.61278
-16.3076
58.6421
-1.77529e-06
-1.01459e-05
0.000118949
-0.0196466
-0.298311
-1.36627
-1.32446
1.30555
-14.2939
49.1061
-1.70276e-06
-7.56436e-06
0.000122125
-0.0124489
-0.233236
-1.21173
-1.35912
0.945489
-12.6149
41.5646
-1.18886e-06
-1.31228e-06
2.38555e-05
-0.0027015
-0.122261
-0.871111
-1.30728
0.595484
-11.0894
34.6652
-5.18367e-07
-1.16232e-07
-7.35287e-06
-0.000411288
-0.0773289
-0.678401
-1.26254
0.628092
-6.24634
16.0359
-4.0367e-08
-1.18784e-06
-2.93098e-05
-0.00111018
-0.0134154
-0.0663744
-0.106639
-0.285904
4.73107
-25.8229
6.83054e-08
1.14051e-06
2.17089e-05
0.000958309
0.0127381
0.0703904
0.111283
0.362233
-5.61561
56.0596
1.38474e-06
3.21156e-05
0.000635843
0.0306945
0.336294
1.50757
1.88316
-3.54888
22.3456
-61.0658
2.00112e-06
4.25711e-05
0.000883712
0.0422611
0.450432
1.93864
2.22322
-4.00289
29.7426
-100.036
2.41797e-06
4.8783e-05
0.00105598
0.0434708
0.459153
1.96427
2.07168
-4.40387
28.3095
-87.7533
2.59222e-06
4.99128e-05
0.00102882
0.0395733
0.428129
1.88655
1.9771
-4.05581
25.4363
-71.9617
2.36125e-06
4.29584e-05
0.000788701
0.0313564
0.363763
1.72476
1.92121
-3.43482
22.5651
-59.6373
1.79598e-06
2.9834e-05
0.000409102
0.0191851
0.260835
1.43517
1.83733
-2.84228
20.1223
-51.0475
1.07919e-06
1.46496e-05
3.90499e-05
0.00307713
0.0979566
0.861645
1.56105
-2.4612
17.9443
-41.7043
5.6707e-07
6.72094e-06
-1.90344e-05
-0.000210915
0.0483257
0.609086
1.45381
-2.58437
11.7803
-7.90668
1.43398e-07
3.28794e-06
6.33908e-05
0.00151958
0.0176617
0.0980519
0.186398
0.739726
-6.32009
60.9308
4.98227e-09
3.30704e-07
-2.05912e-05
-0.00180052
-0.0209255
-0.127223
-0.275534
0.651991
-16.7028
-106.59
-6.30875e-06
-0.000149522
-0.00232311
-0.050045
-0.461643
-2.06502
-2.59072
4.32755
-45.1101
30.1087
-1.07716e-05
-0.000226613
-0.003483
-0.0686714
-0.604279
-2.57461
-3.10883
2.81515
-43.4084
72.9501
-1.26042e-05
-0.000249905
-0.00374989
-0.0691008
-0.604121
-2.59128
-3.03393
3.06356
-42.3097
61.701
-1.26459e-05
-0.000239581
-0.00342481
-0.0612715
-0.547081
-2.44328
-2.87103
3.70883
-43.457
47.1741
-1.09198e-05
-0.000195458
-0.00261047
-0.0469594
-0.442687
-2.14819
-2.64845
4.55889
-44.2829
37.552
-7.70254e-06
-0.000124682
-0.00144544
-0.0272199
-0.288925
-1.65588
-2.31956
5.74418
-45.0087
32.8287
-3.58711e-06
-4.02111e-05
-0.0001145
-0.00216984
-0.063041
-0.75377
-1.66309
6.88661
-46.5621
25.104
-1.58648e-06
-1.12689e-05
9.59774e-05
0.000744808
-0.0196119
-0.454295
-1.49137
8.38487
-46.1468
-17.6097
-1.80816e-07
-5.76598e-06
-0.000109199
-0.00180473
-0.0205386
-0.132057
-0.284337
1.60958
-14.8446
-113.499
-5.72607e-09
-1.22903e-06
6.55223e-05
0.00339023
0.0344126
0.220863
0.630701
-10.4406
93.4384
157.352
9.31047e-06
0.000371682
0.00588529
0.0813203
0.641979
2.87451
2.51629
-18.6567
176.052
33.0678
1.83351e-05
0.000618771
0.00893039
0.1111
0.822078
3.44156
3.14272
-14.4929
194.562
2.09387
2.14283e-05
0.000664173
0.00922948
0.109495
0.803121
3.40763
3.28454
-15.1817
195.302
7.1445
2.06341e-05
0.000609622
0.00816
0.0948749
0.704865
3.13458
3.16605
-16.9971
193.08
12.615
1.70001e-05
0.000479986
0.00609978
0.0707334
0.54259
2.63411
2.85018
-18.8824
186.736
11.775
1.1126e-05
0.00029098
0.00334407
0.0393973
0.321199
1.85654
2.38311
-19.4904
178.399
5.0119
3.71753e-06
5.69872e-05
0.000155292
0.00176155
0.0222254
0.527711
1.4365
-17.2507
168.328
3.04526
9.86377e-07
5.24108e-07
-8.44962e-05
0.00178398
0.00693674
0.257641
1.52094
-15.038
145.556
41.6551
1.32178e-07
7.9204e-06
0.000163236
0.00186291
0.0202926
0.159244
0.504287
-9.51781
63.937
160.262
-4.05294e-08
-4.51998e-06
-0.000367133
-0.00657088
-0.0580465
-0.377424
-1.48429
16.2864
-133.426
-160.248
-1.12777e-05
-0.000882933
-0.0134935
-0.131911
-0.8994
-4.29766
-0.205001
-82.0752
-168.917
-104.344
-2.19669e-05
-0.00147341
-0.0199045
-0.176133
-1.12208
-4.91769
-1.15638
-81.8211
-177.391
-96.5559
-2.39331e-05
-0.00153579
-0.0198306
-0.168974
-1.06672
-4.74253
-1.99587
-77.3589
-184.675
-88.1492
-2.20639e-05
-0.00136378
-0.0170437
-0.142314
-0.90414
-4.2251
-2.2113
-73.9654
-182.294
-72.077
-1.77408e-05
-0.00103771
-0.0124597
-0.102177
-0.658715
-3.37256
-2.06107
-74.5279
-172.02
-46.5856
-1.13668e-05
-0.000596422
-0.00673575
-0.0530529
-0.34749
-2.14282
-1.80673
-76.3156
-157.69
-11.0636
-3.00372e-06
-5.96172e-05
-0.000421196
0.00135342
0.030184
-0.219832
-0.54432
-74.2165
-138.497
25.3845
-5.32384e-07
1.03795e-05
-0.0007316
-0.00629365
-0.0113875
-0.114758
-1.45431
-71.4691
-102.734
24.2664
-5.14748e-08
-1.19989e-05
-0.000193085
-0.00154357
-0.0156049
-0.159528
-1.07745
-0.00211444
-41.179
-87.7129
1.40759e-07
2.04352e-05
0.000677526
0.00938153
0.100658
0.691333
-0.354779
44.5952
-52.1423
340.856
1.36789e-05
0.000893759
0.0146401
0.163521
1.30876
7.19634
-1.93014
324.298
-175.051
578.43
2.38579e-05
0.00143562
0.0209452
0.21032
1.5786
7.8443
-4.59083
416.152
-231.41
599.496
2.43328e-05
0.00142935
0.0199581
0.193491
1.45234
7.34636
-3.16275
408.973
-233.546
600.617
2.07721e-05
0.00120494
0.0163774
0.154608
1.17881
6.32813
-1.53928
369.261
-228.752
623.173
1.48592e-05
0.000856543
0.0112994
0.101713
0.797649
4.79498
0.574051
306.794
-221.96
665.865
7.55456e-06
0.000447133
0.00558803
0.0418901
0.347001
2.73905
2.80915
231.544
-210.858
724.818
-6.59667e-07
2.96839e-05
0.000447931
-0.0134919
-0.128959
-0.135492
1.98903
155.007
-194.552
785.967
-1.1039e-06
6.96103e-05
0.001919
0.0034727
-0.00982218
0.14436
4.93822
82.6373
-174.139
793.163
1.70383e-08
2.51347e-06
-1.40708e-05
0.000432789
0.0105277
0.138509
0.914136
27.8741
-100.01
533.776
-2.57468e-07
-3.03363e-05
-0.000833681
-0.0117098
-0.161218
-1.63036
-10.5447
52.6839
242.793
741.124
-1.78199e-05
-0.00123055
-0.0208175
-0.21171
-1.75186
-11.9881
-56.7619
535.394
181.711
903.574
-3.25971e-05
-0.00198369
-0.027869
-0.253713
-2.01433
-12.7153
-41.0657
670.371
133.763
900.772
-3.28925e-05
-0.00193488
-0.025355
-0.220482
-1.76209
-11.535
-41.9373
655.684
141.085
892.86
-2.82134e-05
-0.00162237
-0.0198299
-0.162882
-1.32547
-9.43664
-44.5703
603.151
147.277
910.94
-2.10859e-05
-0.00117422
-0.0126187
-0.0908976
-0.76643
-6.4869
-45.3357
530.319
144.78
950.801
-1.27363e-05
-0.000660572
-0.00472315
-0.014278
-0.157059
-2.8815
-40.943
445.304
133.235
1011.17
-3.88799e-06
-0.000172791
0.00167318
0.0448668
0.363852
1.22531
-26.0967
351.607
122.043
1083.29
-3.61145e-06
-0.000224636
0.000294361
0.0285327
0.180215
0.37426
-18.2764
213.225
140.65
1112.6
-2.1039e-10
7.30113e-07
-6.77708e-05
-0.00171227
-0.0114776
-0.10732
-3.13324
7.00841
98.1741
949.708
2.23066e-07
2.15913e-05
0.000639448
0.0107824
0.182448
2.28751
20.3075
158.171
597.901
866.862
2.20948e-05
0.0015328
0.0241907
0.238352
2.12796
15.6447
141.573
770.963
428.002
1034.09
3.82847e-05
0.00215142
0.0267699
0.249015
2.26778
17.1894
176.514
922.784
328.119
1060.11
3.69178e-05
0.00193806
0.021462
0.192683
1.81474
14.5111
158.535
905.78
327.757
1058.17
3.06816e-05
0.00149081
0.0138472
0.115628
1.16585
10.2129
126.302
847.524
343.364
1073.93
2.22973e-05
0.000929593
0.00504315
0.0284058
0.412696
4.88473
84.1878
762.203
370.293
1101.25
1.30082e-05
0.000330196
-0.00371829
-0.0560798
-0.329369
-0.613684
37.2369
659.16
415.973
1127.96
4.59259e-06
-0.000129569
-0.00892784
-0.102764
-0.787498
-5.03925
-11.5004
555.401
450.908
1155.86
5.07154e-06
-8.19695e-05
-0.0084902
-0.0969639
-0.606628
-2.73508
-24.5493
417.886
418.232
1203.56
8.71232e-08
1.05583e-05
0.000383718
0.00468671
0.0228344
-0.117802
-4.11793
58.2338
316.202
1148.65
-1.56569e-07
-1.49052e-05
-0.000713769
-0.0129739
-0.165542
-0.921738
9.8339
157.405
740.67
1078.3
-2.91645e-05
-0.00169141
-0.0225535
-0.225852
-2.30299
-12.3494
126.728
918.375
701.941
1066.85
-4.15961e-05
-0.00188942
-0.0190242
-0.189829
-2.04018
-8.91525
190.412
1143.95
637.373
1041.33
-3.69575e-05
-0.0014793
-0.0116356
-0.114061
-1.35276
-4.73928
190.8
1159.68
640.715
1026.1
-2.79858e-05
-0.000903373
-0.00303567
-0.0260715
-0.544017
-0.425247
185.121
1143.44
649.403
1024.96
-1.71853e-05
-0.000257203
0.00590194
0.0645501
0.299555
3.93777
178.59
1117.03
643.305
1037.98
-5.81641e-06
0.000374022
0.0136959
0.141764
1.04083
7.71869
167.363
1058.3
624.745
1070.52
2.97658e-06
0.00074606
0.0163066
0.162929
1.28047
8.68111
143.619
936.192
635.864
1111.41
4.95867e-06
0.000833565
0.0174865
0.170847
1.22977
4.48109
43.4202
682.713
707.882
1140.75
-2.12757e-07
-2.06333e-05
-0.000328497
-0.0021016
-0.0150018
-0.213688
0.315117
82.7743
708.995
1172.94
5.63336e-07
6.77184e-05
0.00199659
0.0338003
0.549596
7.60758
68.9086
390.525
1152.62
917.863
2.10445e-05
0.000946863
0.0102302
0.139137
2.70107
46.2091
492.553
1176.46
738.872
1043.63
2.19791e-05
0.000663489
0.00387138
0.0819859
2.30919
47.6869
541.859
1292.07
615.206
1079.99
1.42992e-05
0.000193245
-0.00293064
0.00441504
1.37798
38.358
477.242
1240.05
609.585
1088.2
4.50832e-06
-0.000322703
-0.00982446
-0.0789397
0.280589
26.3924
397.361
1155.95
628.582
1103.8
-5.64579e-06
-0.000819942
-0.0160171
-0.156692
-0.813604
13.7834
313.424
1073.11
681.286
1112.91
-1.46462e-05
-0.00120116
-0.0198019
-0.207021
-1.64595
2.72474
237.677
1025.32
763.904
1097.34
-1.89221e-05
-0.00124627
-0.0180417
-0.192385
-1.74624
-2.4705
188.862
991.552
820.954
1076.88
-2.049e-05
-0.00127777
-0.0179045
-0.19088
-1.90871
-8.08082
118.021
783.377
827.247
1105.12
-1.7415e-07
-2.15648e-05
-0.000913352
-0.0156074
-0.167924
-0.52165
12.9042
153.621
692.744
1240.84
2.907e-07
3.58693e-05
0.00105395
0.0189128
0.335764
5.12998
52.2009
285.804
1219.34
989.666
3.28959e-06
0.000216926
0.00414831
0.0864216
2.09044
39.1569
457.625
1219.49
873.433
1008.78
6.61685e-06
0.000392645
0.00628856
0.130091
2.98137
52.7712
581.363
1489.1
755.333
1017
1.09135e-05
0.000614638
0.00949643
0.17461
3.57337
57.7571
593.418
1539.43
783.38
995.479
1.43735e-05
0.000794905
0.0122578
0.209157
3.9441
59.9
591.896
1557.63
812.735
970.285
1.66405e-05
0.00090718
0.0139666
0.227388
4.06236
59.6595
581.513
1543.6
800.321
954.416
1.70881e-05
0.000897857
0.013473
0.214217
3.75333
55.3075
548.231
1472.48
761.584
964.164
1.40232e-05
0.000671683
0.00946004
0.154392
2.82864
44.6999
482.513
1371.92
765.296
987.652
1.14193e-05
0.000520563
0.00705035
0.112905
2.04906
33.206
384.851
1177.77
908.026
976.951
4.93932e-07
5.25402e-05
0.00139832
0.0239356
0.419451
5.99943
54.8694
343.21
1279.12
920.224
6.68339e-07
8.22914e-05
0.00252575
0.0446121
0.733672
9.81304
82.2898
447.733
1409.92
814.05
2.17748e-05
0.00127262
0.0221312
0.315418
5.21088
74.1969
606.145
1248.3
843.207
961.94
2.53822e-05
0.0013603
0.0220013
0.311954
5.38213
80.5347
676.452
1376.78
627.755
1022.55
2.24401e-05
0.00116265
0.0176896
0.251221
4.57286
71.0153
622.341
1344.04
582.239
1032.79
1.75024e-05
0.00085287
0.0116797
0.171228
3.51166
59.2133
559.096
1293.82
579.77
1057.12
1.19405e-05
0.00050356
0.00529673
0.0911304
2.48429
48.4212
507.308
1272.73
637.527
1082.58
7.01037e-06
0.000206524
0.000330349
0.0334181
1.74893
40.6527
475.965
1288.13
735.642
1078.07
4.23811e-06
6.7591e-05
-0.0013578
0.0170324
1.46047
36.2872
455.693
1280.86
801.195
1055.19
2.13696e-06
-6.97575e-05
-0.00394435
-0.0200997
0.869139
28.2866
389.425
1077.32
847.362
1063.27
3.06021e-07
3.49152e-05
0.00104186
0.0192953
0.34034
5.24567
55.5757
309.923
954.662
1106.9
6.59966e-07
8.60492e-05
0.0029183
0.0544646
0.873094
11.1774
88.8645
409.185
1417.59
980.294
2.70141e-05
0.00153392
0.025323
0.374587
6.55988
90.6361
676.149
1315.85
976.523
973.285
3.24794e-05
0.00170383
0.0285969
0.455174
8.05233
110.914
811.877
1559.07
837.827
1010.42
3.24021e-05
0.00178076
0.0315855
0.499044
8.47914
112.169
806.629
1607.7
870.672
1001.16
3.09176e-05
0.00179987
0.0333353
0.518087
8.4941
109.269
786.063
1625.94
886.964
959.879
2.87188e-05
0.00175313
0.0332673
0.507943
8.12523
103.422
756.883
1609.97
827.347
904.018
2.56153e-05
0.00160802
0.0305968
0.459213
7.28506
94.0654
718.183
1570.26
738.863
879.746
2.08575e-05
0.00130214
0.0243013
0.363048
5.89148
80.4505
672.987
1534.35
731.261
890.325
1.82425e-05
0.00117041
0.0217193
0.316638
5.11988
70.9013
613.968
1394.08
959.103
840.128
6.56113e-07
7.16959e-05
0.00221803
0.0434877
0.767863
10.3736
87.4289
481.254
1645.29
739.404
5.71897e-07
8.04974e-05
0.00311328
0.0666574
1.14063
14.3426
104.197
497.695
1533.76
673.054
4.52647e-05
0.00306097
0.0566434
0.736656
10.655
124.123
757.043
1294.41
872.163
842.851
5.97533e-05
0.00346604
0.0560406
0.718614
11.0977
135.792
849.985
1430.2
634.068
881.588
5.57877e-05
0.00309161
0.0476118
0.613136
9.83716
123.496
803.299
1418.25
581.732
868.21
4.76611e-05
0.00255616
0.0378824
0.494302
8.31235
108.829
748.205
1391.87
582.306
920.702
3.88009e-05
0.00201059
0.0288223
0.389786
6.9874
96.6341
707.487
1389.28
651.887
1041.81
3.04692e-05
0.00153628
0.0218937
0.316919
6.03428
87.509
679.459
1398.24
736.975
1118.63
2.37364e-05
0.00119671
0.0178704
0.278112
5.39811
80.2529
656.345
1388.96
761.356
1027.73
1.88218e-05
0.000967599
0.0150745
0.240542
4.70806
72.2754
610.883
1215
790.491
905.236
9.49682e-07
8.97258e-05
0.00244797
0.044713
0.790878
11.0214
95.3603
430.383
1083.49
828.11
1472.56
468.832
1430.97
830.005
905.877
1232.59
706.21
1229.34
961.052
994.365
1352.62
646.714
1437.19
479.525
1500.97
635.701
1155.93
1060.03
874.115
1089.79
1349.69
665.547
1407.09
485.882
1524.99
594.134
1199.16
1028.78
886.326
1090.51
1347.98
661.931
1418.15
477.23
1525.1
604.594
1183.27
1038.92
885.763
1088.55
1345.23
658.55
1427.84
469.774
1525.98
611.134
1173.41
1045.5
884.128
1087.91
1340.73
657.819
1432.67
465.73
1527.37
612.426
1171.17
1046.7
883.273
1088.07
1334.04
660.272
1432.22
465.101
1529.52
608.08
1176.83
1042.39
883.364
1088.96
1327.78
661.245
1432.02
465.943
1530.48
602.569
1186.05
1036.22
882.101
1091
1338.6
627.996
1465.51
476.778
1475.95
673.757
1122.3
1075.84
869.12
1089.25
1481.35
477.056
1382.74
897.106
846.513
1270.18
693.139
1228.4
965.644
987.812
1247.81
714.785
1332.25
675.531
1279.04
810.954
1140.65
942.726
1096.57
912.622
1165.9
813.502
1207.33
775.634
1277.43
738.925
1289.92
797.11
1157.81
895.362
1158.69
819.772
1198.14
788.764
1266.51
743.042
1296.16
784.631
1169.02
891.048
1159.33
819.079
1201.56
784.011
1272.77
738.064
1299.57
784.518
1171.4
887.295
1153.29
823.607
1200.22
783.5
1275.36
735.878
1301.49
784.156
1173.63
883.354
1140.84
833.66
1193.53
788.388
1272.85
737.685
1300.98
783.873
1175.55
879.731
1123.09
848.537
1181.88
798.369
1265.36
743.373
1297.89
783.918
1176.67
876.925
1104.79
864.115
1169.68
809.034
1257.1
750.16
1293.71
784.116
1176.84
875.043
1105.62
861.21
1181.13
793.354
1268.64
748.732
1283.78
797.994
1168.62
875.299
1197.61
750.939
1308.61
692.868
1268.13
812.702
1152.49
922.082
1124.9
890.402
1100.04
876.678
1140.31
855.169
1169.34
865.611
1121.19
935.003
1042.69
938.497
1048.89
922.729
1099.42
897.311
1116.56
874.618
1124.86
871.464
1104.61
941.144
1050.38
919.679
1104.08
890.899
1120.96
867.917
1129.01
862.043
1120.67
935.978
1053.27
916.463
1107.59
887.39
1125.73
863.725
1134.33
858.51
1123.04
933.177
1047.63
921.295
1103.86
890.325
1124.65
864.413
1135.63
857.599
1123.6
930.613
1034.98
932.77
1094.33
898.271
1118.95
868.86
1133.41
858.688
1123.36
928.386
1015.77
950.609
1079.27
911.083
1108.69
877.013
1127.6
861.9
1122.09
926.858
992.544
973.249
1059.55
928.449
1094.23
888.611
1118.65
867.486
1119.13
926.042
982.979
984.896
1048.2
940.618
1087.76
897.242
1114.36
877.84
1106.42
925.445
1037.72
929.37
1100.4
883.273
1155.34
871.705
1129.14
921.207
1073.54
907.918
1042.79
938.878
1055.81
966.379
1054.74
945.686
1050.66
977.637
940.339
1021.98
1002.22
979.822
1039.85
952.061
1038.9
944.2
1017.71
940.087
1043.94
1003.39
997.865
980.519
1042.62
942.955
1050.43
930.747
1023.41
933.49
1065.2
993.016
998.489
978.87
1044.87
940.69
1053.02
929.088
1026.65
930.19
1065.79
992.027
993.062
984.25
1040.39
944.763
1049.73
932.152
1025.51
930.548
1063.68
992.048
983.653
994.748
1031.06
953.39
1042.5
938.239
1021.11
933.825
1060.31
992.603
974.039
1007.12
1019.41
964.763
1032.5
946.607
1013.86
939.839
1055.66
994.006
964.177
1019.88
1007.08
977.345
1020.58
956.42
1004.84
947.854
1049.41
996.39
946.639
1035.69
991.875
996.302
1004.43
970.758
1001.18
954.66
1030.15
1002.19
958.71
1009.45
998.045
1010.15
1028.77
964.198
1041.92
980.299
954.56
1000.08
971.133
1008.88
992.738
1039.04
977.063
1008.02
986.288
1025.65
859.93
1096.65
991.535
1009.98
1009.74
978.023
1015.27
963.812
988.267
962.173
1026.8
1032.71
1005.13
994.462
1023.47
961.122
1034.59
943.252
1001.41
951.047
1057.76
1014.86
1009.74
989.346
1028.05
957.598
1036.31
943.37
1002.63
948.944
1057.76
1015.34
1009.57
989.374
1027.73
958.301
1034.21
946.159
1001.08
949.599
1056.08
1016.05
1005.64
992.65
1024.95
960.766
1031.17
949.066
999.067
951.469
1055.22
1015.49
995.894
1001.39
1018.1
966.166
1026.51
952.548
996.385
954.773
1054.95
1013.78
981.57
1016.65
1004.47
978.56
1015.54
960.919
989.903
961.822
1052.06
1012.79
964.956
1034.72
985.17
1005.57
986.526
988.682
972.89
978.609
1018.32
1029.41
939.22
1043.08
953.818
1073.17
954.557
1022.02
978.887
1024.98
873.618
1083.5
1022.52
966.502
1029.81
1028.27
968.833
1023.67
977.045
1020.01
871.611
1088.8
1005.81
996.485
1029.96
952.387
1040.83
945.802
994.575
966.451
1025.44
1027.93
997.884
1002.05
1024.61
949.842
1053.44
925.431
1009.74
955.561
1053.14
1011.83
994.956
1005.16
1022.53
952.199
1051.26
927.75
1010.03
953.381
1053
1012.7
989.273
1011.91
1016.69
958.108
1045.29
932.863
1007.18
954.15
1050.8
1014.52
984.618
1019.38
1008.82
966.521
1036.85
939.327
1002.81
956.851
1048.51
1016.01
987.228
1021.12
1004.07
973.453
1028.32
945.951
997.47
961.259
1046.31
1017.1
991.992
1018.82
1003.16
976.959
1021.12
951.876
991.806
967.167
1043.39
1018.24
977.956
1029.89
993.304
994.354
998.286
974.698
979.502
977.001
1018.46
1031.11
927.635
1051.05
960.2
1075.77
947.504
1028.57
971.316
1020.76
872.319
1088.6
995.079
1001.91
994.479
1057.22
937.972
1036.12
958.249
1021.72
851.069
1135.19
1015.47
990.487
1024.91
959.994
1020.94
959.221
980.467
984.03
1025.96
1037.16
1018.37
982.775
1034.38
943.238
1044.42
932.822
999.92
976.05
1055.53
1015.47
1024.63
977.385
1039.78
938.388
1048.46
930.79
1002.13
974.134
1055.52
1016.23
1031.92
971.076
1044.94
934.203
1051.11
929.401
1003.54
973.522
1054.28
1017.31
1037.24
964.602
1050.69
928.707
1055.3
925.673
1007
972.532
1054.4
1016.92
1034.41
964.644
1051.45
926.068
1058.31
920.975
1012.06
971.064
1055.88
1015.07
1024.8
974.311
1041.84
934.298
1051.18
924.11
1011.99
973.093
1054.92
1014.05
1019.32
985.034
1026.97
960.821
1017.55
958.269
987.62
988.689
1019.88
1036.85
1014.98
985.288
1001.06
1051.48
942.654
1037.36
947.232
1031.08
853.887
1132
1052.34
967.904
1046.37
1024.55
950.786
1056.58
936.764
1030.38
867.829
1103.52
1037.36
968.232
1042.54
942.527
1044.9
935.097
1000.17
975.482
1018.1
1026.83
1021.13
971.503
1039.58
936.624
1055.13
912.644
1020.43
962.183
1047.85
1007.07
1017.65
973.174
1038.83
935.209
1054.46
913.838
1019.21
961.223
1048.2
1007.9
1009.22
980.749
1032.66
938.33
1050.15
917.187
1016.04
962.427
1046.63
1009.64
998.88
993.623
1020.76
947.808
1040.91
923.647
1011.32
965.474
1045.15
1010.52
997.386
1001.88
1010.82
959.042
1029.4
933.304
1004.37
971.749
1042.8
1010.9
1003.13
1001.76
1008.76
964.948
1021.42
942.58
997.422
980.726
1037.98
1012.3
995.584
1013.64
1000.92
982.558
999.785
971.384
978.231
994.359
1011.66
1029.2
965.93
1031.95
986.042
1067.09
925.536
1057.76
933.615
1025.58
874.815
1107.43
979.098
986.328
982.297
1030.72
951.95
1020.74
946.591
1083.33
859.283
1115.96
1004.72
977.6
1004.39
952.823
1015.8
962.051
1017.43
969.411
994.567
1056.47
1000.15
977.77
1005.79
944.696
1028.64
944.88
1032.41
955.528
1018.66
1039.69
1002.25
977.737
1007.67
946.141
1026.76
946.314
1030.85
958.426
1015.27
1041.19
1013.52
969.35
1015.54
943.603
1027.33
947.187
1029.52
961.097
1011.31
1043.53
1031.49
949.799
1033.67
930.838
1036.48
941.207
1033.31
960.067
1010.57
1044.45
1041.8
931.266
1054.12
911.094
1053.76
926.013
1045.83
951.367
1016.4
1042.17
1037.97
929.191
1059.88
903.421
1062.85
915.845
1057.97
940.818
1026.49
1036.63
1044.63
931.136
1052.44
925.339
1041.07
940.119
1038.39
961.324
1000.3
1051.16
1054.83
948.869
1000.23
1021.35
962.863
1023.5
931.495
1097.5
846.369
1122.52
1085.35
981.203
942.228
961.969
976.82
1079.69
778.935
1270.19
831.907
1138.03
1037.88
861.206
1025.99
984.405
1016.73
912.918
1034.88
1083.2
860.789
1141.78
1030.13
855.368
1047.65
961.364
1041.18
883.581
1071.29
1046.89
886.169
1129.11
1043.37
843.654
1055.76
949.552
1055.67
872.755
1074.85
1045.23
892.01
1124.83
1038.96
842.732
1058.85
941.062
1067.49
863.839
1079.95
1041.73
897.452
1120.88
1007.66
865.153
1045.66
943.814
1072.83
858.069
1087.38
1034.71
904.968
1115.43
973.511
901.89
1012.19
967.171
1061.2
864.325
1090.41
1028.92
910.903
1110.55
979.051
922.111
979.491
1001.27
1032.58
888.506
1080.32
1033.06
907.541
1110.62
1007.57
940.241
953.369
1020.39
1009.61
926.842
1034.92
1075.24
880.443
1123.78
1025.25
1010.64
981.245
914.234
1004.08
1066.71
804.65
1246.33
854.406
1124.73
2.54073e-07
3.85224e-05
0.00177597
0.0486063
1.03275
14.9354
112.483
347.966
1456.15
1695.73
3.50937e-05
0.00325503
0.0871818
1.40745
19.2227
192.069
953.543
1459.81
1229.15
1464.1
6.60441e-05
0.00558772
0.137167
2.0918
28.1066
272.179
1250.78
1831.93
1197.14
1615.89
7.63085e-05
0.00634877
0.152486
2.29381
30.7027
290.346
1296.96
1963.91
1366.63
1587.23
7.90592e-05
0.00652381
0.154059
2.28671
30.5577
287.287
1289.35
2035.95
1357.25
1065.4
7.76051e-05
0.0063023
0.144819
2.10178
28.032
266.167
1233.33
1992.96
1022.11
84.9138
7.17822e-05
0.00565685
0.124594
1.75364
23.5436
232.643
1159.59
1926.78
656.338
-898.214
5.99526e-05
0.00451048
0.0941583
1.28987
17.806
190.506
1081.65
1897.47
575.119
-1281.93
5.44199e-05
0.00395579
0.0795841
1.0907
15.8235
181.298
1063.48
1808.75
1151.18
-932.788
1.53195e-06
0.000177769
0.00595855
0.123425
2.08103
24.6816
164.79
739.394
2618.56
406.632
3.87864e-08
6.41969e-06
0.000326459
0.00997758
0.231673
3.99488
35.6455
77.889
775.269
-224.57
6.37014e-06
0.000707088
0.0233865
0.455213
6.7464
73.3097
456.376
1047.38
936.395
-301.336
1.47074e-05
0.00152795
0.0473474
0.874641
12.5601
130.276
737.532
1465.72
865.132
-461.738
2.02053e-05
0.00210168
0.0650859
1.20651
17.4795
177.521
922.621
1589.26
674.664
-623.858
2.54272e-05
0.00267633
0.0834801
1.55768
22.7291
225.472
1075.08
1596.58
316.23
-973.668
3.11197e-05
0.00329524
0.102416
1.89413
27.4083
263.073
1153.85
1475.77
-87.3007
-938.855
3.64908e-05
0.00383349
0.116432
2.0878
29.4262
272.217
1119.1
1173.01
-732.103
-987.613
3.91228e-05
0.00397647
0.114815
1.94793
26.6258
247.171
1049.46
1012.88
-960.765
-986.235
4.40014e-05
0.00435149
0.120605
1.98999
27.3176
257.226
1055.75
937.235
-640.438
-293.642
3.80732e-07
5.50993e-05
0.00234897
0.0688243
1.57444
22.2387
144.381
532.806
262.37
-1737.3
3.84193e-09
6.90237e-07
3.82918e-05
0.00126787
0.0301634
0.579025
5.3682
16.7869
131.746
36.4659
7.24405e-07
9.16242e-05
0.00346666
0.0765805
1.22701
14.7661
101.957
404.123
404.804
75.7579
1.96201e-06
0.000235364
0.00844287
0.177956
2.76121
31.7035
212.85
663.024
539.528
112.997
3.10399e-06
0.000376573
0.0136611
0.292413
4.64345
53.3622
345.755
886.411
557.005
142.022
4.59382e-06
0.000570652
0.0211555
0.462789
7.52519
85.7844
517.381
1046.85
479.483
166.896
6.76799e-06
0.000856639
0.0321671
0.709305
11.56
127.392
684.089
1067.69
317.9
197.328
9.70917e-06
0.0012402
0.0462888
0.999931
15.9026
165.24
769.538
893.86
80.5665
201.929
1.30591e-05
0.00164182
0.0591799
1.22029
18.5315
182.446
777.258
740.139
44.4401
288.361
1.73501e-05
0.00212946
0.0735501
1.45669
21.5919
204.989
789.962
601.671
59.4811
208.479
-4.89347e-08
-8.03191e-06
-0.000314425
-0.00248643
0.20167
6.69679
57.2913
300.372
403.308
1254.99
2.86003e-10
5.50885e-08
3.25767e-06
0.000116475
0.00278804
0.0586943
0.528199
2.12102
8.40358
-1.60991
6.21396e-08
8.75402e-06
0.000366174
0.00891998
0.152267
2.02945
13.63
80.5706
94.811
5.09795
1.94384e-07
2.62112e-05
0.00104705
0.0244278
0.405225
5.1389
36.2244
163.089
161.182
9.11388
3.48804e-07
4.79143e-05
0.00195181
0.0465539
0.797293
10.2709
74.5795
286.359
206.38
8.87345
5.96409e-07
8.46391e-05
0.00355426
0.0874577
1.55612
20.2984
146.855
439.003
238.443
8.34679
1.03581e-06
0.000151472
0.00653144
0.1641
2.97081
38.0609
256.121
560.851
237.846
-11.1626
1.78676e-06
0.000266163
0.0115194
0.288033
5.18445
63.3845
370.667
555.179
158.959
13.138
2.9185e-06
0.000440509
0.0189066
0.458567
7.90178
89.1788
441.034
458.874
46.0916
-148.581
4.52626e-06
0.000661908
0.0270571
0.626029
10.4272
110.254
464.989
344.651
-4.0393
141.118
-4.48776e-08
-8.93241e-06
-0.000457693
-0.0139489
-0.274772
-2.43907
-18.8869
77.9945
-46.7257
-716.117
1.75624e-11
3.60875e-09
2.19871e-07
8.47381e-06
0.00020297
0.00456049
0.0413354
0.147915
0.56085
0.021287
4.37504e-09
6.77571e-07
3.07068e-05
0.000812767
0.0146087
0.215494
1.35304
9.86872
15.5797
1.14295
1.56837e-08
2.34179e-06
0.000101851
0.00258843
0.0454307
0.635187
4.39688
24.7868
31.021
2.39768
3.15884e-08
4.83947e-06
0.000216376
0.0056405
0.102568
1.46605
10.8109
54.9861
46.4549
3.546
6.17662e-08
9.84701e-06
0.000454661
0.0122832
0.234553
3.44137
26.9407
110.133
66.2226
5.00244
1.23827e-07
2.06019e-05
0.000992905
0.0276453
0.542505
7.92206
62.0704
187.101
86.2109
6.94912
2.54669e-07
4.32185e-05
0.00209185
0.0586037
1.16917
16.7046
121.031
245.836
84.6365
6.17467
4.86475e-07
8.71937e-05
0.00431739
0.119164
2.29633
30.2714
184.962
237.139
51.0775
13.8335
8.79208e-07
0.000150884
0.00704661
0.184332
3.42924
41.9369
212.244
168.87
18.6623
-4.66278
-1.19109e-08
-2.89165e-06
-0.000168419
-0.00596541
-0.154256
-2.37649
-25.1953
-35.8691
1.2997
7.79572
9.34609e-13
2.03246e-10
1.25427e-08
5.05275e-07
1.26163e-05
0.000290863
0.00277299
0.00692216
0.044729
0.0011877
2.65695e-10
4.49309e-08
2.17408e-06
6.18912e-05
0.0011655
0.018936
0.11348
0.907415
2.02921
0.125499
1.08988e-09
1.78011e-07
8.3017e-06
0.000227613
0.00420046
0.064519
0.435664
2.80479
4.67086
0.30506
2.42465e-09
4.13432e-07
1.99822e-05
0.000562643
0.0107535
0.169265
1.22553
7.4791
8.02964
0.512483
5.45634e-09
9.59736e-07
4.78096e-05
0.00139842
0.0282264
0.460453
3.67519
18.7837
13.4999
0.82477
1.22246e-08
2.31818e-06
0.000122512
0.00371396
0.0774841
1.26621
10.7422
41.6541
21.5384
1.25918
3.00781e-08
5.71556e-06
0.000302828
0.00929887
0.200369
3.26987
27.6888
74.6207
27.6372
1.63055
6.43159e-08
1.37776e-05
0.000769985
0.0235522
0.495253
7.49793
56.4171
94.4652
23.7593
1.31277
1.3583e-07
2.74231e-05
0.00143596
0.0413783
0.840278
11.8096
74.8253
72.3148
11.9195
0.840875
-1.9387e-09
-6.1181e-07
-3.94043e-05
-0.00147511
-0.040688
-0.765602
-9.06335
-21.743
-0.173413
-0.870912
4.44483e-14
1.02546e-11
6.31902e-10
2.63158e-08
6.87598e-07
1.60086e-05
0.00016349
0.000264448
0.00357048
8.81048e-05
1.4391e-11
2.64545e-09
1.35278e-07
4.11297e-06
8.09192e-05
0.00143939
0.00856531
0.0709007
0.227318
0.0123836
6.741e-11
1.19715e-08
5.91856e-07
1.73751e-05
0.000336179
0.00564666
0.037927
0.265415
0.607068
0.0349862
1.64282e-10
3.10734e-08
1.60662e-06
4.84958e-05
0.000969528
0.0166868
0.118955
0.826193
1.19951
0.0676231
4.24343e-10
8.19127e-08
4.34476e-06
0.000136221
0.00287936
0.0517058
0.412976
2.5054
2.34019
0.126994
1.04571e-09
2.25939e-07
1.29271e-05
0.000422012
0.0092469
0.166674
1.46951
7.04953
4.46592
0.230888
3.05477e-09
6.49073e-07
3.7076e-05
0.00122914
0.0280235
0.510971
4.79326
16.5476
7.08944
0.37734
7.10887e-09
1.83341e-06
0.000114051
0.00380183
0.0854119
1.44949
12.9008
28.5745
8.4285
0.43019
1.7409e-08
4.20135e-06
0.000244597
0.00764574
0.165744
2.62194
20.6489
26.7842
6.06783
0.307148
-2.21491e-10
-9.97558e-08
-7.04392e-06
-0.000271139
-0.00731631
-0.152169
-1.84654
-4.48791
0.0689812
-0.0205212
1.92416e-15
4.75079e-13
2.90966e-11
1.23754e-09
3.36444e-08
7.87804e-07
8.64438e-06
9.31754e-06
0.000263044
5.81841e-06
7.1183e-13
1.41677e-10
7.60107e-09
2.45854e-07
5.04583e-06
9.76449e-05
0.00059853
0.00504004
0.0227117
0.00109246
3.79614e-12
7.30603e-10
3.79933e-08
1.18811e-06
2.40617e-05
0.000439721
0.00301349
0.0224554
0.0706016
0.00359909
1.00941e-11
2.1119e-09
1.15926e-07
3.73301e-06
7.79103e-05
0.00145747
0.0104048
0.0800804
0.161223
0.00801577
2.97502e-11
6.30338e-09
3.53011e-07
1.17773e-05
0.000259288
0.00508065
0.0406597
0.282879
0.363617
0.0175822
8.00777e-11
1.96989e-08
1.20951e-06
4.22211e-05
0.000965319
0.0190025
0.170585
0.989918
0.825224
0.0378094
2.73856e-10
6.55594e-08
4.00069e-06
0.000141632
0.00337314
0.0675686
0.676566
2.91883
1.57146
0.0749215
6.77456e-10
2.13611e-07
1.46799e-05
0.000527975
0.0125063
0.23355
2.35331
6.80524
2.48137
0.108592
1.88759e-09
5.636e-07
3.64593e-05
0.00122618
0.0279818
0.489072
4.62755
8.20049
2.43085
0.0991805
-1.69375e-11
-1.3548e-08
-1.04922e-06
-4.13288e-05
-0.0010673
-0.0232673
-0.278242
-0.664392
0.0423386
0.000799221
7.65686e-17
2.06477e-14
1.24142e-12
5.33573e-11
1.5028e-09
3.53321e-08
4.16336e-07
3.58824e-07
1.7569e-05
3.6268e-07
3.27133e-14
7.0176e-12
3.92787e-10
1.34948e-08
2.89274e-07
6.05137e-06
3.92632e-05
0.000337741
0.00205805
8.73973e-05
1.97777e-13
4.11564e-11
2.2396e-09
7.43936e-08
1.57735e-06
3.11845e-05
0.000223044
0.00176439
0.00745048
0.000335373
5.73279e-13
1.32242e-10
7.6626e-09
2.62652e-07
5.7259e-06
0.000115813
0.000846444
0.00711839
0.0197218
0.000859521
1.91271e-12
4.45837e-10
2.62365e-08
9.27615e-07
2.12272e-05
0.000450155
0.00365109
0.0286159
0.051427
0.00220523
5.6035e-12
1.57136e-09
1.0291e-07
3.82817e-06
9.11063e-05
0.00194588
0.017675
0.12162
0.139048
0.00562512
2.20767e-11
6.02568e-09
3.91249e-07
1.46991e-05
0.000363276
0.00790416
0.0824771
0.437128
0.314324
0.0134069
5.64724e-11
2.23844e-08
1.69487e-06
6.54804e-05
0.00162521
0.0330481
0.363912
1.34874
0.642416
0.024411
1.73039e-10
6.75984e-08
4.89336e-06
0.000176755
0.00422228
0.080649
0.88112
2.10594
0.831753
0.0292113
-4.16751e-13
-1.59372e-09
-1.37764e-07
-5.57892e-06
-0.000139978
-0.0031217
-0.0370218
-0.0918656
0.0124192
0.00016415
2.78746e-18
8.52267e-16
5.00402e-14
2.14016e-12
6.17903e-11
1.451e-09
1.8382e-08
1.78767e-08
1.06977e-06
2.23928e-08
1.41026e-15
3.25204e-13
1.89152e-11
6.90167e-10
1.55106e-08
3.48806e-07
2.43973e-06
2.17519e-05
0.000171087
6.45218e-06
9.62295e-15
2.1654e-12
1.22917e-10
4.33238e-09
9.64101e-08
2.0502e-06
1.55686e-05
0.00013147
0.000720227
2.87231e-05
3.04347e-14
7.72579e-12
4.70625e-10
1.71648e-08
3.92138e-07
8.53699e-06
6.5279e-05
0.000594827
0.00221125
8.43469e-05
1.14045e-13
2.9366e-11
1.8116e-09
6.77755e-08
1.61491e-06
3.67878e-05
0.00030739
0.00268734
0.00666196
0.000252693
3.62483e-13
1.16355e-10
8.09706e-09
3.20777e-07
7.96145e-06
0.000183646
0.00169653
0.0136172
0.0215261
0.000765209
1.62369e-12
5.11919e-10
3.53165e-08
1.40488e-06
3.6004e-05
0.00084486
0.00907019
0.0583488
0.0576484
0.00218562
4.10726e-12
2.14752e-09
1.793e-07
7.43704e-06
0.000193416
0.00426539
0.0500993
0.233701
0.150755
0.00500729
1.31945e-11
7.40138e-09
6.03834e-07
2.3445e-05
0.000586349
0.0121998
0.148661
0.470973
0.251467
0.00792045
1.18038e-13
-1.65535e-10
-1.63314e-08
-6.88085e-07
-1.7321e-05
-0.000396649
-0.00481271
-0.0136285
0.00258035
-2.51466e-05
9.30871e-20
3.40054e-17
1.95601e-15
8.18927e-14
2.37926e-12
5.51235e-11
7.5072e-10
1.05696e-09
6.00299e-08
1.40506e-09
5.73829e-17
1.4206e-14
8.56873e-13
3.32378e-11
7.87673e-10
1.89546e-08
1.44582e-07
1.36089e-06
1.31594e-05
4.48396e-07
4.38795e-16
1.07176e-13
6.34272e-12
2.37329e-10
5.56762e-09
1.267e-07
1.03404e-06
9.39685e-06
6.42827e-05
2.29834e-06
1.52135e-15
4.24737e-13
2.71344e-11
1.05407e-09
2.5366e-08
5.92178e-07
4.82416e-06
4.74282e-05
0.000228687
7.67963e-06
6.3292e-15
1.81641e-12
1.1753e-10
4.65494e-09
1.16034e-07
2.82183e-06
2.47172e-05
0.000239017
0.000795111
2.67289e-05
2.18778e-14
8.08501e-12
5.96557e-10
2.51971e-08
6.55326e-07
1.62669e-05
0.000154806
0.0014279
0.00307273
9.57947e-05
1.09122e-13
4.0599e-11
2.98434e-09
1.25731e-07
3.35209e-06
8.44376e-05
0.000930138
0.00717527
0.00974861
0.000325733
2.53012e-13
1.90409e-10
1.76434e-08
7.87431e-07
2.15406e-05
0.000514666
0.00636166
0.0367461
0.0324018
0.000939786
7.19189e-13
7.36512e-10
6.91499e-08
2.90313e-06
7.63912e-05
0.00172962
0.0228444
0.0938731
0.067655
0.00195901
2.70908e-14
-1.54435e-11
-1.80567e-09
-8.00479e-08
-2.0753e-06
-4.93301e-05
-0.000633686
-0.00223316
0.000338072
-1.39455e-05
2.83694e-21
1.28551e-18
7.24996e-17
2.9296e-15
8.38324e-14
1.89882e-12
2.79446e-11
6.04702e-11
3.19473e-09
8.93126e-11
2.20495e-18
5.86645e-16
3.66956e-14
1.5173e-12
3.81901e-11
9.8015e-10
8.20906e-09
8.30085e-08
9.413e-07
2.99553e-08
1.87636e-17
5.00634e-15
3.09301e-13
1.23126e-11
3.0635e-10
7.43261e-09
6.57169e-08
6.47442e-07
5.32716e-06
1.74785e-07
7.16599e-17
2.20395e-14
1.4757e-12
6.12418e-11
1.56315e-09
3.90056e-08
3.43038e-07
3.63294e-06
2.18824e-05
6.58242e-07
3.26641e-16
1.05779e-13
7.19474e-12
3.02479e-10
7.94553e-09
2.0549e-07
1.91415e-06
2.02915e-05
8.77499e-05
2.63667e-06
1.22991e-15
5.28488e-13
4.13234e-11
1.86844e-09
5.13221e-08
1.3659e-06
1.35889e-05
0.000141765
0.000404067
1.11168e-05
6.66703e-15
3.01503e-12
2.3674e-10
1.0597e-08
2.96219e-07
7.99684e-06
9.06143e-05
0.000823589
0.00151892
4.45344e-05
1.19871e-14
1.57097e-11
1.62225e-09
7.82946e-08
2.27164e-06
5.88591e-05
0.000760767
0.00534659
0.00637835
0.000161794
1.16174e-14
6.80833e-11
7.43142e-09
3.38485e-07
9.4405e-06
0.000233653
0.00328512
0.0171433
0.0164931
0.000445575
3.6502e-15
-1.2694e-12
-1.82027e-10
-8.65406e-09
-2.38697e-07
-5.99624e-06
-8.19722e-05
-0.000364026
2.25444e-05
-2.10851e-06
7.87872e-23
4.70799e-20
2.61326e-18
9.98439e-17
2.73129e-15
6.21269e-14
9.79124e-13
3.29859e-12
1.78602e-10
5.72356e-12
7.97794e-20
2.29262e-17
1.48985e-15
6.59828e-14
1.77872e-12
4.85855e-11
4.48807e-10
4.94603e-09
6.28371e-08
1.96485e-09
7.49507e-19
2.20955e-16
1.43061e-14
6.08437e-13
1.61654e-11
4.17708e-10
4.02385e-09
4.31865e-08
4.12444e-07
1.28505e-08
3.17279e-18
1.08122e-15
7.59898e-14
3.38573e-12
9.23913e-11
2.45782e-09
2.35562e-08
2.6913e-07
1.94599e-06
5.40864e-08
1.55527e-17
5.80735e-15
4.17884e-13
1.87365e-11
5.22417e-10
1.4355e-08
1.44065e-07
1.66098e-06
9.01855e-06
2.45103e-07
6.39164e-17
3.25637e-14
2.70875e-12
1.31828e-10
3.85528e-09
1.09645e-07
1.15834e-06
1.34863e-05
4.92055e-05
1.21187e-06
3.57365e-16
2.09132e-13
1.78077e-11
8.51487e-10
2.51066e-08
7.25283e-07
8.54952e-06
8.99252e-05
0.000219515
5.59664e-06
1.94603e-16
1.18717e-12
1.4043e-10
7.39719e-09
2.29253e-07
6.43552e-06
8.7017e-05
0.00073013
0.00115147
2.56775e-05
-4.50221e-15
5.50438e-12
7.43819e-10
3.74365e-08
1.11876e-06
3.02335e-05
0.00044535
0.00286127
0.00359682
9.18212e-05
4.02111e-16
-8.91929e-14
-1.75924e-11
-9.07452e-10
-2.68114e-08
-7.21114e-07
-1.06296e-05
-6.05284e-05
-1.40581e-05
1.60315e-07
2.0231e-24
1.66762e-21
9.01492e-20
3.18638e-18
8.63443e-17
2.16641e-15
3.4344e-14
1.97594e-13
1.03843e-11
3.59282e-13
2.68326e-21
8.43428e-19
5.71368e-17
2.7367e-15
7.98655e-14
2.31959e-12
2.37082e-11
2.87231e-10
3.92525e-09
1.28272e-10
2.7599e-20
9.17203e-18
6.25671e-16
2.86584e-14
8.2076e-13
2.26374e-11
2.38502e-10
2.79396e-09
2.98912e-08
9.27066e-10
1.30036e-19
4.98393e-17
3.68443e-15
1.78086e-13
5.25536e-12
1.49002e-10
1.56357e-09
1.92523e-08
1.61157e-07
4.32806e-09
6.69343e-19
2.98749e-16
2.28554e-14
1.10269e-12
3.30107e-11
9.66281e-10
1.05335e-08
1.30948e-07
8.61152e-07
2.1747e-08
2.98894e-18
1.87602e-15
1.65991e-13
8.80473e-12
2.78281e-10
8.46309e-09
9.58041e-08
1.22139e-06
5.53986e-06
1.25697e-07
1.60165e-17
1.35375e-14
1.2491e-12
6.44226e-11
2.03318e-09
6.29902e-08
7.78742e-07
9.24717e-06
2.91235e-05
6.52337e-07
-3.90936e-17
8.29532e-14
1.12632e-11
6.55394e-10
2.21185e-08
6.77638e-07
9.58242e-06
9.34429e-05
0.00019065
3.82869e-06
-7.885e-16
4.08811e-13
6.98891e-11
3.90569e-09
1.26975e-07
3.78583e-06
5.83958e-05
0.000451403
0.000723969
1.76376e-05
3.59184e-17
-4.72934e-15
-1.48066e-12
-8.66402e-11
-2.88704e-09
-8.5199e-08
-1.31311e-06
-8.68064e-06
-4.27962e-06
1.66631e-07
5.73589e-26
5.93163e-23
3.29261e-21
1.12094e-19
2.98067e-18
8.68132e-17
1.37954e-15
1.80777e-14
6.40001e-13
2.19042e-14
8.19789e-23
2.90249e-20
2.06553e-18
1.08578e-16
3.47521e-15
1.07744e-13
1.22306e-12
1.62878e-11
2.30585e-10
8.33042e-12
9.17762e-22
3.55149e-19
2.58373e-17
1.2943e-15
4.0429e-14
1.1937e-12
1.38235e-11
1.76941e-10
2.03934e-09
6.60106e-11
4.73643e-21
2.1342e-18
1.68214e-16
8.9629e-15
2.89561e-13
8.78886e-12
1.01538e-10
1.34546e-09
1.25259e-08
3.39764e-10
2.46767e-20
1.42149e-17
1.18325e-15
6.25608e-14
2.03156e-12
6.34142e-11
7.59289e-10
1.01919e-08
7.76597e-08
1.85811e-09
1.11406e-19
9.89503e-17
9.58799e-15
5.65257e-13
1.95118e-11
6.37071e-10
7.84591e-09
1.08402e-07
5.86296e-07
1.24652e-08
4.02549e-19
7.84023e-16
8.31761e-14
4.7342e-12
1.60775e-10
5.32592e-09
7.05457e-08
9.39442e-07
3.66408e-06
7.04555e-08
-7.02013e-18
4.78695e-15
8.40278e-13
5.60675e-11
2.07695e-09
6.95425e-08
1.0391e-06
1.15155e-05
2.93144e-05
5.33012e-07
-9.19868e-17
2.12443e-14
5.92948e-12
3.89201e-10
1.397e-08
4.59163e-07
7.3474e-06
6.55417e-05
0.000129448
3.06062e-06
2.62226e-18
-5.3555e-17
-1.22676e-13
-8.33462e-12
-3.11819e-10
-1.02014e-08
-1.69307e-07
-1.38744e-06
-1.53292e-06
5.13153e-08
1.65701e-27
1.9501e-24
1.06579e-22
3.71514e-21
1.21023e-19
4.22417e-18
6.39227e-17
1.1919e-15
3.73828e-14
1.45565e-15
2.1682e-24
9.19902e-22
6.88769e-20
4.08315e-18
1.46421e-16
4.89873e-15
6.20196e-14
9.02103e-13
1.27765e-11
5.30707e-13
2.64981e-23
1.27488e-20
9.90256e-19
5.53832e-17
1.92967e-15
6.17131e-14
7.90137e-13
1.09443e-11
1.31273e-10
4.6439e-12
1.44637e-22
8.4222e-20
7.06182e-18
4.25222e-16
1.54137e-14
5.06563e-13
6.47197e-12
9.14606e-11
9.14078e-10
2.61585e-11
7.26336e-22
6.26218e-19
5.62525e-17
3.32179e-15
1.20211e-13
4.05873e-12
5.35971e-11
7.61417e-10
6.51514e-09
1.55892e-10
2.49542e-21
4.7751e-18
5.01082e-16
3.37034e-14
1.31362e-12
4.67082e-11
6.30505e-10
9.18624e-09
5.75076e-08
1.19027e-09
-1.11588e-20
4.19573e-17
5.01153e-15
3.19526e-13
1.209e-11
4.33881e-10
6.18894e-09
8.8291e-08
4.18711e-07
7.31543e-09
-7.07554e-19
2.35761e-16
5.61391e-14
4.37661e-12
1.86337e-10
6.93728e-09
1.10432e-07
1.33915e-06
4.13952e-06
7.09743e-08
-7.89231e-18
6.30576e-16
4.60189e-13
3.56644e-11
1.4787e-09
5.43834e-08
9.12583e-07
9.1827e-06
2.17568e-05
4.9554e-07
1.31096e-19
2.32892e-17
-7.79495e-15
-6.97867e-13
-3.21749e-11
-1.19781e-09
-2.05461e-08
-1.76082e-07
-2.53133e-07
1.04475e-08
2.56801e-29
6.33886e-26
4.15777e-24
1.95169e-22
6.51935e-21
2.52006e-19
5.26075e-18
1.19781e-16
2.42049e-15
1.08983e-16
4.3305e-26
2.57608e-23
2.07531e-21
1.47604e-19
6.12415e-18
2.24857e-16
3.18866e-15
4.96205e-14
6.678e-13
3.22014e-14
5.36256e-25
3.93536e-22
3.40383e-20
2.28457e-18
9.14051e-17
3.20823e-15
4.55855e-14
6.74431e-13
7.94351e-12
3.14199e-13
2.62449e-24
2.81917e-21
2.63506e-19
1.94542e-17
8.14922e-16
2.94556e-14
4.17425e-13
6.22801e-12
6.30068e-11
1.92012e-12
5.49896e-24
2.27791e-20
2.38345e-18
1.72376e-16
7.11229e-15
2.63932e-13
3.88523e-12
5.90564e-11
5.27848e-10
1.25478e-11
-1.06971e-22
1.83419e-19
2.27108e-17
1.95592e-15
8.82267e-14
3.47978e-12
5.19241e-11
7.97308e-10
5.41224e-09
1.05724e-10
-2.88864e-21
1.61927e-18
2.62174e-16
2.12581e-14
9.09227e-13
3.60728e-11
5.66688e-10
8.85983e-09
4.73775e-08
7.05979e-10
-4.98803e-20
3.82022e-18
2.94388e-15
3.28966e-13
1.64632e-11
7.01176e-10
1.19437e-08
1.54788e-07
5.46732e-07
8.61002e-09
-4.10198e-19
-6.94486e-17
2.64922e-14
3.07879e-12
1.50222e-10
6.38065e-09
1.11854e-07
1.19442e-06
3.18839e-06
7.05617e-08
-2.0417e-21
3.97376e-18
-4.01042e-16
-5.7227e-14
-3.41743e-12
-1.49936e-10
-2.69623e-09
-2.66274e-08
-5.50033e-08
1.58185e-09
-1.00767e-30
1.56979e-27
9.89876e-26
5.58851e-24
2.66883e-22
1.21185e-20
2.62884e-19
6.34354e-18
1.21601e-16
8.32448e-18
3.17067e-28
6.66598e-25
5.46385e-23
4.83036e-21
2.51448e-19
1.04711e-17
1.68963e-16
2.75228e-15
3.41114e-14
1.86937e-15
1.61672e-27
1.12976e-23
1.06352e-21
8.60883e-20
4.26698e-18
1.69087e-16
2.72174e-15
4.21102e-14
4.69963e-13
2.03498e-14
-3.47719e-26
8.81926e-23
8.84061e-21
7.99324e-19
4.2307e-17
1.72955e-15
2.77422e-14
4.24988e-13
4.20056e-12
1.35627e-13
-9.4594e-25
7.55421e-22
9.21453e-20
8.03928e-18
4.14523e-16
1.72954e-14
2.8968e-13
4.48104e-12
4.04899e-11
9.78178e-13
-1.54791e-23
6.35004e-21
9.32653e-19
9.99389e-17
5.83237e-15
2.60423e-13
4.41004e-12
6.77242e-11
4.80923e-10
8.91475e-12
-2.3213e-22
4.90215e-20
1.29152e-17
1.27346e-15
6.84326e-14
3.03269e-12
5.4698e-11
8.47584e-10
4.91381e-09
6.59127e-11
-1.99645e-21
-3.67076e-19
1.42825e-16
2.13549e-14
1.44887e-12
7.09919e-11
1.32994e-09
1.73844e-08
6.73627e-08
9.69198e-10
2.14937e-21
-1.17735e-17
1.36623e-15
2.26428e-13
1.50025e-11
7.34656e-10
1.36326e-08
1.51996e-07
4.47117e-07
8.9099e-09
-1.10467e-21
3.1416e-19
-7.70633e-18
-3.62204e-15
-3.55961e-13
-1.93093e-11
-3.64487e-10
-3.33545e-09
-7.06882e-09
1.88243e-10
-1.68026e-31
4.84622e-29
1.60233e-27
3.64865e-25
3.05052e-23
1.92772e-21
4.501e-20
8.25942e-19
8.55018e-18
5.45005e-19
-3.09074e-29
1.41256e-26
6.42474e-25
1.44978e-22
1.05825e-20
5.60235e-19
1.02136e-17
1.593e-16
1.54539e-15
9.40454e-17
-6.50361e-28
2.48682e-25
1.45035e-23
2.94783e-21
1.99816e-19
1.00884e-17
1.81186e-16
2.73655e-15
2.46047e-14
1.12933e-15
-7.93497e-27
2.33074e-24
1.02875e-22
2.9447e-20
2.17699e-18
1.14846e-16
2.06212e-15
3.11065e-14
2.55958e-13
8.17262e-15
-9.9419e-26
2.16663e-23
1.09032e-21
3.38149e-19
2.41205e-17
1.32545e-15
2.49215e-14
3.8869e-13
2.96498e-12
6.37942e-14
-1.37027e-24
2.45831e-22
4.2695e-21
4.40863e-18
3.73198e-16
2.23848e-14
4.25122e-13
6.47547e-12
4.06822e-11
5.9378e-13
-1.47401e-23
1.74269e-21
5.81437e-20
6.60599e-17
5.09586e-15
3.10612e-13
6.25304e-12
9.67157e-11
5.05899e-10
4.66452e-12
-4.01717e-23
-6.07931e-21
-2.42159e-18
1.05689e-15
1.15902e-13
7.9337e-12
1.59835e-10
2.0077e-09
7.41923e-09
7.94859e-11
2.21099e-21
-4.77073e-19
-3.12042e-17
1.25828e-14
1.31383e-12
8.61187e-11
1.67824e-09
1.78637e-08
5.09678e-08
8.16596e-10
-1.13803e-22
1.33508e-20
6.15489e-19
-9.9834e-17
-3.52663e-14
-2.74657e-12
-5.30374e-11
-4.87583e-10
-1.07046e-09
1.98353e-11
-9.3143e-33
7.47714e-31
1.32906e-28
-1.14604e-27
2.56507e-24
2.13846e-22
4.93529e-21
7.79645e-20
6.67609e-19
3.65718e-20
-2.33879e-30
3.64027e-28
2.08235e-26
2.60235e-24
5.33774e-22
3.4279e-20
7.20191e-19
1.07482e-17
9.38429e-17
4.39488e-18
-4.26111e-29
6.14615e-27
5.30099e-25
6.55881e-23
1.12742e-20
6.93823e-19
1.43595e-17
2.01099e-16
1.59596e-15
5.4088e-17
-5.07982e-28
6.88095e-26
4.14921e-24
6.19573e-22
1.35796e-19
8.93706e-18
1.86692e-16
2.55304e-15
1.86176e-14
4.02507e-16
-5.5445e-27
6.46457e-25
4.83498e-23
7.71148e-21
1.73933e-18
1.25156e-16
2.75298e-15
3.7195e-14
2.46627e-13
3.04762e-15
-7.55395e-26
9.18118e-24
2.3372e-22
7.47561e-20
2.93896e-17
2.39158e-15
5.29235e-14
6.87095e-13
3.77183e-12
2.35091e-14
-4.65493e-25
4.23537e-23
2.30368e-21
1.27436e-18
4.76809e-16
4.22175e-14
9.63841e-13
1.20319e-11
5.35932e-11
1.1309e-13
7.28353e-24
-5.65746e-22
-1.52364e-19
4.47103e-18
1.03812e-14
1.00065e-12
2.19315e-11
2.4656e-10
8.44965e-10
2.75087e-12
2.68896e-22
-2.24769e-20
-2.9134e-18
2.08439e-16
1.14869e-13
1.02551e-11
2.12113e-10
2.1642e-09
6.15327e-09
4.61401e-11
-4.62685e-23
5.74077e-21
-3.23368e-19
2.55038e-17
-3.18296e-15
-4.26194e-13
-8.34726e-12
-6.20439e-11
-8.2855e-11
2.35612e-12
-1.80874e-34
-1.37237e-31
2.10451e-29
-7.46537e-28
2.48682e-25
3.58636e-23
8.54302e-22
1.22306e-20
4.79972e-20
3.30581e-21
-5.99199e-32
2.72129e-30
9.03401e-28
6.63021e-26
3.58851e-23
3.32089e-21
7.33244e-20
1.12474e-18
6.39964e-18
2.88065e-19
-1.07599e-30
8.47428e-29
1.13879e-26
2.68762e-24
8.1823e-22
6.93269e-20
1.49585e-18
2.15708e-17
1.2206e-16
3.87735e-18
-1.55493e-29
5.70319e-28
1.63675e-25
2.50707e-23
1.04967e-20
9.70015e-19
2.13661e-17
3.05702e-16
1.63305e-15
3.70241e-17
-2.44375e-28
-6.2138e-27
2.38931e-24
3.82187e-22
1.47218e-19
1.55411e-17
3.60331e-16
5.06122e-15
2.46346e-14
4.13607e-16
-4.35703e-27
-1.84218e-25
3.97135e-23
3.25622e-21
2.58664e-18
3.16768e-16
7.39607e-15
9.76382e-14
4.04932e-13
5.44874e-15
-7.2287e-26
-7.18225e-24
4.6708e-22
8.11918e-20
4.649e-17
6.20192e-15
1.46603e-13
1.80799e-12
6.25412e-12
7.47542e-14
-1.08924e-24
-1.68612e-22
1.52974e-22
-1.98995e-19
9.48521e-16
1.31266e-13
2.97388e-12
3.3327e-11
9.60502e-11
1.32874e-12
-3.52177e-24
-1.81581e-21
-2.17748e-19
1.76497e-17
1.03529e-14
1.237e-12
2.65421e-11
2.78163e-10
6.99263e-10
1.32244e-11
-5.13579e-24
8.99455e-22
-6.09484e-20
3.4565e-18
-1.72785e-16
-5.82153e-14
-1.16335e-12
-7.67434e-12
-8.61078e-12
3.47491e-13
-7.47599e-36
-6.08576e-33
2.41071e-30
-1.65221e-28
2.09883e-26
6.58114e-24
1.62607e-22
1.92317e-21
8.36538e-21
6.08838e-22
5.07297e-34
1.4847e-30
1.69571e-28
4.47592e-28
3.66957e-24
5.36605e-22
1.24387e-20
1.91315e-19
1.04873e-18
4.30305e-20
3.53189e-32
3.50593e-29
3.35911e-27
2.04007e-25
9.08863e-23
1.12976e-20
2.55827e-19
3.87637e-18
2.12373e-17
5.97379e-19
2.02537e-31
4.0991e-28
4.36596e-26
1.42787e-24
1.14857e-21
1.61483e-19
3.76884e-18
5.80097e-17
2.99952e-16
6.49765e-18
-2.25789e-30
4.83766e-27
6.78605e-25
2.5428e-23
1.56527e-20
2.69317e-18
6.64184e-17
1.01439e-15
4.78036e-15
8.46396e-17
-1.93292e-28
4.86147e-26
9.0155e-24
-9.97027e-24
2.58534e-19
5.52371e-17
1.37369e-15
1.98454e-14
8.04161e-14
1.26031e-15
-7.16404e-27
-4.41107e-26
1.23193e-22
3.68102e-21
4.69741e-18
1.09526e-15
2.73313e-14
3.68893e-13
1.26529e-12
1.87382e-14
-2.99529e-25
-3.26935e-23
-5.88192e-22
-1.70241e-19
9.20562e-17
2.16951e-14
5.17783e-13
6.38475e-12
1.88873e-11
3.22529e-13
-2.94179e-24
-3.76873e-22
-1.33734e-20
1.45077e-18
1.06976e-15
1.91254e-13
4.3184e-12
4.96937e-11
1.31674e-10
3.04039e-12
-6.61253e-25
1.12148e-22
-7.35223e-21
3.88193e-19
8.30565e-18
-8.39671e-15
-1.76827e-13
-1.30139e-12
-8.28572e-13
8.47608e-14
-2.35683e-35
-7.80912e-33
5.25963e-31
-1.6932e-29
-2.72431e-27
1.06221e-24
2.80102e-23
3.19419e-22
1.32418e-21
8.52483e-23
-2.01939e-33
-4.09128e-31
3.80925e-29
-6.57164e-28
8.00055e-26
8.51274e-23
2.0862e-21
3.20012e-20
1.42251e-19
6.10152e-21
-3.09851e-32
-5.73959e-30
5.88009e-28
7.36065e-27
4.25924e-24
1.81839e-21
4.32594e-20
6.7376e-19
2.89286e-18
8.76762e-20
-5.5559e-31
-1.02512e-28
9.74274e-27
-6.33574e-26
3.88047e-23
2.618e-20
6.43523e-19
1.03794e-17
4.21477e-17
1.02844e-18
-9.82513e-30
-1.66385e-27
1.48441e-25
1.53993e-26
1.02119e-22
4.42941e-19
1.15292e-17
1.86994e-16
6.94575e-16
1.42764e-17
-2.0575e-28
-3.23309e-26
2.80802e-24
-6.72178e-23
-6.52551e-21
9.04041e-18
2.37829e-16
3.65897e-15
1.18471e-14
2.1921e-16
-3.58648e-27
-5.11667e-25
4.03404e-23
-9.36769e-22
-1.48352e-19
1.79142e-16
4.7167e-15
6.76207e-14
1.87734e-13
3.22222e-15
-8.65906e-26
-1.02879e-23
5.51587e-22
-5.17698e-20
-2.35912e-18
3.47005e-15
8.76917e-14
1.14281e-12
2.83972e-12
5.52224e-14
-6.79294e-25
-6.63403e-23
7.36929e-22
-2.02739e-20
2.90475e-17
2.93965e-14
7.03186e-13
8.52186e-12
1.99157e-11
5.1936e-13
-7.77452e-26
2.40505e-23
-7.13665e-22
-1.23134e-20
7.77191e-18
-1.15617e-15
-2.54376e-14
-1.48621e-13
3.81831e-14
1.43765e-14
-3.04033e-36
-6.49633e-34
9.02315e-32
9.54169e-31
-1.41736e-27
1.56189e-25
4.82562e-24
6.11369e-23
2.41362e-22
1.32432e-23
-2.55231e-34
-1.12647e-32
6.54907e-30
-3.22072e-29
-6.86993e-26
1.28332e-23
3.42786e-22
5.67525e-21
2.56907e-20
9.96994e-22
-3.51974e-33
4.26034e-32
1.17337e-28
1.27343e-27
-1.02884e-24
2.78854e-22
7.0814e-21
1.20353e-19
5.23879e-19
1.47057e-20
-6.92383e-32
-1.8041e-30
1.70044e-27
-8.02194e-27
-1.83228e-23
3.9946e-21
1.04465e-19
1.86395e-18
7.70248e-18
1.8044e-19
-1.24962e-30
-3.65561e-29
2.66368e-26
1.11727e-26
-4.02296e-22
6.74144e-20
1.87205e-18
3.41231e-17
1.28591e-16
2.61573e-18
-2.91767e-29
-1.49035e-27
4.08527e-25
-1.1549e-23
-9.35594e-21
1.36185e-18
3.83293e-17
6.69503e-16
2.20404e-15
4.14456e-17
-5.31694e-28
-3.53544e-26
4.94724e-24
-2.5248e-22
-1.80421e-19
2.68041e-17
7.54466e-16
1.22746e-14
3.45429e-14
6.04964e-16
-1.58226e-26
-1.35941e-24
2.35173e-23
-9.98773e-21
-3.37378e-18
5.24766e-16
1.42616e-14
2.10921e-13
5.41353e-13
1.04694e-14
-1.24516e-25
-9.37114e-24
1.53402e-22
-1.04431e-20
-1.81688e-17
4.35561e-15
1.12394e-13
1.54215e-12
3.86946e-12
9.99369e-14
-1.82277e-26
3.20258e-24
-7.9809e-23
-1.31218e-20
1.94423e-18
-1.53146e-16
-3.58651e-15
-2.04057e-14
2.12102e-14
2.5143e-15
-8.4143e-37
-1.18037e-34
2.05546e-33
1.44245e-30
-4.20695e-28
2.1768e-26
8.2668e-25
1.05707e-23
3.62917e-23
2.06693e-24
-7.70663e-35
-9.44719e-33
4.2175e-31
7.76699e-29
-2.81764e-26
1.90538e-24
5.64601e-23
1.04617e-21
3.97923e-21
1.6156e-22
-1.25735e-33
-1.56642e-31
7.84745e-30
1.54602e-27
-5.31524e-25
4.22184e-23
1.14413e-21
2.25406e-20
8.0675e-20
2.40103e-21
-2.31267e-32
-3.1845e-30
1.68902e-28
1.68735e-26
-8.10524e-24
5.97365e-22
1.64437e-20
3.48407e-19
1.18857e-18
2.99406e-20
-3.81967e-31
-5.02428e-29
2.60899e-27
2.9529e-25
-1.52291e-22
9.96302e-21
2.90011e-19
6.39521e-18
1.99212e-17
4.3732e-19
-8.19141e-30
-1.05299e-27
5.45924e-26
3.37892e-24
-3.22615e-21
1.98837e-19
5.88598e-18
1.24844e-16
3.42606e-16
6.94008e-18
-1.29507e-28
-1.62613e-26
7.97012e-25
3.42718e-23
-6.0839e-20
3.85784e-18
1.1465e-16
2.2374e-15
5.28168e-15
9.83444e-17
-3.26537e-27
-3.40663e-25
9.22185e-24
6.6488e-23
-1.20217e-18
7.79056e-17
2.27086e-15
3.97421e-14
8.67587e-14
1.74626e-15
-2.37531e-26
-1.74534e-24
-1.90009e-23
1.26807e-20
-7.81844e-18
6.43024e-16
1.79269e-14
2.89239e-13
6.49854e-13
1.74969e-14
-1.52872e-27
-5.02413e-25
5.55849e-23
-4.93934e-21
4.30679e-19
-2.06618e-17
-5.31958e-16
-2.49253e-15
6.14263e-15
4.548e-16
-1.52418e-37
-1.55057e-35
3.45214e-33
4.4127e-31
-9.62345e-29
2.47236e-27
1.34204e-25
1.93319e-24
7.57501e-24
4.02953e-25
-1.03543e-35
-3.71651e-35
2.77096e-31
2.1952e-29
-7.37183e-27
2.58884e-25
8.47833e-24
1.94338e-22
7.88138e-22
3.21256e-23
-1.45955e-34
5.15483e-33
5.1216e-30
3.86445e-28
-1.47614e-25
6.04701e-24
1.64738e-22
4.24076e-21
1.56036e-20
4.82504e-22
-3.35062e-33
-7.81104e-32
7.04831e-29
4.32538e-27
-2.16158e-24
8.5e-23
2.25218e-21
6.48463e-20
2.26468e-19
6.07051e-21
-5.48335e-32
-1.33442e-30
1.09167e-27
6.82002e-26
-3.89884e-23
1.40044e-21
3.81308e-20
1.19195e-18
3.76161e-18
8.93143e-20
-1.34886e-30
-6.45525e-29
1.63888e-26
7.50108e-25
-8.05579e-22
2.7758e-20
7.67421e-19
2.35154e-17
6.47932e-17
1.42695e-18
-2.17996e-29
-1.3292e-27
1.8407e-25
5.72804e-24
-1.48147e-20
5.25924e-19
1.50065e-17
4.14502e-16
9.74252e-16
1.971e-17
-6.50204e-28
-4.53068e-26
1.97962e-24
4.71444e-23
-3.08919e-19
1.09964e-17
3.20579e-16
7.73675e-15
1.70202e-14
3.60153e-16
-4.6776e-27
-2.18566e-25
2.52141e-23
3.1636e-21
-2.08035e-18
9.08855e-17
2.60425e-15
5.61264e-14
1.34614e-13
3.72847e-15
-1.41408e-28
-3.69089e-26
5.93786e-24
-1.15465e-21
8.4806e-20
-2.67311e-18
-8.18702e-17
-4.00746e-16
1.66658e-15
8.97785e-17
-4.41042e-38
-2.52686e-36
-9.36112e-36
1.15036e-31
-2.02634e-29
1.80392e-28
2.02367e-26
3.7761e-25
1.46077e-24
8.55062e-26
-3.007e-36
-1.06261e-34
3.69423e-35
8.05585e-30
-1.76386e-27
3.37942e-26
1.07347e-24
3.92728e-23
1.50175e-22
7.10813e-24
-5.5752e-35
-2.77957e-33
1.13404e-31
1.40419e-28
-3.69241e-26
8.88792e-25
1.84302e-23
8.58546e-22
2.88147e-21
1.08227e-22
-1.25218e-33
-8.61029e-32
3.71256e-30
1.63308e-27
-5.26688e-25
1.27546e-23
2.19466e-22
1.29078e-20
4.13246e-20
1.37633e-21
-2.02864e-32
-1.48242e-30
7.0286e-29
2.45197e-26
-9.25355e-24
2.13018e-22
3.19771e-21
2.34999e-19
6.78657e-19
2.03244e-20
-4.47287e-31
-3.40771e-29
1.54989e-27
3.27122e-25
-1.89941e-22
4.26966e-21
6.20766e-20
4.66796e-18
1.16329e-17
3.25748e-19
-6.52894e-30
-5.22856e-28
2.4149e-26
3.26509e-24
-3.38429e-21
7.75085e-20
1.32756e-18
8.04576e-17
1.69111e-16
4.35592e-18
-1.4374e-28
-8.65409e-27
8.2086e-26
8.77783e-23
-7.48778e-20
1.65044e-18
3.36186e-17
1.58653e-15
3.11979e-15
8.23882e-17
-1.13958e-27
-5.42551e-26
5.04248e-26
1.14922e-21
-5.1747e-19
1.35863e-17
2.99506e-16
1.16646e-14
2.65648e-14
8.90677e-16
-2.16503e-28
-6.03224e-26
3.70045e-24
-2.72251e-22
1.67888e-20
-3.30865e-19
-1.34058e-17
-4.61797e-17
4.3305e-16
2.24844e-17
-8.47853e-39
1.72375e-37
2.52777e-34
1.63328e-32
-3.98542e-30
-9.86772e-30
2.07163e-27
7.64914e-26
3.3413e-25
2.47623e-26
-5.69227e-37
6.27345e-35
1.47602e-32
8.81401e-31
-4.03523e-28
5.71544e-27
1.3979e-26
7.80838e-24
3.46583e-23
1.99602e-24
-2.83528e-35
3.96724e-34
1.77003e-31
8.8249e-30
-8.89385e-27
1.82987e-25
-9.54646e-25
1.72283e-22
6.49596e-22
3.08632e-23
-6.99836e-34
-1.16538e-32
1.37604e-30
3.54551e-29
-1.25709e-25
2.82297e-24
-2.61877e-23
2.54434e-21
9.17149e-21
3.96789e-22
-1.31876e-32
-3.22826e-31
7.42478e-30
-4.70692e-28
-2.18639e-24
5.09689e-23
-6.63835e-22
4.61071e-20
1.48909e-19
5.90651e-21
-3.77188e-31
-1.36815e-29
-6.14382e-28
-5.64934e-26
-4.53822e-23
1.07474e-21
-1.49096e-20
9.36087e-19
2.56048e-18
9.60237e-20
-6.43511e-30
-3.04792e-28
-2.17523e-26
-1.63511e-24
-7.77044e-22
1.80961e-20
-2.05219e-19
1.59901e-17
3.59665e-17
1.25829e-18
-1.82072e-28
-7.39528e-27
-5.39037e-25
-3.20558e-23
-1.81442e-20
3.85111e-19
-3.09649e-18
3.36329e-16
7.05071e-16
2.49316e-17
-1.48594e-27
-4.64198e-26
-2.55914e-24
-1.23782e-22
-1.2707e-19
2.96587e-18
-1.04877e-17
2.45512e-15
6.33801e-15
2.74102e-16
-3.48927e-29
-5.32757e-27
1.53289e-25
-4.99801e-23
3.236e-21
-3.25635e-20
-2.1736e-18
-1.01205e-17
1.08085e-16
6.84393e-18
5.39881e-38
5.62353e-37
8.41372e-35
-7.6584e-34
-8.73737e-31
2.56744e-30
-2.42264e-28
1.54038e-26
7.6536e-26
8.68684e-27
8.65249e-36
1.12715e-34
7.12768e-33
-1.29245e-31
-1.05522e-28
2.40533e-27
-6.25572e-26
1.62932e-24
8.19178e-24
7.43608e-25
2.45292e-34
3.37292e-33
1.09523e-31
-6.7893e-30
-2.46343e-27
7.22448e-26
-1.67719e-24
3.64785e-23
1.50624e-22
1.19634e-23
3.5903e-33
4.91368e-32
1.06421e-30
-1.25259e-28
-3.50286e-26
1.1322e-24
-2.69064e-23
5.30155e-22
2.11497e-21
1.57745e-22
6.26908e-32
8.73207e-31
1.18043e-29
-2.52942e-27
-6.11161e-25
2.12283e-23
-5.24779e-22
9.56047e-21
3.40648e-20
2.393e-21
1.46274e-30
2.03798e-29
3.35244e-29
-6.57808e-26
-1.29981e-23
4.63323e-22
-1.13425e-20
1.98794e-19
5.8652e-19
3.95448e-20
2.04827e-29
2.98697e-28
-5.19694e-27
-1.2985e-24
-2.11207e-22
7.41593e-21
-1.78783e-19
3.36489e-18
7.99513e-18
5.08468e-19
6.82127e-28
9.42425e-27
-3.89334e-26
-2.8142e-23
-5.1959e-21
1.65576e-19
-3.83019e-18
7.5778e-17
1.64457e-16
1.06119e-17
5.77528e-27
7.67101e-26
7.45841e-26
-1.86324e-22
-3.73208e-20
1.21542e-18
-2.53674e-17
5.4801e-16
1.56805e-15
1.16396e-16
6.5946e-29
4.21346e-28
-1.30159e-26
-7.91239e-24
6.35833e-22
-1.69803e-21
-3.41706e-19
-2.26754e-18
3.15271e-17
3.05766e-18
-3.46918e-37
-6.86431e-36
-2.44789e-34
-5.55046e-33
-2.89497e-31
1.1763e-29
-2.61611e-28
2.18848e-27
1.93892e-26
3.71518e-27
-4.43269e-35
-9.01962e-34
-2.77081e-32
-6.51157e-31
-3.74246e-29
1.75918e-27
-3.22329e-26
2.14272e-25
2.25241e-24
3.58519e-25
-1.25063e-33
-2.50597e-32
-7.34816e-31
-1.64981e-29
-8.88898e-28
4.57088e-26
-8.07863e-25
5.51622e-24
4.13256e-23
6.04098e-24
-1.87721e-32
-3.7276e-31
-1.08275e-29
-2.39787e-28
-1.25624e-26
6.79228e-25
-1.20068e-23
7.94105e-23
5.78353e-22
8.16397e-23
-3.33204e-31
-6.64554e-30
-1.92953e-28
-4.24811e-27
-2.19391e-25
1.25423e-23
-2.25641e-22
1.49939e-21
9.30134e-21
1.26605e-21
-7.916e-30
-1.57739e-28
-4.52677e-27
-9.7144e-26
-4.82576e-24
2.82538e-22
-5.06116e-21
3.45697e-20
1.62128e-19
2.15405e-20
-1.20205e-28
-2.45995e-27
-7.20311e-26
-1.54036e-24
-7.46154e-23
4.46193e-21
-8.25362e-20
6.23796e-19
2.17447e-18
2.76504e-19
-3.64333e-27
-7.18324e-26
-2.0057e-24
-4.13839e-23
-1.98979e-21
1.11751e-19
-2.00337e-18
1.52702e-17
4.71883e-17
6.12845e-18
-2.84347e-26
-5.4528e-25
-1.48893e-23
-2.98906e-22
-1.42443e-20
7.77118e-19
-1.31788e-17
9.7836e-17
4.58967e-16
6.5321e-17
-8.50092e-29
3.24851e-30
3.36231e-26
6.18092e-25
1.51561e-22
-1.71138e-21
5.6967e-21
-1.34084e-18
8.71127e-18
1.61553e-18
-8.87759e-38
1.10627e-36
-5.57578e-35
4.76858e-34
-8.64394e-32
2.80511e-30
-6.13786e-29
7.10748e-28
4.11446e-27
6.77204e-28
-2.81411e-35
2.99746e-34
-8.24557e-33
1.01963e-31
-1.10342e-29
3.69515e-28
-6.44667e-27
7.84388e-26
5.9238e-25
6.05783e-26
-6.70492e-34
6.14156e-33
-1.93947e-31
1.84215e-30
-2.56857e-28
9.30382e-27
-1.57634e-25
1.79004e-24
1.10123e-23
9.53489e-25
-9.31508e-33
7.93713e-32
-2.70038e-30
2.19244e-29
-3.58034e-27
1.3574e-25
-2.32641e-24
2.4874e-23
1.54765e-22
1.24585e-23
-1.55261e-31
1.26894e-30
-4.60419e-29
3.29815e-28
-6.18248e-26
2.46502e-24
-4.34175e-23
4.43754e-22
2.48699e-21
1.84523e-22
-3.65324e-30
2.93465e-29
-1.07744e-27
7.07567e-27
-1.38747e-24
5.6151e-23
-9.83613e-22
9.89486e-21
4.37099e-20
3.01664e-21
-4.93885e-29
3.81826e-28
-1.58109e-26
7.6286e-26
-2.06648e-23
8.64174e-22
-1.55259e-20
1.66976e-19
5.77295e-19
3.67413e-20
-1.80512e-27
1.45985e-26
-5.01888e-25
3.36464e-24
-5.93551e-22
2.30077e-20
-3.92331e-19
4.34766e-18
1.30945e-17
8.16762e-19
-1.50732e-26
1.19309e-25
-3.84968e-24
2.55251e-23
-4.31984e-21
1.64246e-19
-2.60512e-18
2.95457e-17
1.30286e-16
9.70281e-18
-6.80042e-30
-5.8559e-28
1.54291e-26
-4.68417e-25
3.41275e-23
-4.92651e-22
-2.84656e-21
-2.26114e-19
2.37901e-18
3.12036e-19
2.80339e-38
7.75521e-38
-1.37193e-35
4.73475e-34
-2.38626e-32
6.91026e-31
-1.46811e-29
1.98842e-28
5.73655e-28
1.01455e-28
-9.88768e-36
1.36671e-34
-2.97382e-33
7.63837e-32
-3.04909e-30
8.35986e-29
-1.2421e-27
2.49946e-26
1.54921e-25
1.02275e-26
-2.47619e-34
2.88639e-33
-6.35761e-32
1.52984e-30
-6.91799e-29
2.03344e-27
-3.04391e-26
5.39452e-25
3.00668e-24
1.48259e-25
-3.40374e-33
3.73675e-32
-8.42865e-31
1.96193e-29
-9.5042e-28
2.91549e-26
-4.53194e-25
7.3313e-24
4.27702e-23
1.83616e-24
-5.59512e-32
5.97466e-31
-1.3805e-29
3.14098e-28
-1.6183e-26
5.20866e-25
-8.53077e-24
1.26459e-22
6.90055e-22
2.47452e-23
-1.33505e-30
1.40495e-29
-3.23511e-28
7.10925e-27
-3.679e-25
1.19667e-23
-1.96267e-22
2.78855e-21
1.23076e-20
3.54648e-22
-1.78442e-29
1.84448e-28
-4.45708e-27
9.28012e-26
-5.30478e-24
1.79467e-22
-3.01375e-21
4.50314e-20
1.6209e-19
3.79958e-21
-7.07357e-28
7.32324e-27
-1.59336e-25
3.3885e-24
-1.63402e-22
5.08408e-21
-7.83176e-20
1.2421e-18
3.83107e-18
7.26987e-20
-6.1046e-27
6.21845e-26
-1.2655e-24
2.59742e-23
-1.21303e-21
3.73149e-20
-5.20234e-19
8.74788e-18
3.83121e-17
1.14904e-18
2.49944e-29
-2.12279e-28
4.51815e-27
-1.74675e-25
7.75833e-24
-1.27569e-22
-1.25208e-21
-4.36661e-20
5.67207e-19
6.15907e-20
1.99533e-38
-9.6168e-38
-2.59851e-36
1.75441e-34
-6.09933e-33
1.75944e-31
-3.50978e-30
5.66539e-29
-1.04159e-29
7.34605e-30
-2.08175e-36
3.3439e-35
-8.67731e-34
2.78191e-32
-7.89506e-31
1.95959e-29
-2.19994e-28
7.36286e-27
3.81286e-26
1.48463e-27
-5.95094e-35
7.1034e-34
-1.74176e-32
5.49493e-31
-1.73675e-29
4.58152e-28
-5.60224e-27
1.53006e-25
7.9275e-25
1.79106e-26
-8.21294e-34
8.98103e-33
-2.22837e-31
7.01548e-30
-2.3512e-28
6.45805e-27
-8.60766e-26
2.04105e-24
1.14734e-23
1.96252e-25
-1.34927e-32
1.41172e-31
-3.5421e-30
1.11412e-28
-3.94323e-27
1.13555e-25
-1.66445e-24
3.43651e-23
1.86344e-22
1.92139e-24
-3.30198e-31
3.36887e-30
-8.36607e-29
2.55645e-27
-9.05306e-26
2.62806e-24
-3.9111e-23
7.5955e-22
3.39499e-21
6.90907e-24
-4.65407e-30
4.46567e-29
-1.11965e-27
3.32171e-26
-1.26623e-24
3.83803e-23
-5.85436e-22
1.19432e-20
4.53641e-20
-1.85467e-22
-1.90174e-28
1.89674e-27
-4.38199e-26
1.26659e-24
-4.17541e-23
1.15748e-21
-1.54193e-20
3.47195e-19
1.10867e-18
-1.1744e-20
-1.65738e-27
1.69846e-26
-3.62753e-25
9.97485e-24
-3.17885e-22
8.75113e-21
-1.0197e-19
2.50184e-18
1.09835e-17
-1.06434e-20
1.53931e-29
-6.96988e-29
8.33352e-28
-3.98391e-26
1.63182e-24
-2.87325e-23
-3.67828e-22
-8.52158e-21
1.08502e-19
1.26013e-20
5.32506e-39
-3.73915e-38
-3.36408e-37
4.85134e-35
-1.41304e-33
4.42846e-32
-8.17975e-31
1.56599e-29
-3.5777e-29
-9.50411e-31
-3.38712e-37
6.83017e-36
-2.22417e-34
8.04813e-33
-1.93727e-31
4.72132e-30
-3.53848e-29
2.07626e-27
8.98197e-27
1.6755e-28
-1.13851e-35
1.4662e-34
-4.31198e-33
1.56191e-31
-4.14655e-30
1.06493e-28
-1.0008e-27
4.20486e-26
2.01141e-25
7.44266e-28
-1.57025e-34
1.80057e-33
-5.35664e-32
1.97214e-30
-5.53931e-29
1.4806e-27
-1.6411e-26
5.52337e-25
2.95754e-24
-1.09317e-27
-2.58291e-33
2.7818e-32
-8.30651e-31
3.09066e-29
-9.15407e-28
2.56801e-26
-3.32397e-25
9.12573e-24
4.83878e-23
-3.04793e-25
-6.48477e-32
6.73441e-31
-1.97943e-29
7.15351e-28
-2.11708e-26
5.97985e-25
-8.00535e-24
2.03117e-22
9.01432e-22
-1.34337e-23
-9.85583e-31
9.18608e-30
-2.62885e-28
9.18921e-27
-2.88544e-25
8.52466e-24
-1.17021e-22
3.15122e-21
1.23633e-20
-2.73437e-22
-4.07055e-29
4.1338e-28
-1.10585e-26
3.70018e-25
-1.01404e-23
2.72356e-22
-3.07434e-21
9.55712e-20
3.0897e-19
-9.04411e-21
-3.56957e-28
3.87884e-27
-9.44722e-26
2.98719e-24
-7.91787e-23
2.11625e-21
-2.01944e-20
6.98067e-19
3.01272e-18
-6.30871e-20
4.74133e-30
-1.99091e-29
1.28295e-28
-7.21181e-27
3.24559e-25
-6.0467e-24
-8.7843e-23
-1.48618e-21
1.57986e-20
2.78366e-21
1.01583e-39
-9.1546e-39
-3.246e-38
1.15285e-35
-3.01906e-34
1.08348e-32
-1.79992e-31
4.23187e-30
-1.4021e-29
-4.1333e-31
-5.11423e-38
1.40878e-36
-5.54242e-35
2.07554e-33
-4.48403e-32
1.12307e-30
-3.81722e-30
5.65473e-28
2.043e-27
7.54791e-30
-2.03593e-36
3.03426e-35
-1.05936e-33
3.97077e-32
-9.3383e-31
2.44931e-29
-1.52908e-28
1.12318e-26
4.92404e-26
-5.38633e-28
-2.77516e-35
3.58993e-34
-1.28467e-32
4.96373e-31
-1.23271e-29
3.3668e-28
-2.89406e-27
1.45742e-25
7.33066e-25
-1.00359e-26
-4.55057e-34
5.42937e-33
-1.94777e-31
7.67364e-30
-2.0085e-28
5.77174e-27
-6.37034e-26
2.36756e-24
1.20685e-23
-2.24957e-25
-1.17262e-32
1.33315e-31
-4.68058e-30
1.7881e-28
-4.6745e-27
1.35229e-25
-1.58338e-24
5.31275e-23
2.29974e-22
-6.28166e-24
-1.94056e-31
1.89671e-30
-6.23612e-29
2.27249e-27
-6.22427e-26
1.88486e-24
-2.25283e-23
8.20189e-22
3.25484e-21
-1.17223e-22
-8.05136e-30
8.97068e-29
-2.77883e-27
9.65702e-26
-2.32391e-24
6.35578e-23
-5.76187e-22
2.56808e-20
8.24049e-20
-3.55005e-21
-7.05958e-29
8.76632e-28
-2.42422e-26
8.00517e-25
-1.86775e-23
5.07753e-22
-3.75114e-21
1.90105e-19
7.92021e-19
-2.75919e-20
1.08318e-30
-4.8545e-30
1.54082e-29
-1.12025e-27
5.93234e-26
-1.1385e-24
-1.91038e-23
-1.54106e-22
1.52129e-21
6.67875e-22
1.62185e-40
-1.88006e-39
-1.87228e-39
2.46934e-36
-6.13809e-35
2.53585e-33
-3.65731e-32
1.05557e-30
-4.02453e-30
-7.85776e-32
-7.94737e-39
3.03135e-37
-1.35292e-35
4.98107e-34
-1.00122e-32
2.64192e-31
2.52426e-31
1.49153e-28
4.54902e-28
-2.83235e-30
-3.57252e-37
6.6221e-36
-2.61461e-34
9.4763e-33
-2.03376e-31
5.59505e-30
-1.5568e-29
2.93647e-27
1.17628e-26
-2.48123e-28
-4.74922e-36
7.5593e-35
-3.11885e-33
1.17528e-31
-2.65575e-30
7.6281e-29
-4.484e-28
3.77809e-26
1.76684e-25
-4.02909e-27
-7.72108e-35
1.11871e-33
-4.65221e-32
1.79642e-30
-4.2693e-29
1.29559e-27
-1.15843e-26
6.05278e-25
2.92716e-24
-7.84606e-26
-2.02896e-33
2.77598e-32
-1.12341e-30
4.20213e-29
-9.97333e-28
3.04864e-26
-3.00465e-25
1.36614e-23
5.69348e-23
-2.00249e-24
-3.62085e-32
4.13237e-31
-1.51392e-29
5.31218e-28
-1.30317e-26
4.16882e-25
-4.13087e-24
2.11511e-22
8.32955e-22
-3.73423e-23
-1.5124e-30
2.02444e-29
-7.02176e-28
2.36434e-26
-5.14196e-25
1.47318e-23
-9.82507e-23
6.75924e-21
2.11613e-20
-1.08617e-21
-1.3259e-29
2.01029e-28
-6.17189e-27
2.01067e-25
-4.26489e-24
1.21057e-22
-6.28768e-22
5.05808e-20
2.00338e-19
-8.58505e-21
2.04912e-31
-1.05949e-30
1.75102e-30
-1.53343e-28
9.27537e-27
-1.6479e-25
-4.05562e-24
1.22577e-23
-6.15358e-23
1.58194e-22
2.38713e-41
-3.55568e-40
-4.91473e-40
4.9928e-37
-1.18413e-35
5.57959e-34
-6.70672e-33
2.58681e-31
-1.00094e-30
-1.12996e-32
-1.25944e-39
6.52777e-38
-3.23925e-36
1.13697e-34
-2.14646e-33
5.99908e-32
3.79856e-31
3.81896e-29
9.93156e-29
-1.12946e-30
-6.31866e-38
1.44947e-36
-6.36809e-35
2.1598e-33
-4.26471e-32
1.23644e-30
2.08317e-30
7.46155e-28
2.74485e-27
-7.57513e-29
-8.11766e-37
1.59393e-35
-7.51152e-34
2.66478e-32
-5.52013e-31
1.67456e-29
-3.86542e-29
9.53473e-27
4.14815e-26
-1.18322e-27
-1.30165e-35
2.30327e-34
-1.10668e-32
4.03358e-31
-8.76235e-30
2.81958e-28
-1.73002e-27
1.50895e-25
6.90938e-25
-2.19039e-26
-3.48166e-34
5.75982e-33
-2.67828e-31
9.45245e-30
-2.05063e-28
6.65192e-27
-4.88248e-26
3.42025e-24
1.37044e-23
-5.45502e-25
-6.699e-33
8.98852e-32
-3.6547e-30
1.18919e-28
-2.63216e-27
8.9233e-26
-6.27055e-25
5.32955e-23
2.07161e-22
-1.04475e-23
-2.81887e-31
4.543e-30
-1.74845e-28
5.52294e-27
-1.09492e-25
3.3e-24
-1.16702e-23
1.72675e-21
5.25237e-21
-2.95707e-22
-2.44936e-30
4.57151e-29
-1.55068e-27
4.83448e-26
-9.41027e-25
2.79704e-23
-6.85246e-23
1.30891e-20
4.90842e-20
-2.29313e-21
3.60955e-32
-2.13598e-31
-1.30109e-31
-1.68374e-29
1.23147e-27
-1.46881e-26
-8.67415e-25
1.68548e-23
-7.75839e-23
3.70446e-23
3.12159e-42
-6.2489e-41
-1.88481e-40
9.52909e-38
-2.16931e-36
1.14656e-34
-1.09166e-33
6.04003e-32
-2.25522e-31
-1.4235e-33
-1.88554e-40
1.33161e-38
-7.34095e-37
2.49018e-35
-4.48243e-34
1.33115e-32
1.6563e-31
9.52636e-30
2.13431e-29
-2.66359e-31
-1.06371e-38
3.08135e-37
-1.48593e-35
4.76427e-34
-8.78341e-33
2.68338e-31
1.89298e-30
1.85446e-28
6.28703e-28
-1.853e-29
-1.31891e-37
3.27648e-36
-1.74078e-34
5.8633e-33
-1.12952e-31
3.61464e-30
7.32998e-30
2.35579e-27
9.5441e-27
-2.84516e-28
-2.0846e-36
4.63575e-35
-2.54866e-33
8.82331e-32
-1.77478e-30
6.03936e-29
-1.61764e-28
3.69396e-26
1.60028e-25
-5.14913e-27
-5.64725e-35
1.16475e-33
-6.16482e-32
2.06704e-30
-4.15281e-29
1.42545e-27
-6.0117e-27
8.38797e-25
3.23015e-24
-1.2784e-25
-1.1679e-33
1.91931e-32
-8.57303e-31
2.60767e-29
-5.27581e-28
1.88757e-26
-6.22789e-26
1.3224e-23
5.04994e-23
-2.5396e-24
-4.93093e-32
9.89802e-31
-4.17528e-29
1.24788e-27
-2.29118e-26
7.25107e-25
1.61549e-25
4.30647e-22
1.26865e-21
-7.01419e-23
-4.19452e-31
9.94028e-30
-3.72537e-28
1.1216e-26
-2.03887e-25
6.34767e-24
3.90639e-24
3.29895e-21
1.16641e-20
-5.23132e-22
5.68191e-33
-4.03722e-32
-1.3845e-31
2.37382e-31
1.06925e-28
1.79444e-27
-1.87792e-25
7.10441e-24
-2.57942e-23
7.73845e-24
3.88586e-43
-1.07332e-41
-6.88314e-41
1.82143e-38
-3.97805e-37
2.30637e-35
-1.41196e-34
1.41735e-32
-4.84861e-32
-1.42682e-34
-2.68919e-41
2.54781e-39
-1.58529e-37
5.2464e-36
-9.07348e-35
2.87439e-33
5.68229e-32
2.33259e-30
4.50784e-30
-5.18736e-32
-1.76284e-39
6.15937e-38
-3.29602e-36
1.00978e-34
-1.75349e-33
5.66181e-32
7.70204e-31
4.51294e-29
1.41481e-28
-4.18627e-30
-2.09803e-38
6.29896e-37
-3.83844e-35
1.24018e-33
-2.24103e-32
7.5839e-31
5.54e-30
5.69719e-28
2.15619e-27
-6.34301e-29
-3.25585e-37
8.69499e-36
-5.59414e-34
1.85708e-32
-3.48824e-31
1.25742e-29
1.9209e-29
8.85754e-27
3.63852e-26
-1.12863e-27
-8.93423e-36
2.1957e-34
-1.35128e-32
4.34156e-31
-8.14806e-30
2.96515e-28
-1.20519e-28
2.01358e-25
7.46844e-25
-2.81842e-26
-1.99256e-34
3.85371e-33
-1.91912e-31
5.49369e-30
-1.02586e-28
3.87767e-27
5.3055e-27
3.21603e-24
1.20618e-23
-5.83385e-25
-8.45846e-33
2.03334e-31
-9.47834e-30
2.70203e-28
-4.63645e-27
1.54443e-25
7.33379e-25
1.04973e-22
2.9947e-22
-1.57743e-23
-7.02642e-32
2.05862e-30
-8.57578e-29
2.50828e-27
-4.2944e-26
1.40257e-24
5.87594e-24
8.13826e-22
2.71084e-21
-1.12511e-22
8.79214e-34
-7.51263e-33
-5.7859e-32
1.0696e-30
-1.02831e-29
1.60099e-27
-4.03891e-26
2.41549e-24
-6.77918e-24
1.58331e-24
3.73898e-44
-1.51403e-42
-1.35135e-41
2.88475e-39
-6.22365e-38
3.8301e-36
-1.03163e-35
2.64637e-33
-8.39051e-33
-1.73263e-35
-3.01264e-42
3.97967e-40
-2.76941e-38
9.16352e-37
-1.54946e-35
5.20502e-34
1.39226e-32
4.68197e-31
7.94481e-31
-7.44119e-33
-2.39768e-40
1.03072e-38
-5.95164e-37
1.78245e-35
-2.97427e-34
1.00916e-32
2.02039e-31
9.04284e-30
2.64044e-29
-7.24305e-31
-2.7638e-39
1.02352e-37
-6.90314e-36
2.18771e-34
-3.78502e-33
1.34643e-31
1.67331e-30
1.13602e-28
4.03892e-28
-1.09124e-29
-4.22108e-38
1.38563e-36
-1.00545e-34
3.27042e-33
-5.85373e-32
2.22022e-30
1.24617e-29
1.75734e-27
6.86966e-27
-1.92223e-28
-1.1684e-36
3.5115e-35
-2.42195e-33
7.61491e-32
-1.36182e-30
5.21876e-29
1.72065e-28
3.99184e-26
1.42953e-25
-4.8301e-27
-2.78899e-35
6.57984e-34
-3.5344e-32
9.73606e-31
-1.71229e-29
6.78592e-28
4.11197e-27
6.47783e-25
2.37986e-24
-1.03722e-25
-1.1807e-33
3.49945e-32
-1.75017e-30
4.85596e-29
-7.94987e-28
2.77061e-26
2.52584e-25
2.10535e-23
5.81585e-23
-2.73739e-24
-9.38811e-33
3.4982e-31
-1.5986e-29
4.63297e-28
-7.62614e-27
2.6004e-25
1.93032e-24
1.64484e-22
5.16898e-22
-1.83965e-23
1.06227e-34
-1.16235e-33
-1.30359e-32
3.7439e-31
-7.03391e-30
5.01892e-28
-6.94755e-27
5.65062e-25
-1.30966e-24
2.41672e-25
)
;

boundaryField
{
    flowInlet
    {
        type            fixedValue;
        value           uniform 0;
    }
    flowOutlet
    {
        type            zeroGradient;
    }
    minorInlet
    {
        type            fixedValue;
        value           uniform 1000;
    }
    pipe
    {
        type            zeroGradient;
    }
    topSurf
    {
        type            zeroGradient;
    }
    bottomSurf
    {
        type            zeroGradient;
    }
    innerSurf
    {
        type            zeroGradient;
    }
    outerSurf
    {
        type            zeroGradient;
    }
}


// ************************************************************************* //
