/*--------------------------------*- C++ -*----------------------------------*\
| =========                 |                                                 |
| \\      /  F ield         | OpenFOAM: The Open Source CFD Toolbox           |
|  \\    /   O peration     | Version:  1.7.x                                 |
|   \\  /    A nd           | Web:      www.OpenFOAM.com                      |
|    \\/     M anipulation  |                                                 |
\*---------------------------------------------------------------------------*/
FoamFile
{
    version     2.0;
    format      ascii;
    class       volScalarField;
    location    "0.3";
    object      p;
}
// * * * * * * * * * * * * * * * * * * * * * * * * * * * * * * * * * * * * * //

dimensions      [0 2 -2 0 0 0 0];

internalField   nonuniform List<scalar> 
8000
(
100074
100073
100073
100073
100073
100073
100073
100073
100074
100074
100073
100073
100072
100072
100072
100072
100072
100073
100073
100074
100073
100072
100072
100072
100072
100072
100072
100072
100073
100073
100073
100072
100072
100072
100072
100072
100072
100072
100072
100073
100073
100072
100072
100072
100072
100072
100072
100072
100072
100073
100073
100072
100072
100072
100072
100072
100072
100072
100072
100073
100073
100072
100072
100072
100072
100072
100072
100072
100072
100073
100073
100072
100072
100072
100072
100072
100072
100072
100073
100073
100073
100073
100072
100072
100072
100072
100072
100073
100073
100074
100074
100073
100073
100073
100073
100073
100073
100073
100074
100074
100073
100072
100072
100072
100072
100072
100073
100073
100073
100073
100072
100072
100072
100072
100072
100072
100072
100072
100073
100073
100072
100072
100072
100072
100072
100072
100072
100072
100072
100073
100072
100072
100072
100072
100072
100072
100072
100072
100072
100073
100072
100072
100072
100072
100072
100072
100072
100072
100072
100072
100072
100072
100072
100072
100072
100072
100072
100072
100072
100072
100072
100072
100072
100072
100072
100072
100072
100072
100072
100073
100072
100072
100072
100072
100072
100072
100072
100072
100072
100073
100072
100072
100072
100072
100072
100072
100072
100072
100072
100073
100073
100072
100072
100072
100072
100072
100072
100073
100073
100073
100072
100072
100072
100072
100072
100072
100072
100072
100072
100072
100072
100072
100072
100072
100072
100072
100072
100072
100072
100072
100071
100071
100071
100071
100072
100072
100072
100072
100072
100072
100071
100071
100071
100071
100071
100072
100072
100072
100072
100072
100071
100071
100071
100071
100071
100071
100072
100072
100072
100072
100071
100071
100071
100071
100071
100071
100072
100072
100072
100072
100071
100071
100071
100071
100071
100072
100072
100072
100072
100072
100071
100071
100071
100071
100071
100072
100072
100072
100072
100072
100071
100071
100071
100071
100072
100072
100072
100072
100072
100072
100072
100072
100072
100072
100072
100072
100072
100072
100072
100072
100071
100071
100071
100071
100071
100071
100071
100072
100072
100072
100071
100071
100071
100071
100071
100071
100071
100071
100071
100072
100071
100071
100071
100071
100071
100071
100071
100071
100071
100071
100071
100071
100071
100071
100071
100071
100071
100071
100071
100071
100071
100071
100071
100071
100071
100071
100071
100071
100071
100071
100071
100071
100071
100071
100071
100071
100071
100071
100071
100071
100071
100071
100071
100071
100071
100071
100071
100071
100071
100071
100071
100071
100071
100071
100071
100071
100071
100071
100071
100071
100071
100071
100071
100071
100071
100071
100071
100071
100071
100071
100071
100071
100071
100071
100071
100071
100071
100071
100071
100072
100070
100070
100071
100071
100071
100071
100071
100071
100071
100071
100070
100070
100071
100071
100071
100071
100071
100071
100071
100071
100070
100070
100071
100071
100071
100071
100071
100071
100071
100071
100070
100070
100070
100071
100071
100071
100071
100071
100071
100071
100070
100070
100070
100071
100071
100071
100071
100071
100071
100071
100070
100070
100070
100071
100071
100071
100071
100071
100071
100071
100070
100070
100070
100071
100071
100071
100071
100071
100071
100071
100070
100070
100070
100071
100071
100071
100071
100071
100071
100071
100070
100070
100070
100071
100071
100071
100071
100071
100071
100071
100070
100070
100070
100071
100071
100071
100071
100071
100071
100071
100070
100070
100070
100070
100071
100071
100071
100071
100071
100071
100070
100070
100070
100070
100071
100071
100071
100071
100071
100071
100069
100070
100070
100070
100071
100071
100071
100071
100071
100071
100069
100070
100070
100070
100070
100071
100071
100071
100070
100070
100069
100069
100070
100070
100070
100071
100071
100071
100070
100070
100069
100069
100070
100070
100070
100071
100071
100071
100070
100070
100069
100069
100070
100070
100070
100071
100071
100071
100070
100070
100069
100070
100070
100070
100070
100071
100071
100071
100070
100070
100069
100070
100070
100070
100070
100071
100071
100071
100071
100071
100070
100070
100070
100070
100070
100071
100071
100071
100071
100071
100069
100069
100070
100070
100070
100071
100071
100071
100070
100070
100069
100069
100070
100070
100070
100070
100071
100070
100070
100070
100069
100069
100070
100070
100070
100070
100070
100070
100070
100070
100068
100069
100069
100070
100070
100070
100070
100070
100070
100070
100068
100069
100069
100070
100070
100070
100070
100070
100070
100070
100068
100069
100069
100070
100070
100070
100070
100070
100070
100070
100068
100069
100069
100070
100070
100070
100070
100070
100070
100070
100068
100069
100069
100070
100070
100070
100070
100070
100070
100070
100069
100069
100069
100070
100070
100070
100070
100070
100070
100070
100069
100069
100069
100070
100070
100070
100070
100070
100070
100070
100068
100069
100069
100070
100070
100071
100071
100071
100070
100070
100068
100068
100069
100070
100070
100070
100071
100070
100070
100070
100068
100068
100069
100070
100070
100070
100070
100070
100070
100069
100067
100068
100069
100070
100070
100070
100070
100070
100069
100069
100067
100068
100069
100070
100070
100070
100070
100070
100069
100069
100067
100068
100069
100070
100070
100070
100070
100070
100069
100069
100067
100068
100069
100070
100070
100070
100070
100070
100069
100069
100067
100068
100069
100070
100070
100070
100070
100070
100069
100069
100068
100068
100069
100070
100070
100070
100070
100070
100070
100069
100068
100068
100069
100070
100070
100070
100070
100070
100070
100070
100067
100068
100069
100070
100071
100071
100071
100071
100070
100070
100067
100068
100069
100070
100070
100071
100071
100070
100070
100069
100066
100068
100069
100070
100070
100071
100071
100070
100069
100068
100066
100067
100069
100070
100070
100071
100070
100070
100069
100068
100066
100067
100069
100070
100070
100070
100070
100070
100069
100068
100066
100067
100069
100070
100070
100070
100070
100070
100069
100068
100066
100067
100069
100070
100070
100070
100070
100070
100069
100068
100066
100067
100069
100070
100070
100070
100070
100070
100069
100068
100067
100068
100069
100070
100070
100070
100070
100070
100069
100069
100067
100068
100069
100070
100070
100070
100070
100070
100070
100069
100067
100068
100069
100070
100071
100071
100071
100071
100070
100070
100066
100068
100069
100070
100071
100071
100071
100071
100069
100069
100065
100067
100069
100070
100071
100071
100071
100071
100069
100068
100065
100067
100069
100070
100071
100071
100071
100070
100069
100067
100065
100067
100069
100070
100071
100071
100071
100070
100069
100067
100065
100067
100069
100070
100071
100071
100071
100070
100069
100067
100065
100067
100069
100070
100071
100071
100071
100070
100069
100067
100065
100067
100069
100070
100070
100071
100071
100070
100069
100067
100065
100067
100069
100070
100070
100071
100071
100070
100069
100068
100067
100068
100069
100070
100070
100071
100071
100070
100070
100069
100067
100068
100070
100071
100071
100072
100072
100071
100070
100069
100066
100068
100070
100071
100071
100071
100071
100071
100070
100068
100065
100068
100069
100071
100071
100071
100071
100071
100070
100067
100065
100068
100069
100071
100071
100071
100071
100071
100070
100067
100065
100067
100069
100070
100071
100071
100071
100071
100069
100067
100065
100067
100069
100070
100071
100071
100071
100071
100069
100067
100065
100067
100069
100070
100071
100071
100071
100071
100069
100067
100065
100067
100069
100070
100071
100071
100071
100071
100069
100067
100065
100067
100069
100070
100071
100071
100071
100071
100069
100068
100066
100067
100069
100070
100071
100071
100071
100071
100070
100069
100068
100067
100070
100071
100071
100072
100072
100071
100070
100069
100069
100067
100069
100071
100071
100072
100072
100071
100070
100069
100069
100067
100069
100071
100071
100072
100072
100071
100070
100069
100069
100067
100069
100071
100071
100072
100072
100071
100070
100069
100069
100067
100069
100071
100071
100072
100072
100071
100070
100069
100069
100067
100069
100071
100071
100072
100072
100071
100069
100069
100069
100067
100069
100070
100071
100071
100071
100071
100069
100069
100069
100067
100069
100070
100071
100071
100071
100071
100069
100069
100069
100067
100069
100070
100071
100071
100071
100071
100069
100069
100068
100067
100069
100070
100071
100071
100071
100071
100070
100069
100068
100066
100069
100071
100072
100072
100072
100071
100070
100069
100068
100066
100069
100071
100072
100072
100072
100071
100070
100069
100069
100066
100069
100071
100072
100072
100072
100071
100070
100069
100069
100066
100069
100071
100071
100072
100072
100071
100070
100069
100069
100066
100069
100071
100071
100072
100072
100071
100070
100069
100069
100065
100069
100071
100071
100072
100072
100071
100070
100069
100069
100065
100069
100070
100071
100072
100072
100071
100069
100069
100069
100065
100069
100070
100071
100072
100072
100071
100069
100069
100068
100065
100069
100070
100071
100072
100071
100071
100069
100069
100067
100066
100069
100070
100071
100072
100072
100071
100069
100069
100068
100066
100069
100071
100072
100073
100073
100071
100069
100070
100067
100065
100069
100071
100072
100073
100073
100071
100069
100069
100068
100065
100069
100071
100072
100073
100073
100071
100070
100069
100067
100065
100069
100071
100072
100073
100073
100071
100070
100069
100067
100065
100069
100071
100072
100073
100073
100071
100070
100069
100067
100065
100069
100071
100072
100073
100073
100071
100069
100069
100067
100065
100069
100070
100071
100072
100072
100071
100069
100069
100067
100065
100069
100070
100071
100072
100072
100071
100069
100069
100067
100065
100068
100070
100071
100072
100072
100071
100069
100069
100067
100065
100068
100070
100071
100072
100072
100071
100069
100070
100068
100067
100069
100071
100072
100073
100073
100072
100069
100070
100068
100066
100069
100071
100072
100073
100073
100071
100069
100070
100068
100065
100069
100071
100072
100073
100074
100071
100069
100070
100068
100065
100069
100071
100072
100073
100074
100071
100069
100070
100067
100065
100069
100071
100072
100073
100074
100071
100069
100070
100067
100065
100069
100070
100072
100073
100073
100071
100069
100070
100067
100065
100069
100070
100072
100073
100073
100071
100069
100070
100067
100065
100069
100070
100071
100073
100073
100071
100069
100070
100067
100065
100068
100070
100071
100072
100072
100071
100069
100071
100068
100066
100068
100070
100071
100072
100072
100071
100069
100071
100069
100068
100069
100071
100072
100073
100074
100072
100068
100071
100069
100067
100069
100071
100072
100073
100074
100071
100068
100071
100069
100067
100069
100071
100072
100074
100074
100072
100068
100071
100068
100066
100069
100071
100072
100074
100074
100072
100068
100071
100068
100066
100069
100071
100072
100074
100074
100072
100068
100071
100068
100066
100069
100071
100072
100073
100074
100072
100068
100071
100068
100066
100069
100070
100072
100073
100074
100072
100068
100072
100068
100066
100068
100070
100072
100073
100074
100071
100068
100072
100068
100066
100068
100070
100071
100072
100073
100071
100068
100072
100069
100067
100068
100070
100071
100072
100073
100071
100069
100072
100070
100068
100069
100071
100073
100074
100074
100071
100068
100072
100070
100068
100069
100071
100073
100074
100074
100072
100067
100072
100070
100068
100069
100071
100073
100074
100075
100072
100067
100072
100070
100068
100069
100071
100073
100074
100075
100073
100067
100072
100069
100068
100069
100071
100073
100074
100075
100073
100067
100072
100069
100067
100068
100071
100072
100074
100075
100073
100068
100073
100069
100067
100068
100071
100072
100074
100075
100072
100068
100073
100069
100067
100068
100070
100072
100073
100074
100072
100068
100073
100070
100067
100068
100070
100072
100073
100073
100071
100068
100074
100070
100068
100068
100070
100072
100073
100073
100071
100069
100074
100072
100069
100069
100071
100073
100074
100074
100071
100068
100073
100071
100069
100069
100071
100073
100074
100075
100071
100067
100073
100071
100069
100069
100071
100073
100074
100076
100072
100067
100074
100071
100069
100069
100071
100073
100075
100076
100072
100067
100074
100071
100069
100069
100071
100073
100074
100076
100072
100067
100074
100071
100068
100068
100071
100073
100074
100076
100072
100068
100075
100071
100068
100068
100071
100073
100074
100075
100072
100068
100075
100071
100068
100068
100071
100072
100073
100075
100072
100068
100075
100071
100068
100068
100070
100072
100073
100074
100071
100069
100075
100071
100068
100068
100070
100072
100073
100073
100070
100069
100075
100073
100070
100070
100071
100073
100074
100075
100070
100068
100075
100072
100070
100069
100072
100073
100075
100075
100070
100068
100075
100072
100069
100069
100072
100073
100075
100076
100071
100067
100075
100072
100069
100069
100072
100073
100075
100077
100071
100067
100076
100072
100069
100069
100072
100073
100075
100077
100071
100068
100076
100072
100069
100069
100071
100073
100075
100076
100071
100068
100076
100072
100069
100068
100071
100073
100074
100076
100071
100068
100077
100072
100069
100068
100071
100072
100074
100075
100070
100069
100077
100072
100069
100068
100071
100072
100073
100074
100070
100069
100077
100072
100069
100069
100070
100072
100073
100074
100070
100070
100077
100073
100071
100070
100072
100074
100075
100075
100069
100068
100076
100073
100070
100070
100072
100074
100075
100076
100069
100068
100077
100073
100070
100070
100072
100074
100076
100077
100069
100068
100077
100073
100070
100070
100072
100074
100076
100077
100069
100068
100078
100073
100070
100069
100072
100074
100075
100077
100069
100068
100078
100073
100070
100069
100072
100073
100075
100077
100069
100069
100078
100073
100070
100069
100071
100073
100075
100076
100069
100070
100079
100073
100070
100069
100071
100073
100074
100076
100069
100070
100079
100073
100070
100069
100071
100072
100074
100074
100069
100071
100079
100073
100070
100070
100071
100072
100073
100074
100069
100071
100079
100074
100071
100071
100072
100074
100075
100075
100068
100069
100078
100074
100071
100071
100072
100074
100076
100076
100068
100068
100078
100074
100071
100071
100072
100074
100076
100077
100068
100068
100079
100074
100071
100071
100072
100074
100076
100077
100068
100068
100079
100074
100071
100071
100072
100074
100076
100077
100068
100069
100080
100074
100071
100070
100072
100074
100076
100077
100068
100069
100080
100074
100071
100070
100072
100073
100075
100076
100068
100070
100080
100074
100071
100070
100071
100073
100075
100075
100068
100071
100081
100074
100071
100070
100071
100073
100074
100075
100068
100072
100081
100073
100071
100070
100071
100072
100073
100074
100069
100072
100080
100074
100072
100071
100073
100074
100076
100075
100068
100068
100077
100074
100072
100071
100073
100075
100076
100076
100067
100068
100077
100074
100072
100072
100073
100075
100077
100076
100067
100068
100078
100074
100072
100072
100072
100075
100077
100077
100067
100068
100078
100074
100072
100071
100072
100074
100077
100077
100067
100068
100079
100074
100072
100071
100072
100074
100076
100076
100067
100069
100079
100074
100071
100071
100072
100074
100076
100076
100067
100070
100080
100074
100071
100071
100071
100073
100075
100075
100067
100071
100080
100074
100071
100070
100071
100073
100074
100074
100068
100071
100080
100074
100071
100070
100071
100073
100074
100074
100068
100071
100080
100074
100072
100072
100073
100075
100076
100076
100067
100067
100075
100075
100072
100072
100073
100075
100077
100076
100067
100067
100075
100075
100072
100072
100073
100075
100078
100076
100067
100067
100075
100075
100072
100072
100073
100075
100078
100076
100067
100067
100076
100074
100072
100072
100073
100075
100077
100076
100067
100067
100077
100074
100072
100072
100072
100074
100077
100076
100066
100068
100077
100074
100072
100072
100072
100074
100076
100075
100066
100068
100078
100074
100072
100071
100072
100074
100075
100075
100066
100069
100079
100074
100072
100071
100071
100073
100074
100074
100067
100070
100079
100074
100072
100071
100071
100073
100074
100074
100067
100070
100079
100075
100073
100072
100074
100075
100077
100075
100067
100066
100072
100075
100073
100072
100073
100075
100078
100076
100066
100065
100072
100075
100073
100073
100073
100075
100078
100076
100066
100065
100072
100075
100073
100073
100073
100075
100078
100076
100066
100065
100073
100075
100073
100072
100073
100075
100078
100076
100066
100065
100074
100075
100073
100072
100073
100075
100077
100076
100066
100066
100075
100075
100073
100072
100072
100074
100077
100075
100065
100066
100076
100075
100072
100072
100072
100074
100076
100074
100065
100067
100077
100074
100072
100071
100072
100073
100075
100074
100065
100068
100078
100074
100072
100071
100072
100073
100074
100073
100065
100068
100078
100075
100073
100073
100074
100076
100077
100075
100066
100064
100068
100075
100073
100073
100074
100076
100078
100075
100066
100063
100068
100075
100073
100073
100074
100076
100078
100076
100066
100063
100068
100075
100073
100073
100074
100076
100078
100076
100065
100062
100069
100075
100073
100073
100073
100075
100078
100076
100065
100062
100070
100075
100073
100073
100073
100075
100078
100075
100065
100063
100072
100075
100073
100072
100073
100074
100077
100074
100064
100063
100073
100075
100073
100072
100072
100074
100076
100073
100064
100064
100075
100075
100073
100072
100072
100073
100075
100073
100063
100065
100076
100075
100073
100071
100072
100073
100074
100073
100064
100065
100076
100075
100074
100073
100074
100076
100078
100075
100066
100062
100063
100075
100074
100074
100074
100076
100078
100075
100065
100061
100063
100075
100074
100074
100074
100076
100078
100075
100065
100060
100064
100075
100074
100073
100074
100076
100078
100076
100065
100060
100065
100075
100074
100073
100074
100075
100078
100075
100064
100059
100066
100075
100074
100073
100073
100075
100077
100075
100064
100059
100068
100075
100073
100073
100073
100074
100077
100074
100063
100059
100070
100075
100073
100072
100072
100074
100076
100073
100062
100060
100072
100075
100073
100072
100072
100073
100075
100072
100061
100061
100074
100075
100073
100072
100072
100073
100074
100071
100062
100061
100074
100075
100074
100074
100075
100076
100078
100074
100065
100060
100058
100076
100074
100074
100075
100076
100078
100074
100065
100058
100058
100076
100074
100074
100074
100076
100078
100075
100064
100057
100059
100076
100074
100074
100074
100076
100078
100075
100064
100056
100060
100076
100074
100074
100074
100076
100078
100075
100063
100056
100062
100075
100074
100073
100073
100075
100077
100074
100062
100055
100064
100075
100074
100073
100073
100074
100076
100073
100061
100055
100067
100075
100074
100073
100072
100074
100076
100072
100060
100055
100069
100075
100073
100072
100072
100073
100075
100071
100059
100056
100071
100075
100073
100072
100072
100073
100074
100070
100059
100057
100071
100076
100075
100074
100075
100077
100078
100074
100065
100057
100052
100076
100075
100074
100075
100077
100078
100074
100064
100055
100052
100076
100075
100074
100075
100077
100078
100075
100063
100054
100053
100076
100075
100074
100074
100076
100078
100075
100063
100052
100054
100076
100074
100074
100074
100076
100078
100074
100062
100051
100057
100076
100074
100074
100074
100075
100077
100074
100060
100050
100060
100075
100074
100073
100073
100074
100076
100072
100059
100050
100063
100075
100074
100073
100073
100074
100075
100071
100058
100049
100066
100075
100074
100072
100072
100073
100074
100069
100056
100049
100068
100075
100073
100072
100072
100072
100073
100069
100056
100051
100068
100076
100075
100075
100075
100077
100078
100073
100064
100055
100045
100076
100075
100075
100075
100077
100078
100074
100063
100052
100044
100076
100075
100075
100075
100077
100078
100074
100062
100050
100045
100076
100075
100075
100075
100076
100078
100074
100061
100048
100047
100076
100075
100074
100074
100076
100077
100074
100060
100046
100050
100076
100075
100074
100074
100075
100077
100073
100058
100045
100054
100075
100074
100073
100073
100074
100076
100071
100057
100043
100059
100075
100074
100073
100073
100074
100075
100070
100055
100042
100062
100075
100074
100072
100072
100073
100073
100068
100053
100042
100065
100075
100073
100072
100071
100072
100072
100067
100053
100044
100065
100076
100075
100075
100076
100077
100078
100073
100063
100052
100037
100076
100075
100075
100076
100077
100078
100073
100062
100049
100036
100076
100075
100075
100075
100077
100078
100074
100061
100046
100038
100076
100075
100075
100075
100076
100078
100073
100060
100043
100040
100076
100075
100074
100074
100076
100077
100073
100058
100041
100044
100076
100075
100074
100074
100075
100076
100072
100056
100038
100049
100075
100074
100074
100073
100074
100075
100070
100055
100036
100054
100075
100074
100073
100073
100073
100074
100068
100052
100034
100058
100075
100074
100072
100072
100072
100073
100066
100050
100034
100060
100075
100073
100072
100071
100071
100071
100064
100050
100036
100061
100079
100080
100080
100081
100083
100085
100087
100090
100093
100097
100080
100080
100080
100081
100083
100085
100087
100090
100093
100096
100080
100080
100081
100082
100083
100085
100087
100090
100093
100095
100080
100080
100081
100082
100083
100085
100087
100090
100092
100095
100081
100081
100081
100082
100084
100085
100087
100090
100092
100095
100081
100081
100082
100083
100084
100086
100088
100090
100093
100095
100081
100082
100082
100083
100084
100086
100088
100090
100093
100095
100082
100082
100082
100083
100084
100086
100088
100090
100093
100096
100082
100082
100083
100084
100085
100086
100088
100091
100094
100097
100082
100082
100083
100084
100085
100086
100088
100091
100094
100098
100078
100079
100080
100081
100083
100085
100087
100090
100093
100095
100079
100079
100080
100081
100083
100085
100087
100089
100092
100094
100079
100079
100080
100081
100083
100085
100087
100089
100092
100094
100080
100080
100081
100082
100083
100085
100087
100089
100092
100093
100080
100080
100081
100082
100083
100085
100087
100090
100092
100093
100080
100081
100081
100082
100084
100085
100087
100090
100092
100094
100081
100081
100082
100083
100084
100086
100088
100090
100092
100094
100081
100082
100082
100083
100084
100086
100088
100090
100093
100094
100081
100082
100082
100083
100085
100086
100088
100091
100093
100095
100081
100082
100083
100084
100085
100086
100088
100091
100094
100096
100077
100078
100079
100081
100082
100084
100087
100090
100092
100094
100077
100078
100079
100081
100082
100084
100087
100089
100092
100093
100077
100078
100079
100081
100083
100085
100087
100089
100092
100093
100078
100079
100080
100081
100083
100085
100087
100089
100092
100092
100078
100079
100080
100082
100083
100085
100087
100090
100092
100092
100079
100080
100081
100082
100083
100085
100087
100090
100092
100093
100080
100080
100081
100082
100084
100086
100088
100090
100092
100093
100080
100081
100082
100083
100084
100086
100088
100090
100092
100093
100080
100081
100082
100083
100084
100086
100088
100091
100093
100094
100081
100081
100082
100083
100084
100086
100088
100091
100093
100095
100075
100076
100078
100080
100082
100084
100087
100089
100092
100094
100075
100076
100078
100080
100082
100084
100087
100089
100092
100093
100075
100077
100078
100080
100082
100084
100087
100089
100091
100092
100076
100077
100079
100080
100082
100084
100087
100089
100091
100092
100076
100078
100079
100081
100083
100085
100087
100089
100091
100092
100077
100078
100080
100081
100083
100085
100087
100090
100091
100092
100078
100079
100080
100082
100083
100085
100088
100090
100092
100092
100079
100080
100081
100082
100084
100086
100088
100090
100092
100093
100079
100080
100081
100083
100084
100086
100088
100090
100092
100094
100079
100081
100081
100083
100084
100086
100088
100091
100093
100095
100072
100074
100077
100079
100081
100084
100086
100089
100092
100094
100072
100074
100077
100079
100081
100084
100086
100089
100091
100092
100073
100075
100077
100079
100082
100084
100087
100089
100091
100092
100073
100075
100078
100080
100082
100084
100087
100089
100091
100092
100074
100076
100078
100080
100082
100084
100087
100089
100091
100092
100075
100077
100079
100081
100083
100085
100087
100090
100091
100092
100076
100078
100079
100081
100083
100085
100087
100090
100092
100092
100077
100079
100080
100082
100083
100085
100088
100090
100092
100093
100078
100079
100080
100082
100084
100086
100088
100090
100092
100093
100078
100080
100081
100082
100084
100086
100088
100091
100093
100095
100069
100072
100075
100078
100081
100083
100086
100089
100092
100094
100069
100072
100075
100078
100081
100083
100086
100089
100091
100092
100070
100073
100076
100078
100081
100084
100086
100089
100091
100092
100071
100073
100076
100079
100081
100084
100087
100089
100091
100092
100072
100074
100077
100079
100082
100084
100087
100089
100091
100092
100073
100075
100078
100080
100082
100085
100087
100089
100091
100092
100074
100077
100079
100081
100083
100085
100087
100090
100091
100092
100075
100078
100079
100081
100083
100085
100088
100090
100092
100093
100076
100078
100080
100082
100083
100085
100088
100090
100092
100093
100077
100079
100080
100082
100083
100086
100088
100090
100093
100095
100066
100070
100074
100077
100080
100083
100086
100089
100092
100094
100066
100070
100074
100077
100080
100083
100086
100089
100091
100093
100067
100071
100074
100078
100081
100083
100086
100089
100091
100092
100068
100071
100075
100078
100081
100084
100086
100089
100091
100092
100069
100073
100076
100079
100081
100084
100086
100089
100091
100092
100071
100074
100077
100079
100082
100084
100087
100089
100091
100092
100072
100075
100078
100080
100082
100085
100087
100089
100091
100093
100074
100076
100078
100081
100083
100085
100087
100090
100092
100093
100075
100077
100079
100081
100083
100085
100087
100090
100092
100094
100075
100077
100079
100081
100083
100085
100088
100090
100093
100095
100062
100067
100072
100076
100080
100083
100086
100089
100092
100095
100063
100068
100072
100076
100080
100083
100086
100089
100091
100094
100063
100068
100073
100077
100080
100083
100086
100089
100091
100093
100064
100069
100074
100077
100080
100083
100086
100089
100091
100093
100066
100071
100074
100078
100081
100084
100086
100089
100091
100093
100068
100072
100076
100079
100081
100084
100086
100089
100091
100093
100070
100074
100077
100079
100082
100084
100087
100089
100091
100093
100072
100075
100078
100080
100082
100085
100087
100089
100092
100094
100073
100076
100078
100081
100083
100085
100087
100090
100092
100095
100074
100076
100079
100081
100083
100085
100087
100090
100093
100096
100058
100065
100071
100076
100079
100083
100085
100089
100092
100096
100059
100065
100071
100076
100079
100083
100085
100088
100091
100095
100059
100066
100072
100076
100080
100083
100086
100088
100091
100094
100061
100067
100072
100077
100080
100083
100086
100088
100091
100094
100063
100069
100073
100077
100081
100084
100086
100088
100091
100094
100066
100070
100075
100078
100081
100084
100086
100089
100091
100094
100068
100072
100076
100079
100082
100084
100087
100089
100092
100095
100071
100074
100077
100080
100082
100085
100087
100089
100092
100095
100073
100075
100078
100080
100083
100085
100087
100090
100092
100096
100072
100075
100078
100080
100083
100085
100087
100090
100093
100097
100054
100064
100070
100076
100079
100083
100085
100089
100092
100097
100054
100065
100070
100076
100079
100083
100085
100088
100092
100096
100055
100065
100071
100076
100079
100083
100085
100088
100091
100096
100057
100066
100072
100077
100080
100083
100086
100088
100091
100096
100060
100068
100073
100077
100080
100084
100086
100089
100091
100096
100063
100070
100074
100078
100081
100084
100086
100089
100092
100096
100067
100072
100075
100079
100082
100084
100086
100089
100092
100096
100071
100073
100077
100079
100082
100085
100087
100089
100092
100097
100073
100074
100078
100080
100083
100085
100087
100090
100093
100097
100072
100075
100078
100080
100083
100085
100087
100090
100094
100098
100076
100076
100076
100077
100078
100078
100071
100059
100042
100017
100076
100076
100076
100076
100078
100078
100071
100057
100038
100016
100076
100076
100076
100076
100077
100078
100071
100056
100033
100018
100076
100076
100075
100076
100077
100077
100071
100055
100029
100021
100076
100075
100075
100075
100076
100076
100070
100052
100025
100027
100076
100075
100074
100074
100075
100075
100069
100050
100022
100033
100075
100075
100074
100073
100074
100074
100067
100048
100021
100039
100075
100074
100073
100072
100073
100072
100064
100046
100020
100045
100074
100074
100072
100071
100071
100070
100061
100043
100020
100048
100074
100073
100071
100070
100070
100068
100059
100042
100022
100050
100076
100076
100076
100077
100077
100077
100069
100054
100033
100026
100076
100076
100076
100077
100077
100076
100068
100051
100028
100022
100076
100076
100076
100076
100076
100076
100068
100050
100025
100018
100076
100076
100075
100075
100076
100075
100067
100049
100022
100017
100075
100075
100075
100075
100075
100073
100065
100047
100020
100019
100075
100075
100074
100074
100074
100072
100063
100045
100019
100023
100075
100074
100073
100073
100072
100070
100061
100043
100020
100028
100074
100073
100072
100071
100071
100068
100059
100041
100021
100033
100073
100073
100071
100070
100069
100066
100055
100038
100023
100038
100072
100071
100070
100068
100066
100063
100051
100036
100022
100041
100076
100076
100076
100076
100076
100074
100068
100055
100042
100040
100076
100076
100076
100076
100075
100074
100067
100052
100038
100037
100075
100075
100075
100075
100075
100073
100065
100050
100034
100035
100075
100075
100075
100074
100074
100072
100063
100047
100031
100033
100074
100074
100074
100074
100073
100070
100061
100044
100028
100033
100074
100074
100073
100073
100072
100069
100059
100041
100027
100033
100073
100073
100072
100071
100070
100067
100056
100039
100028
100034
100073
100072
100071
100070
100068
100064
100053
100038
100028
100033
100072
100071
100070
100068
100067
100062
100050
100036
100030
100035
100070
100069
100068
100066
100063
100058
100046
100033
100031
100036
100075
100075
100075
100075
100074
100072
100067
100058
100051
100049
100075
100075
100075
100074
100074
100072
100066
100057
100049
100049
100074
100074
100074
100074
100073
100071
100065
100054
100046
100047
100074
100074
100073
100073
100072
100069
100063
100051
100043
100045
100073
100073
100073
100072
100071
100068
100061
100047
100039
100043
100073
100072
100072
100071
100070
100066
100058
100043
100035
100042
100072
100072
100071
100070
100068
100064
100055
100040
100033
100041
100071
100070
100069
100068
100066
100062
100052
100039
100032
100041
100070
100069
100068
100066
100064
100059
100049
100038
100033
100042
100068
100067
100066
100064
100060
100055
100045
100035
100033
100045
100074
100074
100074
100073
100073
100071
100067
100061
100056
100056
100074
100074
100073
100073
100072
100070
100066
100060
100056
100055
100073
100073
100073
100072
100071
100069
100065
100059
100054
100054
100073
100073
100072
100072
100071
100068
100064
100057
100052
100053
100072
100072
100071
100071
100070
100067
100062
100054
100049
100052
100071
100071
100071
100070
100068
100065
100059
100050
100046
100050
100071
100070
100070
100068
100067
100063
100057
100047
100044
100049
100069
100069
100068
100067
100065
100061
100053
100044
100042
100049
100068
100068
100066
100065
100062
100058
100050
100043
100042
100049
100066
100065
100064
100062
100059
100054
100047
100041
100042
100048
100073
100073
100073
100072
100071
100069
100067
100063
100060
100060
100072
100072
100072
100072
100071
100069
100066
100062
100059
100060
100072
100072
100072
100071
100070
100068
100065
100061
100059
100059
100072
100071
100071
100070
100069
100067
100064
100060
100057
100059
100071
100071
100070
100070
100068
100066
100063
100058
100056
100058
100070
100070
100069
100068
100067
100065
100061
100056
100054
100057
100069
100069
100068
100067
100066
100063
100059
100053
100052
100056
100068
100067
100067
100065
100064
100061
100056
100051
100050
100056
100067
100066
100065
100063
100061
100058
100053
100049
100050
100056
100065
100064
100063
100061
100058
100055
100050
100048
100050
100056
100072
100072
100072
100071
100070
100069
100067
100064
100062
100061
100071
100071
100071
100071
100070
100068
100066
100063
100062
100061
100071
100071
100071
100070
100069
100068
100066
100063
100061
100061
100070
100070
100070
100069
100068
100067
100065
100062
100060
100061
100070
100070
100069
100068
100067
100066
100064
100061
100059
100060
100069
100069
100068
100067
100066
100065
100062
100059
100058
100059
100068
100068
100067
100066
100065
100063
100060
100057
100056
100058
100067
100066
100066
100064
100063
100061
100058
100055
100055
100058
100065
100065
100064
100063
100061
100058
100056
100053
100054
100057
100063
100063
100061
100060
100058
100056
100053
100052
100053
100057
100071
100071
100071
100070
100069
100068
100066
100064
100063
100063
100071
100071
100070
100070
100069
100068
100066
100064
100063
100062
100070
100070
100070
100069
100068
100067
100066
100064
100062
100062
100070
100069
100069
100068
100068
100066
100065
100063
100062
100062
100069
100069
100068
100068
100067
100065
100064
100062
100061
100061
100068
100068
100067
100067
100066
100064
100063
100061
100060
100061
100067
100067
100066
100065
100064
100063
100061
100059
100059
100060
100066
100065
100065
100064
100063
100061
100059
100058
100058
100059
100064
100064
100063
100062
100060
100059
100057
100056
100056
100059
100062
100061
100061
100059
100058
100056
100055
100054
100056
100059
100070
100070
100070
100069
100069
100067
100066
100065
100064
100063
100070
100070
100069
100069
100068
100067
100066
100065
100064
100063
100069
100069
100069
100068
100068
100067
100065
100064
100063
100063
100069
100069
100068
100068
100067
100066
100065
100063
100063
100063
100068
100068
100067
100067
100066
100065
100064
100063
100062
100062
100067
100067
100067
100066
100065
100064
100063
100062
100061
100062
100066
100066
100065
100065
100064
100063
100062
100061
100060
100061
100065
100064
100064
100063
100062
100061
100060
100059
100059
100060
100063
100063
100062
100061
100060
100059
100058
100057
100058
100060
100061
100061
100060
100059
100058
100057
100056
100056
100057
100059
100069
100069
100069
100069
100068
100067
100066
100065
100064
100064
100069
100069
100069
100068
100068
100067
100066
100065
100064
100064
100068
100068
100068
100068
100067
100066
100065
100064
100064
100064
100068
100068
100067
100067
100066
100066
100065
100064
100063
100063
100067
100067
100067
100066
100066
100065
100064
100063
100063
100063
100066
100066
100066
100065
100065
100064
100063
100062
100062
100062
100065
100065
100065
100064
100063
100063
100062
100061
100061
100061
100064
100064
100063
100063
100062
100061
100060
100060
100060
100061
100063
100062
100062
100061
100060
100059
100059
100058
100059
100060
100061
100060
100059
100059
100058
100057
100057
100057
100058
100059
100069
100069
100068
100068
100067
100067
100066
100065
100065
100064
100068
100068
100068
100068
100067
100066
100066
100065
100065
100064
100068
100068
100067
100067
100067
100066
100065
100065
100064
100064
100067
100067
100067
100066
100066
100065
100065
100064
100064
100063
100067
100066
100066
100066
100065
100065
100064
100063
100063
100063
100066
100066
100065
100065
100064
100064
100063
100062
100062
100062
100065
100064
100064
100064
100063
100062
100062
100061
100061
100062
100063
100063
100063
100062
100062
100061
100061
100060
100060
100061
100062
100061
100061
100060
100060
100059
100059
100059
100059
100060
100060
100059
100059
100058
100058
100057
100057
100057
100058
100059
100068
100068
100068
100067
100067
100066
100066
100065
100065
100065
100068
100068
100067
100067
100067
100066
100066
100065
100065
100064
100067
100067
100067
100067
100066
100066
100065
100065
100064
100064
100067
100067
100066
100066
100065
100065
100065
100064
100064
100064
100066
100066
100066
100065
100065
100064
100064
100063
100063
100063
100065
100065
100065
100064
100064
100063
100063
100063
100062
100062
100064
100064
100064
100063
100063
100062
100062
100062
100062
100062
100063
100063
100062
100062
100061
100061
100061
100060
100060
100061
100061
100061
100061
100060
100059
100059
100059
100059
100059
100060
100060
100059
100058
100058
100057
100057
100057
100057
100058
100058
100067
100067
100067
100067
100067
100066
100066
100065
100065
100065
100067
100067
100067
100067
100066
100066
100065
100065
100065
100065
100067
100067
100066
100066
100066
100065
100065
100065
100064
100064
100066
100066
100066
100065
100065
100065
100064
100064
100064
100064
100065
100065
100065
100065
100064
100064
100064
100063
100063
100063
100065
100065
100064
100064
100063
100063
100063
100063
100063
100063
100064
100063
100063
100063
100062
100062
100062
100062
100062
100062
100062
100062
100062
100061
100061
100061
100060
100060
100060
100061
100061
100061
100060
100060
100059
100059
100059
100059
100059
100060
100059
100059
100058
100058
100057
100057
100057
100057
100058
100058
100067
100067
100067
100067
100066
100066
100066
100065
100065
100065
100067
100067
100066
100066
100066
100066
100065
100065
100065
100065
100066
100066
100066
100066
100065
100065
100065
100065
100064
100064
100066
100066
100065
100065
100065
100064
100064
100064
100064
100064
100065
100065
100065
100064
100064
100064
100063
100063
100063
100063
100064
100064
100064
100063
100063
100063
100063
100063
100063
100063
100063
100063
100063
100062
100062
100062
100062
100062
100062
100062
100062
100062
100061
100061
100060
100060
100060
100060
100061
100061
100061
100060
100060
100059
100059
100059
100059
100059
100059
100060
100059
100058
100058
100057
100057
100057
100057
100057
100058
100058
100067
100067
100066
100066
100066
100066
100065
100065
100065
100065
100066
100066
100066
100066
100065
100065
100065
100065
100065
100065
100066
100066
100066
100065
100065
100065
100065
100064
100064
100064
100065
100065
100065
100065
100064
100064
100064
100064
100064
100064
100065
100065
100064
100064
100064
100063
100063
100063
100063
100063
100064
100064
100063
100063
100063
100062
100062
100062
100063
100063
100063
100063
100062
100062
100061
100061
100061
100061
100062
100062
100062
100061
100061
100060
100060
100060
100060
100060
100060
100061
100061
100060
100059
100059
100058
100058
100058
100059
100059
100060
100059
100058
100057
100057
100056
100056
100056
100057
100058
100058
100066
100066
100066
100066
100065
100065
100065
100065
100065
100065
100066
100066
100066
100065
100065
100065
100065
100065
100065
100065
100066
100065
100065
100065
100064
100064
100064
100064
100064
100064
100065
100065
100064
100064
100064
100064
100064
100064
100064
100064
100064
100064
100064
100063
100063
100063
100063
100063
100063
100063
100064
100063
100063
100062
100062
100062
100062
100062
100062
100063
100063
100063
100062
100061
100061
100061
100061
100061
100062
100062
100062
100061
100061
100060
100059
100059
100060
100060
100061
100061
100061
100060
100059
100058
100058
100058
100058
100059
100059
100060
100059
100058
100057
100056
100056
100056
100056
100057
100058
100059
100066
100066
100065
100065
100065
100065
100065
100065
100065
100065
100066
100066
100065
100065
100064
100064
100064
100064
100065
100065
100065
100065
100065
100064
100064
100064
100064
100064
100064
100064
100065
100065
100064
100063
100063
100063
100063
100063
100064
100064
100064
100064
100063
100063
100062
100062
100062
100063
100063
100063
100064
100063
100062
100062
100061
100061
100061
100062
100062
100063
100063
100062
100061
100061
100060
100060
100060
100061
100062
100062
100062
100061
100060
100059
100059
100059
100059
100060
100060
100061
100061
100060
100059
100058
100057
100057
100057
100058
100059
100060
100060
100058
100057
100056
100055
100055
100056
100057
100058
100059
100066
100065
100065
100064
100064
100064
100064
100064
100065
100065
100066
100065
100065
100064
100064
100063
100064
100064
100064
100065
100065
100065
100064
100063
100063
100063
100063
100064
100064
100064
100065
100064
100063
100063
100062
100062
100062
100063
100064
100064
100064
100064
100063
100062
100061
100061
100062
100062
100063
100064
100064
100063
100062
100061
100060
100060
100061
100062
100062
100063
100063
100062
100061
100060
100059
100059
100060
100061
100062
100063
100062
100061
100060
100059
100058
100058
100058
100059
100061
100062
100061
100060
100058
100057
100056
100056
100057
100058
100060
100061
100060
100059
100057
100055
100054
100054
100055
100057
100058
100060
100066
100065
100064
100063
100063
100063
100063
100064
100064
100065
100066
100065
100064
100063
100062
100062
100063
100063
100064
100065
100065
100064
100063
100062
100062
100062
100062
100063
100064
100065
100065
100064
100063
100062
100061
100061
100061
100062
100063
100064
100065
100063
100062
100061
100060
100060
100061
100062
100063
100064
100064
100063
100061
100060
100059
100059
100060
100061
100062
100064
100064
100062
100060
100059
100058
100058
100059
100060
100061
100063
100063
100061
100059
100058
100057
100057
100058
100059
100061
100062
100062
100060
100058
100056
100055
100055
100056
100058
100059
100062
100061
100059
100057
100055
100053
100053
100054
100056
100059
100061
100066
100065
100063
100061
100061
100060
100061
100062
100064
100066
100066
100065
100062
100061
100060
100060
100061
100062
100064
100066
100066
100065
100062
100060
100059
100059
100060
100062
100064
100066
100066
100064
100062
100060
100059
100059
100060
100061
100064
100065
100066
100064
100061
100059
100058
100058
100059
100061
100063
100065
100065
100063
100060
100058
100057
100057
100058
100060
100063
100065
100065
100063
100060
100057
100056
100056
100057
100059
100062
100064
100064
100062
100059
100056
100055
100055
100056
100058
100061
100064
100063
100061
100057
100055
100054
100054
100055
100057
100060
100063
100063
100060
100056
100054
100053
100053
100054
100056
100059
100062
100065
100063
100061
100059
100058
100058
100059
100060
100062
100065
100065
100062
100060
100059
100058
100058
100059
100060
100062
100065
100065
100062
100060
100059
100057
100057
100058
100060
100062
100065
100065
100062
100060
100058
100057
100057
100058
100060
100062
100065
100065
100062
100060
100058
100056
100056
100058
100059
100061
100065
100065
100062
100059
100057
100056
100056
100057
100059
100061
100064
100065
100061
100059
100056
100055
100055
100056
100058
100061
100064
100064
100061
100058
100056
100054
100054
100056
100058
100060
100064
100064
100060
100057
100055
100053
100053
100055
100057
100060
100063
100063
100059
100056
100054
100052
100052
100054
100056
100059
100062
100064
100061
100059
100058
100057
100057
100057
100059
100061
100064
100064
100061
100059
100057
100056
100056
100057
100059
100061
100064
100064
100061
100059
100057
100056
100056
100057
100058
100060
100064
100064
100060
100058
100057
100056
100056
100057
100058
100060
100064
100064
100060
100058
100056
100055
100055
100056
100058
100060
100064
100064
100060
100057
100056
100055
100055
100056
100057
100060
100064
100064
100060
100057
100055
100054
100054
100055
100057
100059
100063
100063
100059
100056
100054
100053
100053
100054
100056
100059
100063
100063
100059
100056
100054
100052
100052
100054
100056
100058
100062
100062
100058
100055
100053
100052
100052
100053
100055
100058
100062
100063
100059
100057
100055
100054
100054
100055
100057
100059
100062
100063
100059
100057
100055
100054
100054
100055
100057
100059
100062
100063
100059
100057
100055
100054
100054
100055
100057
100058
100062
100063
100058
100056
100055
100054
100054
100055
100056
100058
100062
100062
100058
100056
100054
100053
100053
100054
100056
100058
100062
100062
100058
100056
100054
100053
100053
100054
100056
100058
100062
100062
100058
100055
100053
100052
100052
100053
100055
100058
100062
100062
100057
100055
100053
100052
100052
100053
100055
100057
100061
100061
100057
100054
100052
100051
100051
100052
100054
100057
100061
100061
100056
100054
100052
100051
100051
100052
100054
100056
100061
100061
100056
100054
100053
100052
100052
100053
100054
100056
100061
100061
100056
100054
100053
100052
100052
100053
100054
100056
100061
100061
100056
100054
100053
100052
100052
100053
100054
100056
100061
100061
100056
100054
100052
100051
100051
100052
100054
100056
100061
100061
100056
100054
100052
100051
100051
100052
100054
100056
100060
100061
100056
100053
100052
100051
100051
100052
100053
100056
100060
100060
100055
100053
100051
100050
100050
100051
100053
100055
100060
100060
100055
100053
100051
100050
100050
100051
100053
100055
100060
100060
100055
100052
100051
100050
100050
100051
100052
100055
100059
100059
100054
100052
100050
100049
100049
100050
100052
100054
100059
100059
100054
100051
100050
100049
100049
100050
100051
100054
100059
100059
100054
100051
100050
100049
100049
100050
100051
100054
100059
100059
100053
100051
100050
100049
100049
100050
100051
100053
100059
100059
100053
100051
100049
100049
100049
100049
100051
100053
100058
100058
100053
100051
100049
100048
100048
100049
100051
100053
100058
100058
100053
100050
100049
100048
100048
100049
100050
100053
100058
100058
100053
100050
100049
100048
100048
100049
100050
100053
100058
100058
100052
100050
100048
100047
100047
100048
100050
100052
100058
100057
100052
100050
100048
100047
100047
100048
100050
100052
100057
100057
100052
100050
100048
100047
100047
100048
100050
100052
100057
100056
100050
100048
100046
100046
100046
100046
100048
100050
100056
100056
100050
100048
100046
100046
100046
100046
100048
100050
100056
100056
100050
100048
100046
100046
100046
100046
100048
100050
100056
100056
100050
100047
100046
100045
100045
100046
100047
100050
100056
100056
100050
100047
100046
100045
100045
100046
100047
100050
100056
100055
100049
100047
100046
100045
100045
100046
100047
100049
100055
100055
100049
100047
100045
100045
100045
100045
100047
100049
100055
100055
100049
100047
100045
100045
100045
100045
100047
100049
100055
100055
100049
100046
100045
100045
100045
100045
100046
100049
100055
100055
100048
100046
100045
100044
100044
100045
100046
100048
100054
100051
100045
100043
100042
100042
100042
100042
100043
100045
100051
100051
100045
100043
100042
100042
100042
100042
100043
100045
100051
100051
100045
100043
100042
100042
100042
100042
100043
100045
100051
100051
100045
100043
100042
100042
100042
100042
100043
100045
100051
100051
100045
100043
100042
100042
100042
100042
100043
100045
100051
100051
100044
100043
100042
100041
100041
100042
100043
100044
100051
100051
100044
100043
100042
100041
100041
100042
100043
100044
100051
100051
100044
100042
100041
100041
100041
100041
100042
100044
100051
100051
100044
100042
100041
100041
100041
100041
100042
100044
100050
100050
100044
100042
100041
100041
100041
100041
100042
100044
100050
100045
100038
100038
100037
100037
100037
100037
100038
100038
100045
100045
100038
100038
100037
100037
100038
100037
100038
100038
100045
100045
100038
100037
100037
100037
100038
100037
100037
100038
100045
100045
100038
100037
100037
100037
100037
100037
100037
100038
100045
100045
100038
100037
100037
100037
100037
100037
100037
100038
100045
100045
100038
100037
100037
100037
100037
100037
100037
100038
100045
100045
100038
100037
100037
100037
100037
100037
100037
100038
100045
100044
100038
100037
100037
100037
100037
100037
100037
100038
100045
100044
100038
100037
100037
100037
100037
100037
100037
100038
100044
100044
100037
100037
100037
100037
100037
100037
100037
100037
100044
100034
100030
100031
100032
100032
100032
100032
100031
100030
100035
100034
100029
100031
100032
100032
100032
100032
100031
100030
100034
100034
100029
100031
100032
100033
100033
100032
100031
100029
100034
100034
100029
100031
100032
100032
100032
100032
100031
100029
100034
100034
100029
100031
100032
100032
100032
100032
100031
100029
100034
100034
100029
100031
100032
100032
100032
100032
100031
100029
100034
100034
100029
100031
100032
100032
100032
100032
100031
100029
100034
100033
100029
100031
100032
100032
100032
100032
100031
100029
100034
100034
100029
100031
100032
100032
100032
100032
100031
100029
100034
100034
100029
100031
100032
100032
100032
100032
100031
100029
100034
100017
100019
100024
100026
100027
100027
100026
100024
100020
100018
100016
100019
100024
100026
100027
100027
100026
100024
100019
100017
100016
100018
100024
100026
100027
100027
100026
100024
100018
100016
100015
100018
100024
100026
100027
100027
100026
100024
100018
100015
100015
100018
100024
100026
100027
100027
100026
100024
100018
100015
100015
100018
100023
100026
100027
100027
100026
100024
100018
100015
100015
100018
100024
100026
100027
100027
100026
100024
100018
100015
100015
100018
100024
100026
100027
100027
100026
100024
100018
100016
100016
100019
100024
100026
100027
100027
100026
100024
100019
100016
100017
100019
100024
100026
100027
100027
100026
100024
100019
100017
99992
100010
100018
100019
100021
100021
100020
100018
100010
99992.2
99989.2
100009
100018
100020
100021
100021
100020
100018
100009
99989.4
99987.7
100009
100017
100020
100021
100021
100020
100018
100009
99987.9
99987.1
100008
100017
100020
100021
100021
100020
100017
100008
99987.3
99986.8
100008
100017
100020
100021
100021
100020
100017
100008
99987
99986.8
100008
100017
100020
100021
100021
100020
100017
100008
99987
99987.1
100008
100017
100020
100021
100021
100020
100017
100009
99987.3
99987.6
100009
100017
100020
100021
100021
100020
100017
100009
99987.8
99989.2
100009
100018
100020
100021
100021
100020
100018
100009
99989.4
99992.4
100010
100018
100020
100021
100021
100020
100018
100010
99992.7
99988
100005
100011
100014
100015
100015
100014
100011
100005
99988.1
99985.2
100004
100011
100014
100015
100015
100014
100012
100004
99985.4
99983.8
100004
100011
100014
100015
100015
100014
100011
100004
99984
99983.1
100003
100011
100014
100015
100015
100014
100011
100004
99983.3
99982.8
100003
100011
100014
100015
100015
100014
100011
100003
99983
99982.8
100003
100011
100014
100015
100015
100014
100011
100003
99983
99983.2
100004
100011
100014
100015
100015
100014
100011
100004
99983.4
99983.8
100004
100011
100014
100015
100015
100014
100011
100004
99984
99985.4
100004
100012
100014
100015
100015
100014
100012
100004
99985.6
99988.6
100005
100012
100014
100015
100015
100014
100012
100005
99988.7
99996.4
100004
100007
100009
100011
100011
100009
100007
100004
99996.5
99994.7
100003
100007
100009
100011
100011
100009
100007
100004
99994.9
99994.1
100003
100007
100009
100011
100011
100009
100007
100003
99994.2
99993.7
100003
100007
100009
100011
100011
100009
100007
100003
99993.8
99993.5
100003
100007
100009
100011
100011
100009
100007
100003
99993.6
99993.5
100003
100007
100009
100011
100011
100009
100007
100003
99993.6
99993.7
100003
100007
100009
100011
100011
100009
100007
100003
99993.9
99994.2
100003
100007
100009
100011
100011
100009
100007
100004
99994.3
99994.9
100004
100007
100009
100011
100011
100009
100007
100004
99995.1
99996.6
100004
100007
100009
100011
100011
100009
100007
100005
99996.8
100003
100004
100005
100006
100008
100008
100006
100005
100004
100003
100002
100005
100005
100006
100008
100008
100006
100005
100005
100002
100002
100005
100005
100006
100007
100007
100006
100005
100005
100002
100002
100005
100004
100006
100007
100007
100006
100005
100005
100002
100002
100005
100004
100006
100007
100007
100006
100004
100005
100002
100002
100005
100004
100006
100007
100007
100006
100004
100005
100002
100002
100005
100005
100006
100007
100007
100006
100005
100005
100002
100002
100005
100005
100006
100007
100007
100006
100005
100005
100002
100002
100005
100005
100006
100008
100008
100006
100005
100005
100002
100003
100005
100005
100006
100008
100008
100006
100005
100005
100003
100005
100005
100004
100005
100005
100005
100005
100004
100005
100005
100005
100005
100004
100004
100005
100005
100004
100004
100005
100005
100005
100005
100004
100004
100005
100005
100004
100004
100005
100005
100005
100005
100004
100004
100005
100005
100004
100004
100005
100005
100005
100005
100004
100004
100005
100005
100004
100004
100006
100005
100005
100005
100004
100004
100005
100005
100004
100004
100005
100005
100005
100006
100004
100004
100005
100005
100004
100004
100006
100005
100005
100005
100004
100004
100005
100005
100004
100004
100005
100005
100005
100005
100004
100005
100005
100006
100005
100004
100005
100005
100005
100005
100004
100005
100006
100006
100005
100004
100005
100005
100004
100005
100004
100004
100004
100004
100004
100004
100005
100004
100004
100005
100004
100004
100004
100004
100004
100004
100005
100004
100004
100005
100004
100004
100004
100004
100004
100004
100005
100004
100004
100005
100004
100004
100004
100004
100004
100004
100005
100004
100004
100005
100004
100004
100004
100004
100004
100004
100005
100004
100004
100005
100004
100004
100004
100004
100004
100004
100005
100004
100004
100005
100004
100004
100004
100004
100004
100004
100005
100005
100004
100005
100004
100004
100004
100004
100004
100004
100005
100004
100004
100005
100004
100004
100004
100004
100004
100004
100005
100004
100004
100005
100004
100004
100004
100004
100004
100004
100005
100004
100003
100004
100003
100003
100004
100004
100003
100003
100004
100003
100003
100004
100003
100003
100003
100003
100003
100003
100004
100003
100003
100004
100003
100003
100003
100003
100003
100003
100004
100003
100003
100004
100003
100003
100003
100003
100003
100003
100004
100003
100003
100004
100003
100003
100003
100003
100003
100003
100004
100003
100003
100004
100003
100003
100003
100003
100003
100003
100004
100003
100003
100004
100003
100003
100003
100003
100003
100003
100004
100003
100003
100004
100003
100003
100003
100003
100003
100003
100004
100003
100003
100004
100003
100003
100003
100003
100003
100003
100004
100003
100003
100004
100003
100004
100004
100004
100004
100003
100004
100003
100002
100002
100003
100003
100003
100003
100003
100003
100002
100002
100002
100003
100003
100003
100003
100003
100003
100003
100003
100002
100002
100003
100003
100003
100003
100003
100003
100003
100003
100002
100002
100003
100003
100003
100003
100003
100003
100003
100003
100002
100002
100003
100003
100003
100003
100003
100003
100003
100003
100002
100002
100003
100003
100003
100003
100003
100003
100003
100003
100002
100002
100003
100003
100003
100003
100003
100003
100003
100003
100002
100002
100003
100003
100003
100003
100003
100003
100003
100003
100002
100002
100003
100003
100003
100003
100003
100003
100003
100003
100002
100002
100002
100003
100003
100003
100003
100003
100003
100002
100002
100001
100001
100002
100002
100002
100002
100002
100002
100001
100001
100001
100001
100002
100002
100002
100002
100002
100002
100001
100001
100001
100002
100002
100002
100002
100002
100002
100002
100002
100001
100001
100002
100002
100002
100002
100002
100002
100002
100002
100001
100001
100002
100002
100002
100002
100002
100002
100002
100002
100001
100001
100002
100002
100002
100002
100002
100002
100002
100002
100001
100001
100002
100002
100002
100002
100002
100002
100002
100002
100001
100001
100002
100002
100002
100002
100002
100002
100002
100002
100001
100001
100001
100002
100002
100002
100002
100002
100002
100001
100001
100001
100001
100002
100002
100002
100002
100002
100002
100001
100001
100000
100000
100000
100001
100001
100001
100001
100000
100000
100000
100000
100000
100000
100001
100001
100001
100001
100000
100000
100000
100000
100001
100000
100001
100001
100001
100001
100000
100001
100000
100000
100001
100000
100001
100001
100001
100001
100000
100001
100000
100000
100001
100000
100001
100001
100001
100001
100000
100001
100000
100000
100001
100000
100001
100001
100001
100001
100000
100001
100000
100000
100001
100000
100001
100001
100001
100001
100000
100001
100000
100000
100001
100000
100001
100001
100001
100001
100000
100001
100000
100000
100000
100000
100001
100001
100001
100001
100000
100000
100000
100000
100000
100000
100001
100001
100001
100001
100000
100000
100000
)
;

boundaryField
{
    flowInlet
    {
        type            zeroGradient;
    }
    flowOutlet
    {
        type            fixedValue;
        value           uniform 100000;
    }
    minorInlet
    {
        type            zeroGradient;
    }
    pipe
    {
        type            zeroGradient;
    }
    topSurf
    {
        type            zeroGradient;
    }
    bottomSurf
    {
        type            zeroGradient;
    }
    innerSurf
    {
        type            zeroGradient;
    }
    outerSurf
    {
        type            zeroGradient;
    }
}


// ************************************************************************* //
