/*--------------------------------*- C++ -*----------------------------------*\
| =========                 |                                                 |
| \\      /  F ield         | OpenFOAM: The Open Source CFD Toolbox           |
|  \\    /   O peration     | Version:  1.7.x                                 |
|   \\  /    A nd           | Web:      www.OpenFOAM.com                      |
|    \\/     M anipulation  |                                                 |
\*---------------------------------------------------------------------------*/
FoamFile
{
    version     2.0;
    format      ascii;
    class       volScalarField;
    location    "0.4";
    object      alpha1;
}
// * * * * * * * * * * * * * * * * * * * * * * * * * * * * * * * * * * * * * //

dimensions      [0 -3 0 0 1 0 0];

internalField   nonuniform List<scalar> 
8000
(
1.48672e-10
-4.23825e-10
1.67753e-09
3.11096e-09
1.25427e-07
3.87904e-07
2.17718e-07
-1.25824e-07
7.55432e-08
-1.20421e-08
-2.20194e-09
6.88792e-09
-2.98774e-08
-4.19408e-08
-2.35406e-06
-7.21613e-06
-3.95688e-06
1.86639e-06
-1.13943e-06
1.82586e-07
-5.26658e-09
1.40406e-08
-5.74361e-08
-4.36175e-08
-4.15302e-06
-1.28916e-05
-7.16638e-06
2.46198e-06
-2.1812e-06
4.80692e-07
-5.03608e-09
1.29981e-08
-5.62079e-08
-6.16158e-08
-4.25053e-06
-1.27685e-05
-6.78747e-06
2.2221e-06
-2.13582e-06
4.75541e-07
-4.71391e-09
1.20181e-08
-5.43752e-08
-7.40362e-08
-4.22746e-06
-1.24686e-05
-6.46319e-06
2.17914e-06
-2.04704e-06
4.49446e-07
-4.98587e-09
1.28013e-08
-5.69102e-08
-7.4371e-08
-4.34142e-06
-1.2867e-05
-6.68554e-06
2.38838e-06
-2.13676e-06
4.74245e-07
-5.93604e-09
1.55435e-08
-6.40303e-08
-6.15359e-08
-4.58048e-06
-1.39725e-05
-7.49574e-06
2.81893e-06
-2.41202e-06
5.55203e-07
-7.06115e-09
1.87962e-08
-7.17325e-08
-4.33606e-08
-4.736e-06
-1.51375e-05
-8.64857e-06
3.38723e-06
-2.64876e-06
6.18025e-07
-4.09082e-09
1.2344e-08
-4.90683e-08
-4.76173e-08
-3.42962e-06
-1.09373e-05
-6.20027e-06
3.2667e-06
-1.74511e-06
2.94323e-07
2.52864e-10
-6.9353e-10
2.48895e-09
2.87797e-09
1.65045e-07
5.33832e-07
3.14765e-07
-1.82815e-07
1.07238e-07
-1.82367e-08
-5.41395e-10
1.38415e-09
-5.6247e-09
-9.2637e-09
-4.0813e-07
-1.24633e-06
-6.9714e-07
3.43885e-07
-2.47641e-07
4.29821e-08
7.9395e-09
-2.23767e-08
9.80965e-08
1.05086e-07
7.53787e-06
2.28444e-05
1.24847e-05
-4.81275e-06
3.73487e-06
-6.37644e-07
1.90417e-08
-4.588e-08
1.90591e-07
8.38125e-08
1.3463e-05
4.1283e-05
2.30707e-05
-5.13423e-06
7.66799e-06
-1.83682e-06
1.80954e-08
-4.23203e-08
1.86404e-07
1.40426e-07
1.38221e-05
4.08915e-05
2.16225e-05
-4.4922e-06
7.64983e-06
-1.84114e-06
1.68691e-08
-3.90743e-08
1.79984e-07
1.79937e-07
1.37228e-05
3.9816e-05
2.03713e-05
-4.6099e-06
7.27369e-06
-1.72509e-06
1.79099e-08
-4.20275e-08
1.88548e-07
1.77012e-07
1.4021e-05
4.09303e-05
2.09484e-05
-5.35598e-06
7.49003e-06
-1.80591e-06
2.15203e-08
-5.17569e-08
2.12386e-07
1.29627e-07
1.46493e-05
4.41855e-05
2.34433e-05
-6.63613e-06
8.30401e-06
-2.09655e-06
2.57659e-08
-6.27131e-08
2.36445e-07
7.04832e-08
1.48814e-05
4.73396e-05
2.69935e-05
-8.37875e-06
8.84695e-06
-2.28242e-06
1.49734e-08
-4.11258e-08
1.61271e-07
1.05154e-07
1.07006e-05
3.39402e-05
1.88768e-05
-9.3753e-06
5.66331e-06
-1.0311e-06
-9.26275e-10
2.30401e-09
-8.32167e-09
-7.62157e-09
-5.22119e-07
-1.67585e-06
-9.72503e-07
5.27678e-07
-3.46567e-07
6.47318e-08
1.41742e-09
-3.06079e-09
1.35632e-08
2.13319e-08
9.33089e-07
2.81969e-06
1.62263e-06
-5.8075e-07
5.70052e-07
-1.0913e-07
-2.02485e-08
4.97646e-08
-2.41846e-07
-2.30808e-07
-1.80136e-05
-5.39506e-05
-3.00686e-05
7.2548e-06
-8.31754e-06
1.52431e-06
-4.83225e-08
1.03449e-07
-4.7439e-07
-1.66935e-07
-3.24543e-05
-9.82128e-05
-5.6722e-05
2.3556e-06
-1.87532e-05
4.91878e-06
-4.55659e-08
9.53353e-08
-4.65903e-07
-3.07727e-07
-3.34497e-05
-9.72946e-05
-5.25329e-05
1.32304e-06
-1.92877e-05
5.0258e-06
-4.23764e-08
8.8225e-08
-4.50602e-07
-4.03486e-07
-3.31351e-05
-9.44428e-05
-4.89078e-05
2.55948e-06
-1.81869e-05
4.66123e-06
-4.53615e-08
9.66244e-08
-4.72725e-07
-3.89036e-07
-3.35902e-05
-9.65635e-05
-4.99525e-05
4.60148e-06
-1.8332e-05
4.81839e-06
-5.52209e-08
1.21418e-07
-5.30829e-07
-2.65196e-07
-3.45492e-05
-0.000103255
-5.57246e-05
7.25406e-06
-1.97159e-05
5.51065e-06
-6.65723e-08
1.46642e-07
-5.8112e-07
-1.28525e-07
-3.41189e-05
-0.000108662
-6.38194e-05
1.10387e-05
-2.00206e-05
5.81393e-06
-3.89931e-08
9.52007e-08
-3.94661e-07
-2.148e-07
-2.4411e-05
-7.74437e-05
-4.32618e-05
1.799e-05
-1.22515e-05
2.46703e-06
2.44528e-09
-5.2625e-09
1.97575e-08
1.53274e-08
1.12713e-06
3.61975e-06
2.13343e-06
-9.95664e-07
7.72082e-07
-1.62606e-07
-3.78161e-09
6.21168e-09
-3.07072e-08
-4.38221e-08
-2.07971e-06
-6.21067e-06
-3.6639e-06
8.06647e-07
-1.33862e-06
2.85543e-07
5.51887e-08
-1.08096e-07
5.72388e-07
3.18618e-07
4.20537e-05
0.000124609
7.04413e-05
-8.10115e-06
2.11273e-05
-4.13141e-06
1.29575e-07
-2.22429e-07
1.12183e-06
-5.79402e-08
7.61966e-05
0.000227775
0.000135331
1.82149e-05
5.18504e-05
-1.52611e-05
1.20411e-07
-2.02684e-07
1.10171e-06
2.39834e-07
7.88314e-05
0.000225701
0.000123625
1.95641e-05
5.49856e-05
-1.60596e-05
1.11799e-07
-1.88364e-07
1.06638e-06
4.52134e-07
7.78742e-05
0.000218476
0.000113625
1.38968e-05
5.15429e-05
-1.48025e-05
1.21365e-07
-2.12662e-07
1.12107e-06
3.91267e-07
7.81574e-05
0.000221979
0.000115249
8.00931e-06
5.07386e-05
-1.50728e-05
1.50584e-07
-2.75753e-07
1.25501e-06
8.19339e-08
7.8785e-05
0.000234468
0.000128166
2.252e-06
5.26207e-05
-1.68638e-05
1.83502e-07
-3.3322e-07
1.34714e-06
-1.73581e-07
7.50074e-05
0.000241071
0.000145919
-6.557e-06
5.07569e-05
-1.70722e-05
1.08931e-07
-2.17353e-07
9.18032e-07
1.86863e-07
5.34442e-05
0.000170931
9.57898e-05
-3.45546e-05
2.97862e-05
-6.69422e-06
-6.5985e-09
1.12088e-08
-4.3687e-08
-2.31991e-08
-2.32542e-06
-7.51633e-06
-4.50887e-06
1.74928e-06
-1.73091e-06
4.20326e-07
9.28547e-09
-1.12703e-08
6.67439e-08
9.29375e-08
4.34274e-06
1.2865e-05
7.96877e-06
-4.69997e-07
3.00846e-06
-7.1634e-07
-1.26966e-07
2.01052e-07
-1.26733e-06
-4.92584e-07
-9.21544e-05
-0.000269555
-0.000155769
-5.25424e-06
-4.57864e-05
9.18249e-06
-2.92075e-07
4.2005e-07
-2.49327e-06
4.63793e-07
-0.000167364
-0.000493115
-0.000305662
-9.98157e-05
-0.000121926
3.89969e-05
-2.66574e-07
3.81705e-07
-2.45724e-06
-1.96751e-07
-0.000173729
-0.000488641
-0.000275746
-0.000100251
-0.000133626
4.23346e-05
-2.48055e-07
3.60337e-07
-2.38721e-06
-6.51515e-07
-0.000170887
-0.000471439
-0.000250249
-8.06158e-05
-0.000124705
3.87769e-05
-2.75949e-07
4.26123e-07
-2.51606e-06
-4.81089e-07
-0.00016919
-0.000475149
-0.000252142
-6.4742e-05
-0.000119741
3.87741e-05
-3.51568e-07
5.72579e-07
-2.79497e-06
1.94603e-07
-0.000166
-0.00049384
-0.000279417
-5.30025e-05
-0.000119383
4.2239e-05
-4.32165e-07
6.8095e-07
-2.90088e-06
5.75988e-07
-0.000150217
-0.000491797
-0.00031512
-3.35531e-05
-0.000108756
4.08555e-05
-2.59149e-07
4.33679e-07
-1.96679e-06
-2.08841e-07
-0.000106701
-0.000347066
-0.000199045
5.44424e-05
-6.03042e-05
1.48596e-05
1.64879e-08
-2.22116e-08
9.18956e-08
3.52202e-08
4.33086e-06
1.43184e-05
9.05878e-06
-2.55486e-06
3.62859e-06
-1.03473e-06
-2.42548e-08
1.66883e-08
-1.31787e-07
-1.45929e-07
-8.7459e-06
-2.57661e-05
-1.66938e-05
-1.86815e-06
-7.14021e-06
1.94581e-06
3.20993e-07
-3.45478e-07
2.6081e-06
-8.00653e-07
0.000190451
0.000550327
0.000320744
5.93248e-05
0.000114688
-2.50974e-05
6.98139e-07
-6.93433e-07
5.07208e-06
-4.54178e-06
0.00034469
0.00100282
0.000644369
0.000347375
0.000315638
-0.000124065
6.12927e-07
-6.13998e-07
4.98388e-06
-3.47734e-06
0.000358375
0.00099275
0.000572495
0.000342606
0.000353965
-0.000139928
5.73693e-07
-5.98962e-07
4.85253e-06
-2.60494e-06
0.000350151
0.000953769
0.000511768
0.000282795
0.000329546
-0.000127937
6.65966e-07
-7.72887e-07
5.13172e-06
-3.00484e-06
0.00034028
0.000950954
0.000511304
0.00023992
0.000308944
-0.000125352
8.83361e-07
-1.10113e-06
5.64968e-06
-4.20538e-06
0.000321963
0.000966986
0.000563417
0.000213576
0.000295992
-0.000131983
1.10294e-06
-1.28791e-06
5.60339e-06
-3.99474e-06
0.00027137
0.000921514
0.000627493
0.000168321
0.000256957
-0.000120947
6.81611e-07
-8.19232e-07
3.81338e-06
-1.47004e-06
0.000192863
0.00064856
0.000378794
-7.87359e-05
0.000139566
-4.03467e-05
-4.42666e-08
3.8967e-08
-1.72509e-07
7.36674e-09
-7.4042e-06
-2.56341e-05
-1.73032e-05
2.95853e-06
-7.99215e-06
2.76045e-06
5.42899e-08
-1.77422e-08
2.56175e-07
2.32262e-07
1.65779e-05
4.83541e-05
3.30902e-05
1.00966e-05
1.59385e-05
-4.86134e-06
-6.3137e-07
4.41698e-07
-5.05968e-06
3.82407e-06
-0.000373666
-0.00105801
-0.000614245
-0.000212274
-0.000239262
5.18374e-05
-1.29408e-06
8.66402e-07
-9.73796e-06
1.23581e-05
-0.000671199
-0.00191283
-0.00127646
-0.000961817
-0.000670873
0.000295287
-1.06788e-06
7.44031e-07
-9.54488e-06
1.026e-05
-0.000697252
-0.00188989
-0.00111964
-0.000944877
-0.000769611
0.00034552
-1.01621e-06
7.9713e-07
-9.33864e-06
8.54428e-06
-0.000673997
-0.0018043
-0.000984891
-0.000786472
-0.00071542
0.000315096
-1.27736e-06
1.22344e-06
-9.91548e-06
9.24063e-06
-0.000638628
-0.00177271
-0.000974859
-0.000679915
-0.00065747
0.000302293
-1.80341e-06
1.90168e-06
-1.07483e-05
1.0901e-05
-0.000575658
-0.00175072
-0.00106643
-0.000621285
-0.000609787
0.000307545
-2.27524e-06
2.12012e-06
-9.91453e-06
8.34401e-06
-0.000437421
-0.00156617
-0.0011658
-0.000518659
-0.000506913
0.000266873
-1.41655e-06
1.26279e-06
-6.68525e-06
3.74982e-06
-0.00031172
-0.00109893
-0.000661936
8.15357e-05
-0.000266073
8.25586e-05
1.03232e-07
-6.39617e-08
3.1577e-07
-1.13703e-07
1.08532e-05
4.07541e-05
3.06289e-05
-6.92817e-07
1.61571e-05
-6.6437e-06
-1.35122e-07
-1.16646e-08
-4.16939e-07
-2.39348e-08
-2.95312e-05
-8.65726e-05
-6.25371e-05
-3.32528e-05
-3.88916e-05
1.48105e-05
1.44515e-06
-4.16125e-07
9.22389e-06
-2.00257e-05
0.000692893
0.00192224
0.00107378
0.000602522
0.000592589
-0.00015547
2.49541e-06
-6.04827e-07
1.71904e-05
-4.6284e-05
0.00122428
0.00342395
0.00232964
0.0023774
0.00153951
-0.000970388
1.75847e-06
-4.24557e-07
1.66517e-05
-4.39739e-05
0.00126547
0.00336957
0.00200949
0.00231161
0.00176497
-0.00116496
1.7598e-06
-7.41224e-07
1.63499e-05
-4.04531e-05
0.00120352
0.00318711
0.0017295
0.00192473
0.00163842
-0.00106187
2.62324e-06
-1.75646e-06
1.74532e-05
-4.02748e-05
0.00110096
0.0030655
0.00168485
0.00166719
0.00147836
-0.000997393
4.10322e-06
-3.11317e-06
1.85507e-05
-3.93268e-05
0.000927495
0.00290421
0.00181661
0.00152457
0.0013314
-0.000978339
5.27785e-06
-3.20452e-06
1.52839e-05
-2.50899e-05
0.000597545
0.00235979
0.00193844
0.00130469
0.00108442
-0.000810804
3.46436e-06
-1.78579e-06
1.02567e-05
-1.40524e-05
0.000431581
0.00165554
0.00101024
-3.54133e-05
0.000601877
-0.000239233
-2.73392e-07
7.15228e-08
-4.63784e-07
5.76571e-07
-1.21933e-05
-5.61145e-05
-4.93879e-05
-8.2576e-06
-3.66271e-05
1.96426e-05
2.3741e-07
1.10207e-07
6.93824e-07
-6.83994e-07
4.95352e-05
0.000144366
0.000109505
8.72817e-05
8.21141e-05
-3.4218e-05
-2.12615e-06
-5.72292e-07
-1.61483e-05
5.59369e-05
-0.00123176
-0.00328361
-0.00165656
-0.00136784
-0.00112516
0.000305744
-2.76474e-06
-1.75507e-06
-2.92508e-05
0.000114022
-0.00213154
-0.00575774
-0.00393163
-0.00519437
-0.00278566
0.00205689
-1.03938e-06
-1.80341e-06
-2.80588e-05
0.000110074
-0.00218104
-0.00564202
-0.00335583
-0.00505532
-0.00323085
0.00255344
-1.40805e-06
-6.92776e-07
-2.78128e-05
0.000101646
-0.00202545
-0.00526476
-0.00281596
-0.00419674
-0.00300405
0.00232663
-3.61111e-06
1.59594e-06
-2.98925e-05
9.65894e-05
-0.00176524
-0.00490956
-0.00268362
-0.00362465
-0.00268143
0.00214304
-6.84847e-06
4.21221e-06
-3.08294e-05
8.49116e-05
-0.00135066
-0.00437597
-0.00283225
-0.00329915
-0.00237549
0.00203357
-8.84705e-06
3.6851e-06
-2.0948e-05
3.99525e-05
-0.000645668
-0.00301839
-0.00291528
-0.00284125
-0.00189483
0.00160021
-5.71787e-06
1.38686e-06
-1.35081e-05
2.4238e-05
-0.000484154
-0.00210828
-0.00128992
-0.000121841
-0.0010609
0.000450449
5.39069e-07
-6.27761e-08
6.96772e-07
-1.23871e-06
6.06845e-06
5.83688e-05
7.03332e-05
3.27629e-05
7.19584e-05
-4.22915e-05
-4.20877e-07
-4.12648e-07
-8.29857e-07
3.89727e-06
-7.44779e-05
-0.000220258
-0.000173444
-0.000208939
-0.000192448
0.000132681
3.39619e-06
3.097e-06
2.84704e-05
-0.000169052
0.00209085
0.00530725
0.00210682
0.00303149
0.00259211
-0.00118881
-3.90316e-09
6.86975e-06
4.98201e-05
-0.000311547
0.00350711
0.00907582
0.00586815
0.0103702
0.00510678
-0.00688446
-4.9696e-06
6.02376e-06
4.75285e-05
-0.000306807
0.00352673
0.00882997
0.00491873
0.0099307
0.00571764
-0.00842447
-2.64899e-06
2.8156e-06
4.7607e-05
-0.000282338
0.0031647
0.00806978
0.00394754
0.00820033
0.00533231
-0.00769011
4.59067e-06
-2.22514e-06
5.10747e-05
-0.000252854
0.00257595
0.00718233
0.00360685
0.00701706
0.00472065
-0.00698948
1.38042e-05
-7.17948e-06
5.02484e-05
-0.000196995
0.00170071
0.00583558
0.00369587
0.00630069
0.00413334
-0.00647637
1.79288e-05
-4.56972e-06
2.45795e-05
-6.05541e-05
0.000368608
0.00291902
0.00370783
0.00552915
0.00333811
-0.00507036
1.21175e-05
-5.03535e-07
1.50246e-05
-4.23401e-05
0.000340902
0.00203723
0.00112607
0.000585347
0.00224219
-0.00157976
-1.22799e-06
-8.93658e-08
-7.12496e-07
1.73836e-06
1.87684e-05
-1.30891e-05
-7.04195e-05
-9.18729e-05
-0.000163411
0.000155951
4.54318e-08
7.11862e-07
6.72287e-07
-7.55112e-06
5.67365e-05
0.000169411
0.000136599
0.000273253
0.000213302
-9.85858e-05
7.46733e-07
-7.46943e-06
-3.40895e-05
0.000287531
-0.00214353
-0.00489469
-0.000714336
-0.00359114
-0.00253275
0.00144669
1.09261e-05
-1.33659e-05
-5.92408e-05
0.000489681
-0.00338455
-0.00807699
-0.00438856
-0.0121144
-0.00433182
0.00760111
1.64749e-05
-1.03967e-05
-5.74359e-05
0.000477144
-0.00327939
-0.00775827
-0.00358505
-0.0115075
-0.00482472
0.00955809
1.14547e-05
-4.96933e-06
-5.80357e-05
0.000424217
-0.00276573
-0.00680903
-0.00260216
-0.00942906
-0.00456716
0.00872999
6.86577e-07
1.8665e-06
-6.06839e-05
0.00034833
-0.00198154
-0.00551953
-0.00216648
-0.00798752
-0.00407287
0.0077915
-1.13051e-05
7.87038e-06
-5.48772e-05
0.000224497
-0.000921558
-0.00365309
-0.00219356
-0.00706801
-0.00359402
0.00700885
-1.35774e-05
3.59211e-06
-1.3037e-05
-7.14698e-06
0.000447405
-0.000138978
-0.00228709
-0.00629501
-0.00284351
0.00521148
-7.46392e-06
-1.07148e-06
-7.41378e-06
9.5263e-06
0.000169081
-0.000119378
0.000157915
-0.000976144
-0.00202293
0.00165266
9.40713e-07
1.65006e-07
4.19494e-07
2.16044e-06
-4.96241e-05
-0.000103649
-1.41239e-06
0.000139817
0.00019316
-0.000102195
1.24477e-08
-9.54316e-07
2.63941e-06
-3.37554e-06
-3.9704e-05
-7.48577e-05
-4.58765e-06
-0.000162564
-0.000401116
-2.66303e-05
-6.23388e-08
2.48576e-05
-6.5784e-05
6.10559e-05
0.0018282
0.00360416
-0.000612783
0.00208367
0.00508513
0.000204353
-2.63629e-06
4.54679e-05
-0.000110087
8.76047e-05
0.00274728
0.00525922
-0.000152699
0.00876057
0.0142222
-0.000101551
-4.33295e-06
4.38217e-05
-0.000104773
9.31115e-05
0.00258009
0.00506747
-0.000562877
0.00758742
0.0153784
-0.000232354
-3.94154e-06
3.54748e-05
-8.48329e-05
7.15361e-05
0.00210213
0.00440529
-0.000730246
0.00576936
0.0136668
-0.000247901
-2.91949e-06
2.36542e-05
-5.65784e-05
3.12392e-05
0.00142137
0.00338102
-0.000685265
0.00474409
0.0120278
-0.000275451
-1.67958e-06
8.0807e-06
-2.16927e-05
-9.90225e-06
0.00055606
0.00194262
-0.000342297
0.00424608
0.0107499
-0.000310096
1.48395e-07
-9.50883e-06
1.21424e-05
-1.50703e-05
-0.000434293
-0.000620071
-0.000103357
0.0041719
0.00861768
-0.00025662
9.59229e-07
-4.10759e-06
3.5909e-06
-9.71439e-06
-0.000165037
-6.28412e-05
-0.000312798
-0.000113023
0.00329217
-3.31264e-05
-3.52944e-08
4.03397e-07
-5.76634e-07
2.61158e-06
3.51366e-05
0.000111292
0.000103543
-2.68356e-05
-0.000323899
-1.41573e-05
-4.81548e-08
8.84626e-08
-2.68748e-07
-5.91431e-07
6.17649e-05
0.000140907
-1.61139e-05
0.000119421
0.000505275
4.5062e-05
1.46171e-06
6.93941e-07
1.1673e-05
2.32463e-05
-0.00300451
-0.00648801
0.00116042
-0.00187797
-0.00703965
-0.000964397
4.23891e-06
1.71952e-06
7.18978e-06
9.5227e-05
-0.00436958
-0.00975259
-0.000552801
-0.00982038
-0.0167586
-0.00264031
5.22595e-06
5.29063e-06
-3.58559e-06
0.000110256
-0.00403439
-0.00921131
-3.80375e-05
-0.00798582
-0.0171848
-0.00272378
5.51147e-06
1.01683e-05
-1.97925e-05
0.000137162
-0.00320669
-0.00787544
0.000364683
-0.00570235
-0.015101
-0.0024313
5.89108e-06
1.54679e-05
-3.93331e-05
0.000172363
-0.00204281
-0.00603036
0.000310648
-0.00443613
-0.0131451
-0.00214428
6.16109e-06
1.89659e-05
-5.42717e-05
0.000177229
-0.000582582
-0.00353289
-0.000446805
-0.00387519
-0.0116134
-0.00190757
4.72281e-06
1.26663e-05
-4.00571e-05
7.0485e-05
0.00101918
0.000862789
-0.000908306
-0.00434274
-0.00948492
-0.00160709
2.3738e-06
6.34281e-06
-2.31632e-05
5.01321e-05
0.000528107
0.000315344
0.000268864
0.00053591
-0.00401739
-0.000688185
-2.69634e-08
-1.70311e-07
1.08235e-06
-3.47611e-06
-6.27572e-05
-0.000169143
-0.000160246
-4.89727e-05
0.000438474
4.92851e-05
-2.21882e-07
-1.17869e-06
2.86666e-06
-6.91444e-06
-4.65594e-05
-5.61274e-05
0.000147817
8.20504e-05
-0.000524863
-0.00012089
2.72022e-06
2.09282e-05
-7.69548e-05
0.000275014
0.00336854
0.00701667
-0.00250431
4.7686e-05
0.0102422
0.0014233
6.22578e-06
3.98922e-05
-0.000118734
0.000346746
0.00445085
0.00922909
-0.00251725
0.00794385
0.0239808
0.00395964
6.2871e-06
3.80046e-05
-0.000103515
0.000299274
0.003878
0.00845226
-0.00271629
0.00535629
0.0239723
0.00423608
5.48782e-06
3.20249e-05
-7.64931e-05
0.00019162
0.00283479
0.00690191
-0.00251688
0.00298138
0.0206899
0.00375197
4.44812e-06
2.48998e-05
-4.38548e-05
4.85918e-05
0.00145671
0.00470196
-0.00187922
0.00201593
0.0178491
0.00330222
2.98659e-06
1.51581e-05
-6.59801e-06
-8.51456e-05
-0.000151074
0.00184777
-0.000298825
0.00207525
0.0157145
0.00296176
1.11854e-06
2.17507e-06
2.3959e-05
-0.000121436
-0.00159234
-0.00268679
0.000319643
0.00382872
0.0128699
0.00236738
9.71429e-07
3.29125e-06
1.21226e-05
-8.00153e-05
-0.000963739
-0.00139957
0.000227102
-0.00100414
0.00483181
0.000605143
-1.24377e-07
-2.87712e-07
-1.81036e-07
6.10041e-06
6.88781e-05
0.000229314
0.000263799
0.000201995
-0.000504732
2.23033e-06
4.72237e-09
-3.96932e-07
-3.19483e-07
4.73253e-06
5.03017e-05
5.54466e-05
-0.000233652
-0.000357806
0.00146293
0.000796548
-2.86469e-07
2.59111e-06
3.1431e-05
-0.000367131
-0.0045886
-0.0107378
0.00257067
0.00213628
-0.01592
-0.00515412
-1.30212e-07
9.83466e-06
2.49164e-05
-0.000355029
-0.00570243
-0.0139041
0.00177674
-0.00717822
-0.0317158
-0.00855936
4.36846e-07
1.41558e-05
3.68522e-06
-0.000237187
-0.00481362
-0.0124494
0.00200847
-0.00386781
-0.0299387
-0.00769978
1.03509e-06
1.67369e-05
-1.74004e-05
-6.0989e-05
-0.0033629
-0.0100274
0.00171642
-0.00128256
-0.025487
-0.0063737
1.70434e-06
1.87652e-05
-3.89026e-05
0.00014806
-0.0015036
-0.00687205
0.000527231
-0.000563581
-0.0217804
-0.0052134
2.43839e-06
1.9865e-05
-5.8276e-05
0.000316446
0.000599874
-0.00290327
-0.00219107
-0.00136341
-0.0190591
-0.00429594
2.67533e-06
1.63649e-05
-5.68898e-05
0.000298723
0.00229249
0.00305277
-0.00258918
-0.0047108
-0.016269
-0.00354737
1.26781e-06
9.72161e-06
-3.79905e-05
0.000214304
0.00156464
0.0019851
-0.0015626
0.00041735
-0.00699012
-0.00203132
-8.66997e-08
-6.72681e-07
1.04416e-06
-9.70368e-06
-7.73583e-05
-0.000243999
-0.000318368
-0.000402822
0.00108456
0.000532597
-5.26257e-08
-3.45971e-07
9.6557e-07
-5.75769e-06
-1.2223e-05
7.64413e-05
0.000316044
0.000966904
-0.00521973
0.00263314
6.2051e-07
4.52372e-06
-4.18492e-05
0.000672742
0.0054177
0.0139514
-0.00106805
-0.00464831
0.0239978
-0.00216882
1.80587e-06
1.13443e-05
-5.20311e-05
0.000677071
0.00593341
0.0159257
-0.000556533
0.00748823
0.0425726
0.011417
1.80343e-06
1.11926e-05
-3.52852e-05
0.000469581
0.00461722
0.0136442
-0.000870523
0.00312223
0.0386389
0.0126726
1.52066e-06
1.02592e-05
-2.01887e-05
0.000181406
0.00276422
0.010363
-0.000217868
0.000293781
0.0327918
0.0115708
1.24427e-06
9.74203e-06
-6.55464e-06
-0.000144682
0.000502579
0.0061292
0.00179004
0.000238535
0.0279353
0.0105132
8.64492e-07
8.5237e-06
9.98237e-06
-0.00041139
-0.00188396
0.000894745
0.00561936
0.0025968
0.0243876
0.00955023
3.16892e-07
5.51058e-06
2.2738e-05
-0.000434663
-0.00332975
-0.00587932
0.00461618
0.00816516
0.0216333
0.00815288
1.30498e-07
2.62561e-06
1.886e-05
-0.000335032
-0.00254109
-0.00449959
0.00318149
0.00250724
0.0100114
0.00201653
-2.37988e-08
-3.58512e-07
5.02635e-07
1.08113e-05
7.91515e-05
0.000271115
0.000349883
0.000693027
-0.00389428
-0.000726095
1.36295e-08
9.93533e-09
1.09035e-06
-3.47369e-06
-4.70283e-05
-0.000263449
-0.000303587
-0.00193016
0.0136363
-0.0222771
-1.31789e-07
2.14354e-07
-1.31139e-05
-0.000880519
-0.00662071
-0.0196756
-0.00484413
0.00446882
-0.0357338
0.0371355
-1.72911e-07
4.08472e-06
-3.55524e-05
-0.000715746
-0.00651924
-0.0209784
-0.00570116
-0.0128406
-0.0598756
0.0387237
4.65516e-08
6.17281e-06
-4.26574e-05
-0.000374323
-0.00470841
-0.0174383
-0.00480651
-0.00712046
-0.0529585
0.0261149
1.57017e-07
5.9821e-06
-3.79857e-05
3.47592e-05
-0.00236138
-0.0126968
-0.00536007
-0.00374147
-0.0452888
0.01862
2.01884e-07
5.24684e-06
-2.94548e-05
0.000462883
0.000375384
-0.00679106
-0.00791896
-0.00434218
-0.0387947
0.0129686
2.88796e-07
4.73453e-06
-2.60359e-05
0.000772752
0.0030789
0.000338414
-0.0121501
-0.0084082
-0.0340191
0.0088457
3.88452e-07
4.06256e-06
-2.49954e-05
0.000714187
0.00425991
0.00815347
-0.00749871
-0.0156505
-0.0311451
0.00744346
1.23291e-07
1.7831e-06
-2.36027e-05
0.000585319
0.00356936
0.007411
-0.00409238
-0.009828
-0.0156439
0.00661166
-4.00687e-09
-1.2696e-07
-3.95955e-07
-1.16034e-05
-5.60062e-05
-0.000210976
-0.000327168
-0.0011399
0.0106918
-0.0105161
-4.13555e-09
-1.32912e-07
-1.76233e-06
2.20402e-05
0.000177825
0.000681909
0.000356337
0.00121513
-0.00501018
0.0638252
9.31973e-08
2.316e-06
6.2164e-05
0.00115837
0.00738746
0.0255038
0.0183533
0.00504284
0.0605925
-0.0462725
-2.67375e-08
8.38252e-07
6.57999e-05
0.000831444
0.00613387
0.023945
0.0172114
0.0284201
0.0803437
-0.0815854
-1.16525e-07
4.05999e-07
4.293e-05
0.0003381
0.00375838
0.0188868
0.0152732
0.019992
0.0725098
-0.0651704
-6.47097e-08
1.25424e-06
7.44678e-06
-0.000210528
0.000932097
0.0124221
0.0151684
0.0154827
0.0644044
-0.0508896
3.94203e-08
2.17098e-06
-3.07016e-05
-0.000742388
-0.00217196
0.00442679
0.0171825
0.0161857
0.0566471
-0.0409779
1.15197e-07
2.72964e-06
-5.20659e-05
-0.00108194
-0.00493795
-0.00494814
0.0193566
0.0210067
0.0506358
-0.0339269
5.86174e-08
1.76404e-06
-4.34038e-05
-0.000935439
-0.00543726
-0.0129333
0.00767162
0.0276947
0.0472629
-0.0262298
-5.64574e-09
3.89473e-08
-2.3671e-05
-0.000818953
-0.00485525
-0.0126208
0.00148883
0.0229984
0.030066
-0.00222966
8.78009e-09
1.25651e-07
2.20232e-06
5.34161e-06
1.11921e-06
5.79251e-05
0.000252248
0.000625638
-0.00958645
0.0401294
2.71819e-08
5.8358e-07
3.54484e-06
-6.22922e-05
-0.000385927
-0.00149402
-0.00147836
0.018089
-0.0585198
-0.125026
-5.9649e-07
-1.06729e-05
-0.000145892
-0.00131966
-0.00785764
-0.0316352
-0.0445651
-0.0406282
-0.113032
0.00743515
-5.78752e-07
-1.03649e-05
-0.000128562
-0.00068739
-0.00539809
-0.0265377
-0.0371462
-0.0643508
-0.120103
0.0484221
-4.02814e-07
-7.60578e-06
-5.91804e-05
-1.45399e-05
-0.00246677
-0.0196145
-0.0334142
-0.0526779
-0.114482
0.039237
-3.40757e-07
-5.25669e-06
2.12028e-05
0.000670047
0.000797784
-0.0109081
-0.0310495
-0.0459862
-0.108552
0.0302798
-2.37445e-07
-2.17584e-06
9.47213e-05
0.00126717
0.00410502
-0.000427432
-0.029669
-0.0440752
-0.0993388
0.0267913
-1.30031e-07
3.22381e-07
0.000129995
0.00156346
0.00664678
0.0110748
-0.0249734
-0.0449534
-0.0893639
0.0265649
2.77649e-09
2.07931e-06
0.000102894
0.0012366
0.00624228
0.017777
-0.00217566
-0.0442053
-0.0841809
0.0197248
6.49335e-08
2.46023e-06
7.76153e-05
0.00112142
0.00584716
0.0182676
0.00864359
-0.0419215
-0.0693654
-0.0192266
-1.23965e-08
-2.41124e-07
-3.65046e-06
1.27229e-05
0.000121407
0.000334569
-5.1565e-05
0.00621824
-0.0168517
-0.0875901
-4.01673e-08
-1.16934e-06
-3.63598e-06
0.000126023
0.000697794
0.00297162
0.0069422
-0.0236343
0.0964875
0.158571
1.29778e-06
2.24867e-05
0.000230527
0.00139382
0.00748812
0.0343883
0.0814594
0.118181
0.0896054
0.0366908
2.12951e-06
2.61849e-05
0.000129708
0.000463485
0.00369787
0.0244394
0.0613883
0.116974
0.101218
0.0230343
1.96451e-06
1.81512e-05
-9.3861e-06
-0.000385887
0.000262914
0.0155695
0.0548345
0.106704
0.129469
0.0230702
1.29032e-06
6.65702e-06
-0.000145249
-0.00119224
-0.0032956
0.00464957
0.0474835
0.0950683
0.148134
0.023594
3.614e-07
-5.64707e-06
-0.000252818
-0.0018041
-0.00650118
-0.00788432
0.0376725
0.0826924
0.161119
0.0288967
-4.19462e-07
-1.39875e-05
-0.000286713
-0.00199095
-0.00840922
-0.0201426
0.0196617
0.0685107
0.166975
0.0472631
-6.79614e-07
-1.44752e-05
-0.000211849
-0.0014556
-0.0069011
-0.0231252
-0.0148915
0.0480203
0.158465
0.0892982
-3.63407e-07
-1.00411e-05
-0.000176256
-0.00135107
-0.00655628
-0.0236825
-0.0303809
0.0434506
0.123618
0.163328
1.34463e-08
5.38751e-07
6.32536e-06
-5.11346e-05
-0.000333017
-0.00119337
-0.000493367
0.00300533
0.0559436
0.281165
-5.94071e-09
1.03945e-06
-9.40264e-06
-0.00022359
-0.00110988
-0.0048593
-0.0137985
-0.0494041
0.0391565
0.154996
-5.53353e-07
-3.58284e-05
-0.00029173
-0.00123908
-0.00619182
-0.0309797
-0.120022
-0.16014
0.0982774
0.299311
-1.38519e-06
-3.86865e-05
-5.74645e-05
3.34901e-05
-0.00142512
-0.017168
-0.0840399
-0.126215
0.122518
0.341462
-1.35215e-06
-1.9053e-05
0.000161082
0.00104766
0.0023287
-0.00650048
-0.0727801
-0.11744
0.10567
0.413162
-8.73446e-07
6.18908e-06
0.000349929
0.00192647
0.00590864
0.00606327
-0.0557411
-0.0981694
0.0783832
0.53564
-2.27575e-07
2.95207e-05
0.000467752
0.00245576
0.0085751
0.0189082
-0.0310857
-0.0702218
0.048667
0.69816
3.10282e-07
4.2321e-05
0.000462232
0.00243589
0.0094433
0.0287986
0.00423639
-0.0382715
0.0292584
0.882457
4.64671e-07
3.5154e-05
0.000309545
0.00165877
0.00691615
0.0255821
0.0425386
-0.00261235
0.0271116
1.04712
1.42633e-07
2.24615e-05
0.000284605
0.00152828
0.00656477
0.0255551
0.0577753
0.0182237
0.0246329
1.08956
4.37148e-09
-5.43204e-07
-2.6971e-06
0.000124915
0.000652277
0.00270404
0.00545312
-0.0323554
0.0235131
0.798708
4.66585e-09
9.57044e-08
3.01028e-05
0.00029319
0.00169007
0.00854481
0.03753
0.0461833
-0.0654423
0.69348
6.84819e-07
2.83795e-05
0.000117688
0.000615197
0.00464445
0.0284098
0.158808
-0.138789
-0.0330445
1.0222
1.00414e-06
1.23566e-05
-0.000112102
-0.00071335
-0.00106774
0.00996394
0.10802
-0.184748
0.0344972
1.0438
5.73723e-07
-1.16307e-05
-0.000282851
-0.00169714
-0.00520486
-0.00308622
0.0871331
-0.197608
0.0580322
1.10068
-5.45789e-08
-3.39789e-05
-0.000407542
-0.00242606
-0.00875951
-0.0171629
0.0518336
-0.192474
0.0980966
1.18852
-6.41878e-07
-4.87679e-05
-0.000439506
-0.00265278
-0.0107023
-0.0290635
0.00593389
-0.170844
0.15447
1.2905
-9.64268e-07
-4.99825e-05
-0.000362826
-0.0023208
-0.0104537
-0.0353286
-0.0439103
-0.142666
0.212228
1.40043
-7.98948e-07
-3.39778e-05
-0.000210135
-0.00145465
-0.00714028
-0.027798
-0.0705979
-0.117422
0.247282
1.50504
-3.92136e-07
-2.52584e-05
-0.000194098
-0.00128196
-0.0066535
-0.0279393
-0.0757851
-0.132817
0.198269
1.56377
-6.53769e-09
1.50044e-07
-1.19171e-05
-0.000198092
-0.00108889
-0.00487571
-0.0138768
-0.0254061
-0.00991624
1.38473
-8.85636e-09
-9.65938e-07
-3.82696e-05
-0.00033149
-0.00200179
-0.0112529
-0.0541025
-0.0230056
0.0254086
1.09096
-9.60812e-07
-2.73827e-05
-9.55634e-05
-0.000301414
-0.00184679
-0.015463
-0.0732938
0.0925444
0.0987392
1.34056
-1.04163e-06
-6.90782e-06
0.000129045
0.00117914
0.00419971
0.00455148
-0.0271262
0.18134
0.0783083
1.39144
-3.51782e-07
2.08345e-05
0.000331058
0.00221918
0.0082263
0.0184382
0.00690124
0.184936
0.0724801
1.44897
4.66171e-07
4.55402e-05
0.000473602
0.00286994
0.0111466
0.0314258
0.050737
0.129471
0.105664
1.54211
1.1356e-06
5.96277e-05
0.000503133
0.00289656
0.0117713
0.0386156
0.0902157
0.0349582
0.224005
1.61386
1.43107e-06
5.84365e-05
0.00042482
0.00241308
0.0102475
0.0380897
0.112204
-0.0315691
0.389962
1.6347
1.13851e-06
3.97078e-05
0.000264475
0.00152176
0.00658951
0.0257647
0.0909081
-0.0330906
0.509808
1.62055
6.7582e-07
2.92103e-05
0.000210504
0.00127965
0.00598069
0.0258337
0.0819162
0.0182568
0.483818
1.60122
1.07136e-08
3.92413e-07
2.41083e-05
0.00027055
0.00151487
0.00712839
0.0236142
0.059239
0.315741
1.44485
1.21994e-08
1.37136e-06
3.72945e-05
0.000289793
0.00160316
0.00691861
-0.00807644
0.141153
-0.039038
1.376
7.61666e-07
1.28443e-05
6.01785e-06
-0.000125027
-0.000130662
0.00481293
-0.029831
0.14323
0.222192
1.54547
1.71688e-07
-1.87407e-05
-0.000285501
-0.00187818
-0.00664802
-0.0157957
-0.0919599
0.155599
0.278816
1.54822
-6.99828e-07
-4.70243e-05
-0.000489927
-0.00288987
-0.0105322
-0.0288309
-0.124929
0.157322
0.359925
1.54433
-1.44422e-06
-6.59535e-05
-0.000585624
-0.00333179
-0.0127549
-0.0383643
-0.137975
0.203779
0.44597
1.53305
-1.85424e-06
-6.96926e-05
-0.000541341
-0.00304201
-0.0122011
-0.0390882
-0.120757
0.231012
0.528633
1.5242
-1.80352e-06
-5.83442e-05
-0.000404701
-0.00233708
-0.00997616
-0.0332892
-0.0845872
0.168456
0.672894
1.48694
-1.21434e-06
-3.4744e-05
-0.000228483
-0.0014099
-0.00651848
-0.021884
-0.0346088
0.0460204
0.841932
1.42079
-8.41646e-07
-2.63591e-05
-0.000177636
-0.0011074
-0.00572549
-0.0236277
-0.0507028
-0.0963566
0.878571
1.42015
-1.73268e-08
-1.04747e-06
-3.28443e-05
-0.000293687
-0.0017071
-0.00799801
-0.0176752
-0.0958538
0.370148
1.6957
-1.10838e-08
-1.63063e-06
-3.57949e-05
-0.000236738
-0.00137195
-0.00697334
-0.0293105
-0.00793314
0.424466
1.3396
-4.36354e-07
-6.62553e-06
-8.84205e-06
0.000403144
0.002376
0.00544233
-0.0742402
0.351635
0.473111
1.51754
2.84105e-07
2.59675e-05
0.000376498
0.00256313
0.00967069
0.024266
-0.00154186
0.409028
0.410451
1.55946
1.14844e-06
5.4739e-05
0.000598747
0.00354335
0.0131383
0.0340223
0.0128819
0.332277
0.421231
1.58514
1.79163e-06
7.10731e-05
0.000668623
0.00376212
0.014339
0.0387297
0.00265765
0.209161
0.534423
1.58598
2.01383e-06
7.03545e-05
0.000584236
0.0031863
0.0124945
0.0342024
-0.0262679
0.13487
0.717963
1.52567
1.79716e-06
5.67576e-05
0.00042408
0.00231955
0.00970161
0.0275627
-0.0326394
0.139194
0.894549
1.42417
1.16081e-06
3.42782e-05
0.000243758
0.00138729
0.00637149
0.0198916
-0.0124338
0.159892
1.04224
1.31081
8.12125e-07
2.36321e-05
0.000164358
0.000930435
0.00515591
0.0226102
0.0520311
0.155106
1.06836
1.25037
2.14076e-08
1.50859e-06
3.0698e-05
0.000241483
0.00154958
0.00763399
0.0117951
0.0910918
0.694134
1.35234
8.93388e-09
1.5188e-06
1.27118e-05
-4.53145e-08
-2.10799e-05
-0.000768526
-0.0117335
0.115759
0.364259
1.39454
1.54037e-07
3.0946e-06
-6.79941e-05
-0.000919429
-0.00403033
-0.0202319
-0.055244
0.429581
0.547598
1.55153
-8.45987e-07
-4.72139e-05
-0.00061402
-0.00354301
-0.0125797
-0.0367385
-0.00587201
0.546247
0.597506
1.57032
-1.76942e-06
-7.81357e-05
-0.000808797
-0.00435673
-0.0155908
-0.0429066
-0.0126178
0.590051
0.724902
1.49699
-2.25916e-06
-8.82218e-05
-0.000794794
-0.00420597
-0.015692
-0.0421418
-0.00993361
0.604408
0.859012
1.38889
-2.22467e-06
-7.82626e-05
-0.000616491
-0.00324448
-0.0126882
-0.0325317
-0.00287014
0.554564
0.974827
1.27922
-1.78769e-06
-5.69299e-05
-0.000385144
-0.00213298
-0.00946947
-0.0258878
-0.0266068
0.463906
1.09731
1.16623
-1.05228e-06
-3.12519e-05
-0.000189744
-0.00119543
-0.00632914
-0.0200791
-0.0617342
0.341771
1.19703
1.07851
-6.81072e-07
-1.96124e-05
-9.32649e-05
-0.000561276
-0.00426198
-0.0207982
-0.0563847
0.106728
1.20516
1.08693
-2.07482e-08
-1.3945e-06
-1.93687e-05
-0.000165655
-0.00120075
-0.00665994
-0.0163898
-0.049905
0.700584
1.5138
1.43265e-11
1.28639e-06
2.44283e-05
0.000162918
0.00133877
0.00825148
0.0377461
0.119044
0.840174
1.30813
-2.70437e-07
3.85098e-06
0.0002573
0.00187838
0.00594887
0.0111904
0.155314
0.604636
0.751902
1.45509
1.26327e-06
7.1339e-05
0.000813407
0.004634
0.0159129
0.0329424
0.234756
0.640514
0.552182
1.53878
2.22745e-06
9.78226e-05
0.000919414
0.00509602
0.0180208
0.033888
0.162082
0.585622
0.532386
1.55518
2.54478e-06
9.79104e-05
0.000806548
0.00445447
0.0166854
0.0280763
0.0730982
0.511416
0.652485
1.51268
2.28491e-06
7.79414e-05
0.000552423
0.00308602
0.0125085
0.0174854
-0.00656383
0.458559
0.862213
1.37082
1.68999e-06
5.03171e-05
0.000294599
0.00178509
0.00877714
0.016381
-0.0315071
0.452456
1.05111
1.19978
9.59305e-07
2.57851e-05
0.000133763
0.000960399
0.00590795
0.015694
-0.0445713
0.485076
1.21358
1.04617
5.77952e-07
1.17764e-05
9.71609e-06
0.000198401
0.00298004
0.018135
-0.0150901
0.45634
1.33365
0.90343
1.9312e-08
8.73868e-07
1.48164e-05
0.0001569
0.000940237
0.00359615
-0.0161766
0.152285
1.08337
0.99225
1.58443e-08
2.63713e-06
5.42646e-05
0.000423675
0.00248219
0.0150918
0.0757365
0.247489
0.776022
1.19205
-3.45869e-07
-3.65329e-05
-0.000533451
-0.00346762
-0.013498
0.00604151
0.375417
0.628806
0.809604
1.3804
-2.41388e-06
-0.000102129
-0.000968745
-0.00576816
-0.0216081
0.0146451
0.539217
0.758914
0.870134
1.49245
-3.17287e-06
-0.000115651
-0.000971034
-0.00567582
-0.0220333
0.00481895
0.484229
0.827061
0.994248
1.36567
-3.08826e-06
-0.000101156
-0.000762379
-0.00444433
-0.0187358
-0.00537306
0.392731
0.879343
1.10382
1.16711
-2.42535e-06
-6.98626e-05
-0.000454733
-0.00269341
-0.0130198
-0.0118366
0.277713
0.881747
1.17126
1.04505
-1.54252e-06
-3.74126e-05
-0.000202656
-0.00132305
-0.00835029
-0.0216263
0.140001
0.825394
1.24118
0.972892
-7.68386e-07
-1.58716e-05
-8.10822e-05
-0.000685803
-0.00570078
-0.0256137
0.0267011
0.706514
1.2586
0.901884
-2.9295e-07
-4.47938e-07
3.27267e-05
4.51456e-05
-0.00189891
-0.0204282
-0.0868729
0.426895
1.20127
0.921086
-1.75639e-08
-1.04712e-06
-2.11181e-05
-0.00017585
-0.0012073
-0.00738189
-0.0330883
0.0388942
0.930402
1.14732
3.20804e-08
3.63108e-06
8.23664e-05
0.000847612
0.00707122
0.0416074
0.126266
0.376356
1.09688
1.20155
1.28946e-06
5.1599e-05
0.000555527
0.00415988
0.0268714
0.150414
0.536211
0.735876
0.873884
1.31726
2.76322e-06
9.81713e-05
0.00095504
0.00625662
0.0346992
0.183054
0.656728
0.721954
0.592102
1.30008
3.00229e-06
0.000100125
0.000898281
0.00558169
0.0300298
0.151444
0.596205
0.724335
0.532139
1.3165
2.48995e-06
7.78637e-05
0.000642613
0.00383758
0.021169
0.108996
0.504589
0.719786
0.594672
1.39005
1.60986e-06
4.59815e-05
0.000340274
0.00194032
0.0116361
0.0665312
0.390723
0.720576
0.7694
1.29869
7.88503e-07
2.04414e-05
0.000136415
0.0008011
0.00603018
0.039802
0.284991
0.750889
0.95524
0.964281
2.85773e-07
7.71292e-06
5.62625e-05
0.00045224
0.00412895
0.0244838
0.177761
0.803979
1.14701
0.648407
-8.04503e-08
-3.40051e-06
-3.98568e-05
-0.000195108
0.000791365
0.0115669
0.0372983
0.778214
1.39132
0.550924
1.06542e-09
2.76567e-07
6.46618e-08
-3.03782e-05
-0.000135824
-0.000175762
-0.0166822
0.227673
1.38612
0.563363
3.36577e-08
4.1084e-06
9.93705e-05
0.000975799
0.00696754
0.0438975
0.144291
0.424114
1.08576
0.966092
4.84432e-07
-1.30027e-05
-0.00043085
-0.00230734
0.00658246
0.205423
0.759223
0.728815
1.0041
1.30741
-1.26195e-06
-8.26269e-05
-0.000983605
-0.00480179
0.00169718
0.279357
0.966411
0.788777
1.04295
1.72097
-1.73641e-06
-8.85489e-05
-0.000897945
-0.00418428
0.0012119
0.24436
0.888724
0.856803
1.13055
1.60659
-1.5324e-06
-6.93591e-05
-0.000618116
-0.00274461
0.00130703
0.188394
0.767419
0.94608
1.2368
1.13795
-1.07389e-06
-4.317e-05
-0.000320957
-0.00140755
0.00046306
0.125606
0.626647
1.02503
1.24638
0.336123
-6.4969e-07
-2.18509e-05
-0.000114072
-0.000682709
-0.00256578
0.0559158
0.45578
1.04392
1.15453
-0.28314
-3.57081e-07
-9.75096e-06
-2.72544e-05
-0.000467164
-0.00489959
0.00808936
0.292815
0.966883
1.00822
-0.347223
-1.09845e-07
2.84775e-06
0.000100881
0.000443689
-0.000922843
-0.0162974
0.0320715
0.711317
0.933224
0.314124
-5.96656e-09
-7.22577e-08
-3.37943e-06
-5.80344e-05
-0.000346224
-0.00277104
-0.0196705
0.156274
1.02995
0.877577
1.33005
0.627217
1.40811
0.534012
1.47671
0.44276
1.59179
0.545823
1.51631
0.712444
1.28585
0.664806
1.39442
0.619954
1.44496
0.666754
1.44721
0.618756
1.42653
0.543091
1.2717
0.67943
1.39044
0.627736
1.45301
0.675545
1.43026
0.630864
1.39431
0.552627
1.25105
0.695846
1.37751
0.637009
1.44303
0.681788
1.4308
0.631997
1.40237
0.544418
1.21476
0.725814
1.35444
0.653626
1.42986
0.690218
1.42978
0.632566
1.40962
0.536949
1.16554
0.768416
1.32195
0.678172
1.41297
0.701769
1.42481
0.634725
1.41212
0.533192
1.10882
0.819697
1.2826
0.709302
1.39279
0.716536
1.41552
0.638891
1.40937
0.533372
1.05876
0.865852
1.24639
0.738113
1.37458
0.728359
1.40929
0.638979
1.4102
0.532778
1.05299
0.865767
1.24122
0.727709
1.37198
0.696342
1.44788
0.608874
1.45844
0.529788
1.16722
0.741225
1.34944
0.549787
1.4749
0.430088
1.5771
0.565395
1.47153
0.773595
1.15655
0.814674
1.2302
0.742308
1.31054
0.704126
1.38754
0.65598
1.40557
0.63157
1.04095
0.943595
1.13523
0.874611
1.20073
0.811842
1.22741
0.755739
1.25386
0.717163
1.03046
0.958372
1.1207
0.890716
1.1815
0.824187
1.20477
0.771048
1.23037
0.737538
1.01107
0.978437
1.10128
0.908712
1.16609
0.838819
1.19414
0.779603
1.22422
0.73912
0.981582
1.01054
1.0713
0.937845
1.14113
0.86226
1.17566
0.794723
1.2124
0.745274
0.947146
1.04983
1.03499
0.974068
1.10961
0.89147
1.15117
0.815156
1.1953
0.756823
0.909461
1.09447
0.993753
1.01616
1.0728
0.925282
1.12217
0.839479
1.17449
0.772288
0.873611
1.13767
0.953785
1.05791
1.0366
0.958956
1.09416
0.862749
1.15579
0.785604
0.856175
1.15148
0.9383
1.0673
1.03142
0.965778
1.10387
0.857484
1.17476
0.768443
0.928902
1.04509
1.02109
0.925777
1.14764
0.831931
1.2727
0.742131
1.32717
0.688817
0.998552
0.971259
1.05512
0.933068
1.10648
0.896207
1.13995
0.848106
1.16807
0.815158
0.907316
1.07248
0.960739
1.01768
1.00203
0.967076
1.03886
0.926932
1.07723
0.893406
0.888758
1.09107
0.939839
1.03282
0.982531
0.978443
1.02562
0.935223
1.06883
0.898797
0.869477
1.11087
0.921999
1.04995
0.968636
0.99055
1.01628
0.941601
1.06428
0.899713
0.83723
1.1477
0.887178
1.08535
0.937814
1.01902
0.992138
0.961338
1.04732
0.910882
0.809618
1.1852
0.848213
1.12859
0.896734
1.05923
0.955479
0.993008
1.01839
0.931833
0.798084
1.20836
0.820728
1.16337
0.860171
1.0982
0.916503
1.02928
0.982637
0.960212
0.800062
1.21443
0.811596
1.17887
0.84236
1.12038
0.892345
1.05498
0.955604
0.98552
0.810471
1.20235
0.829217
1.1651
0.864644
1.10631
0.912791
1.04117
0.972334
0.975502
0.87846
1.11024
0.923781
1.06215
0.985533
1.0043
1.03939
0.932883
1.0881
0.876678
0.883726
1.06692
0.957825
1.01833
1.01562
0.963661
1.05675
0.92433
1.09196
0.906012
0.8214
1.16169
0.848539
1.12634
0.881076
1.08808
0.920351
1.044
0.962367
0.997796
0.818165
1.16681
0.836586
1.13545
0.864729
1.10181
0.899942
1.05955
0.93975
1.01325
0.818392
1.17226
0.83093
1.14474
0.856316
1.11086
0.892424
1.06567
0.934755
1.01553
0.822702
1.17386
0.830431
1.15047
0.851135
1.1195
0.884016
1.07546
0.925218
1.02418
0.825953
1.17594
0.830223
1.15451
0.848655
1.12508
0.878533
1.08372
0.91633
1.035
0.834809
1.17426
0.829638
1.15979
0.843822
1.13271
0.872068
1.0925
0.908169
1.04571
0.85045
1.16525
0.831721
1.16379
0.836477
1.14397
0.860249
1.10614
0.89537
1.05898
0.845762
1.17041
0.825099
1.1746
0.826128
1.15583
0.848204
1.11887
0.885201
1.06961
0.760948
1.22406
0.78907
1.19962
0.831032
1.14316
0.878086
1.07926
0.937857
1.02194
0.876082
1.08938
0.925867
1.06514
0.955061
1.03001
0.969986
1.01842
0.987037
1.01126
0.832584
1.17136
0.839456
1.14924
0.860982
1.11731
0.895062
1.07481
0.932967
1.0342
0.821453
1.18224
0.824987
1.16184
0.845309
1.13294
0.878877
1.08491
0.922809
1.0328
0.814661
1.19079
0.82133
1.16471
0.846628
1.131
0.883979
1.08024
0.928763
1.02704
0.812488
1.20071
0.812484
1.17716
0.837772
1.14053
0.878902
1.08503
0.926624
1.0283
0.827639
1.19449
0.813413
1.1836
0.829178
1.15342
0.866484
1.09787
0.914867
1.03714
0.855731
1.17091
0.828662
1.1741
0.832014
1.15604
0.858625
1.10856
0.900921
1.05062
0.887467
1.1389
0.851728
1.15282
0.845651
1.14548
0.862428
1.10942
0.895443
1.06191
0.902779
1.11834
0.872788
1.13161
0.866591
1.12431
0.88132
1.09861
0.906422
1.06452
0.866474
1.11706
0.895142
1.10198
0.917441
1.06887
0.93079
1.05618
0.950539
1.04694
0.861657
1.10754
0.920635
1.07251
0.960024
1.02938
0.988037
1.01209
1.00913
0.987503
0.827799
1.19216
0.830769
1.172
0.853646
1.13452
0.887888
1.08238
0.927557
1.03357
0.817549
1.20652
0.805094
1.19689
0.820914
1.16285
0.853679
1.10518
0.902137
1.04859
0.838872
1.19038
0.815675
1.19086
0.822024
1.1645
0.850057
1.10951
0.897539
1.05226
0.873885
1.15783
0.844616
1.16613
0.841039
1.15115
0.858501
1.10662
0.897589
1.05596
0.908692
1.12144
0.878123
1.13271
0.870023
1.12562
0.879149
1.0929
0.907916
1.05406
0.941347
1.08528
0.908381
1.10073
0.897942
1.09924
0.903116
1.07465
0.925302
1.04527
0.963836
1.05805
0.927961
1.0788
0.915124
1.08245
0.917928
1.06352
0.93608
1.03921
0.950607
1.06546
0.916343
1.08803
0.902797
1.09166
0.906792
1.0775
0.922294
1.05416
0.804023
1.1951
0.814352
1.19448
0.82624
1.1636
0.842263
1.13837
0.876275
1.09477
0.902184
1.11027
0.92961
1.08909
0.944993
1.05692
0.962133
1.04411
0.980069
1.0178
0.868758
1.1628
0.865356
1.14699
0.882591
1.11494
0.911095
1.06968
0.94352
1.02551
0.84135
1.18258
0.839269
1.16829
0.857485
1.13527
0.887332
1.08158
0.9287
1.02928
0.836417
1.18492
0.840713
1.16251
0.866426
1.12424
0.899937
1.06941
0.940921
1.01945
0.844759
1.17952
0.843599
1.15989
0.870702
1.11909
0.908368
1.06082
0.951651
1.01
0.882088
1.14516
0.865413
1.14336
0.879655
1.11388
0.911152
1.05866
0.954154
1.00595
0.933655
1.09297
0.906826
1.1059
0.905189
1.09386
0.921008
1.05281
0.954738
1.00689
0.981923
1.04259
0.951277
1.06151
0.940972
1.0611
0.944177
1.0369
0.964465
1.00651
1.02346
0.995991
0.996271
1.01446
0.985579
1.01836
0.986808
1.0088
0.994445
0.995226
0.985057
1.01516
1.00316
1.00819
1.01543
0.989015
1.0242
0.990947
1.0288
0.986527
0.939309
1.0585
0.975443
1.03139
1.00889
0.992797
1.04614
0.966236
1.06047
0.953056
0.888248
1.13387
0.893679
1.11735
0.911411
1.08597
0.93518
1.04686
0.965421
1.00427
0.844524
1.18023
0.840238
1.16604
0.858793
1.12675
0.889725
1.07809
0.929332
1.02737
0.878076
1.15092
0.856385
1.15584
0.860408
1.12926
0.884281
1.08342
0.923699
1.03111
0.939944
1.08768
0.907396
1.11045
0.892605
1.10632
0.897016
1.07794
0.923905
1.03509
0.983115
1.0407
0.953312
1.06333
0.933399
1.06961
0.924963
1.05835
0.93695
1.03298
1.0037
1.01865
0.973607
1.04063
0.956011
1.04634
0.948088
1.03922
0.955599
1.0239
1.01788
0.996452
0.986732
1.02439
0.968018
1.03466
0.960029
1.02953
0.967176
1.01643
1.00683
0.998576
0.984073
1.02168
0.970567
1.03147
0.965701
1.02941
0.969684
1.02009
0.92285
1.07468
0.926435
1.08274
0.933919
1.06977
0.94508
1.06023
0.955988
1.04012
0.937576
1.06537
0.954338
1.04988
0.986119
1.02033
1.00196
1.00406
0.99708
1.01106
0.914981
1.13099
0.909577
1.12431
0.914204
1.09795
0.931612
1.05348
0.96671
1.01195
0.92115
1.12325
0.910735
1.12918
0.90262
1.11462
0.909105
1.07449
0.944899
1.02269
0.919104
1.11195
0.926536
1.10423
0.927743
1.08654
0.934699
1.05154
0.964361
1.0102
0.893958
1.13379
0.912491
1.10994
0.929878
1.07707
0.950468
1.03324
0.98544
0.991936
0.900597
1.13218
0.902334
1.12254
0.915968
1.08774
0.943795
1.03316
0.98896
0.980653
0.981059
1.0442
0.961549
1.07041
0.945142
1.06496
0.949077
1.02755
0.98485
0.979364
1.07704
0.935044
1.05636
0.973099
1.02374
0.991613
0.999758
0.987721
1.00832
0.970879
1.12418
0.881811
1.11394
0.907552
1.09517
0.921916
1.07375
0.930759
1.06515
0.94201
1.12343
0.858635
1.1313
0.872889
1.1454
0.887884
1.13487
0.899565
1.10928
0.927451
1.04572
0.974045
1.06974
0.897066
1.11229
0.898479
1.11043
0.97456
1.03365
0.985459
0.937763
1.08759
0.973245
1.0612
0.995915
1.02719
1.03881
0.946772
1.0557
0.953893
0.803578
1.21836
0.877187
1.15117
0.940467
1.07592
1.00751
0.959845
1.05147
0.944536
0.809464
1.2236
0.844042
1.18703
0.910726
1.09421
1.00147
0.960784
1.05418
0.936271
0.920746
1.13529
0.872142
1.18066
0.893034
1.11321
0.981134
0.976385
1.0396
0.94096
1.16497
0.932562
1.01021
1.0849
0.934142
1.09409
0.971153
0.991241
1.01331
0.960878
1.40108
0.72467
1.20838
0.924264
1.04681
1.01334
1.00417
0.978005
1.00187
0.98351
1.46058
0.650513
1.316
0.81312
1.15253
0.922015
1.06523
0.940346
1.01936
0.992033
1.24858
0.795637
1.20699
0.8559
1.13907
0.917156
1.07791
0.944125
1.01706
1.00125
1.0266
0.972904
1.04674
0.943557
1.03301
0.992606
1.03161
1.02917
1.00675
0.982069
8.96523e-08
7.11304e-06
0.000204473
0.0033003
0.0325011
0.161733
0.242375
1.32978
1.55278
1.27006
9.25136e-06
0.000459985
0.00585225
0.0441477
0.266299
0.7578
0.867326
0.969731
0.732675
0.160355
1.70106e-05
0.000681522
0.00714409
0.0511169
0.306888
0.849551
1.02636
0.565437
0.00256624
-1.77072
1.61939e-05
0.000587795
0.00547882
0.0385808
0.244368
0.774945
1.16601
0.570395
-0.385683
-2.10346
1.2038e-05
0.000395047
0.00320509
0.0231029
0.17068
0.679231
1.22674
0.577052
-0.833892
-2.46416
7.21321e-06
0.000200347
0.00125118
0.0105435
0.1078
0.571536
1.18565
0.564674
-1.1024
-2.19609
3.33322e-06
6.30347e-05
9.90531e-05
0.00320525
0.0635174
0.464555
1.11082
0.683623
-0.947568
-1.66926
1.12247e-06
3.01306e-06
-0.000236872
0.000512862
0.0352287
0.329707
0.913615
0.968581
-0.130311
-1.05153
-5.18315e-07
-4.67971e-05
-0.000592786
-0.0030644
-0.00400295
0.0959386
0.53689
1.34092
1.4765
0.13769
2.2419e-08
1.2463e-06
2.17189e-05
0.000130854
0.000859108
0.0124677
0.0605631
0.512294
2.31973
-0.245583
2.92716e-08
2.6243e-06
8.60523e-05
0.00184834
0.0255009
0.162777
0.505365
-0.159481
2.48894
0.211768
4.5553e-06
0.000298736
0.0054425
0.0551225
0.387009
1.34491
1.45319
0.773094
1.45065
0.0739522
1.19596e-05
0.000675764
0.0106303
0.0957117
0.584635
1.53427
1.10418
0.266652
0.036895
-0.012902
1.54704e-05
0.000831534
0.0121992
0.102509
0.570416
1.28547
0.752394
-0.232235
-0.609762
0.12954
1.60856e-05
0.000833218
0.0114842
0.0910148
0.481479
1.02804
0.57842
-0.591004
-0.799266
0.380828
1.43749e-05
0.000709031
0.00907541
0.0685397
0.366273
0.846716
0.596893
-0.581178
-0.37308
0.54895
1.10432e-05
0.000511483
0.00604726
0.0449295
0.263989
0.748566
0.726637
-0.301789
-0.0572744
0.900888
6.86835e-06
0.000297686
0.0032973
0.0255315
0.179098
0.664738
0.89449
0.170301
-0.304635
0.676473
4.3668e-06
0.000157793
0.00143491
0.0111428
0.0938127
0.447641
0.811814
0.525592
-0.703015
0.524879
1.12872e-07
7.04675e-06
0.000140678
0.0018189
0.0156694
0.0796936
0.121996
0.491016
-0.349635
0.361589
5.09259e-09
5.52765e-07
1.99053e-05
0.000463229
0.00751564
0.0607478
0.351869
-0.187432
1.07583
0.223863
1.02722e-06
7.90708e-05
0.00174912
0.0216779
0.183544
0.891454
1.7504
1.15615
1.40388
0.334251
3.32728e-06
0.000227242
0.00443959
0.0487183
0.359635
1.37517
1.89078
1.08724
0.907542
0.413494
5.24957e-06
0.000349861
0.00656606
0.0684538
0.464585
1.47899
1.49083
0.545279
0.46669
0.393876
6.82786e-06
0.000448797
0.00811368
0.0801061
0.500702
1.3467
0.969651
0.0337956
0.223127
0.361505
7.81472e-06
0.00049768
0.00848562
0.0782991
0.458761
1.1195
0.70505
-0.0780114
0.277414
0.206931
7.72114e-06
0.000469605
0.00744115
0.064509
0.375258
0.962008
0.778473
0.116808
0.686896
0.137947
6.17887e-06
0.00035241
0.00516216
0.0431584
0.275218
0.894298
1.0345
0.452335
0.746372
-0.0946622
5.61503e-06
0.000293709
0.00390651
0.031944
0.217106
0.774061
0.929028
0.65604
0.554968
0.458429
3.94946e-08
2.67852e-06
4.79212e-05
0.00117305
0.0176365
0.112157
0.142309
0.787104
0.335484
0.194622
6.06601e-10
7.86451e-08
3.02154e-06
7.42466e-05
0.00115025
0.0126449
0.0909013
-0.0142314
0.0223007
-0.0383687
1.53612e-07
1.33035e-05
0.000333614
0.00476145
0.0459833
0.29547
0.8117
0.829325
0.55819
0.0270526
5.91964e-07
4.6442e-05
0.00104787
0.0133728
0.115505
0.601904
1.31208
1.19276
0.771476
0.069779
1.09646e-06
8.56576e-05
0.00190307
0.0236405
0.195441
0.894635
1.58066
1.21371
0.819954
0.0194367
1.72258e-06
0.000135456
0.00296999
0.035681
0.277455
1.09064
1.51462
0.930523
0.728081
0.15322
2.44714e-06
0.000189841
0.00400291
0.0452745
0.325566
1.10519
1.22007
0.584492
0.638558
-0.25206
3.03539e-06
0.00022839
0.00452962
0.0474275
0.320306
1.0071
1.00568
0.340457
0.596951
0.385192
3.09e-06
0.000221052
0.00405276
0.0395686
0.270312
0.94544
1.07768
0.296324
0.0808966
-0.510406
3.46037e-06
0.000234648
0.00402304
0.0383199
0.267047
0.942235
0.958139
0.46996
-0.242164
0.292748
-1.76681e-08
-1.91004e-06
-5.75434e-05
-0.000648651
0.00156573
0.0758261
0.0334796
0.932889
-0.789683
-0.850315
5.63241e-11
8.52482e-09
3.29722e-07
8.52177e-06
0.00013053
0.00156951
0.0132098
-0.00369909
-0.00760572
0.00180579
1.76172e-08
1.67732e-06
4.58299e-05
0.000725544
0.00753462
0.0612944
0.202464
0.243969
0.137245
0.0150977
7.94125e-08
6.9775e-06
0.000174289
0.0024948
0.0238257
0.160071
0.453634
0.466679
0.275911
0.031275
1.68966e-07
1.50228e-05
0.000376742
0.00534919
0.050753
0.313772
0.766859
0.71391
0.381921
0.0522474
3.12083e-07
2.85088e-05
0.000720229
0.0101128
0.0935832
0.511963
1.04514
0.837076
0.437548
0.0288487
5.37662e-07
4.93933e-05
0.00122876
0.0165108
0.143777
0.680129
1.12603
0.737044
0.420679
0.131136
8.23944e-07
7.4567e-05
0.00176922
0.0222373
0.180772
0.755604
1.02118
0.437917
0.366957
-0.0819387
1.04287e-06
9.28166e-05
0.00208513
0.0243207
0.190855
0.788044
0.984644
0.242279
0.219902
0.265995
1.35705e-06
0.00011504
0.00243113
0.027538
0.216258
0.859756
0.860515
0.256957
0.101181
-0.147884
-1.70542e-08
-2.15118e-06
-5.97099e-05
-0.00113698
-0.0125288
-0.0162735
-0.279668
0.279013
0.392907
0.214026
4.3203e-12
7.43084e-10
2.86036e-08
7.45662e-07
1.23127e-05
0.000138763
0.00129318
-0.000636157
-0.000674726
-6.59971e-05
1.67751e-09
1.73816e-07
5.03409e-06
8.62478e-05
0.000930807
0.00899144
0.034128
0.0413702
0.0241351
0.00197146
8.78663e-09
8.49785e-07
2.28436e-05
0.00035826
0.00363384
0.0295639
0.100953
0.101748
0.060441
0.00528789
2.10018e-08
2.1031e-06
5.7653e-05
0.000909115
0.00936435
0.0733228
0.222802
0.207912
0.100339
0.00832912
4.5234e-08
4.68221e-06
0.000131425
0.00209197
0.0217284
0.15669
0.413688
0.338063
0.139952
0.0119039
9.07046e-08
9.83731e-06
0.000278651
0.0043117
0.0433618
0.276269
0.606428
0.415727
0.173498
0.00798255
1.71218e-07
1.82189e-05
0.000500519
0.00739751
0.0712049
0.399769
0.703582
0.343786
0.180544
0.0286897
2.55429e-07
2.86722e-05
0.00076861
0.0105846
0.0973185
0.502464
0.726631
0.194603
0.117555
-0.0247152
3.7943e-07
3.98704e-05
0.00100174
0.0132626
0.120802
0.57313
0.60022
0.0710739
0.0303269
0.038958
-5.61047e-09
-9.93793e-07
-2.97689e-05
-0.000602529
-0.00989996
-0.048484
-0.367785
-0.170002
-0.0728176
-0.0574678
2.86262e-13
5.60332e-11
2.08413e-09
5.56713e-08
9.49913e-07
9.99533e-06
9.83662e-05
-6.33333e-05
-6.30634e-05
-2.77272e-06
1.39619e-10
1.56516e-08
4.71516e-07
8.63542e-06
9.39702e-05
0.0010415
0.00435174
0.0052441
0.00364433
0.000290263
8.44944e-10
8.9151e-08
2.52804e-06
4.27152e-05
0.000448294
0.00421267
0.0166475
0.0165741
0.0108266
0.000904065
2.23501e-09
2.50431e-07
7.34866e-06
0.000125969
0.00136158
0.0127411
0.0460612
0.0421006
0.0205952
0.00162341
5.5358e-09
6.44718e-07
1.95807e-05
0.000344253
0.00385105
0.0345747
0.11234
0.0889223
0.0342376
0.00256628
1.25827e-08
1.60867e-06
5.05435e-05
0.000876596
0.00974177
0.0797851
0.220878
0.149182
0.0538248
0.00344858
2.86998e-08
3.59197e-06
0.000111062
0.00187556
0.0205467
0.152063
0.342006
0.179012
0.0719009
0.00584182
4.81352e-08
6.93846e-06
0.000216567
0.00342693
0.036102
0.238699
0.426164
0.148828
0.0589436
0.00387341
7.94485e-08
1.06449e-05
0.000311557
0.00467922
0.0488435
0.285566
0.351878
0.068486
0.0221426
0.00248036
-8.68866e-10
-3.04976e-07
-1.02806e-05
-0.0001972
-0.00348172
-0.0233308
-0.1678
-0.047096
0.00630116
-0.000286962
1.67625e-14
3.82753e-12
1.34731e-10
3.60736e-09
6.16254e-08
6.16282e-07
6.32425e-06
-5.23714e-06
-5.57535e-06
-3.20425e-07
1.05087e-11
1.26964e-09
3.92034e-08
7.64161e-07
8.16224e-06
0.000103239
0.00045088
0.000567098
0.000520547
3.84892e-05
7.30202e-11
8.36948e-09
2.46571e-07
4.45056e-06
4.72963e-05
0.000501456
0.00220651
0.00228431
0.0017883
0.000139936
2.11565e-10
2.64465e-08
8.17673e-07
1.50606e-05
0.000166324
0.00179008
0.00746442
0.00700845
0.0038187
0.000281599
5.94138e-10
7.78936e-08
2.51131e-06
4.79146e-05
0.000558176
0.00594598
0.0232793
0.0183581
0.00733727
0.00050459
1.49703e-09
2.26698e-07
7.75224e-06
0.00014763
0.00174457
0.0174566
0.0599738
0.0406302
0.0142857
0.000848291
4.02199e-09
6.01945e-07
2.05069e-05
0.000384831
0.00459076
0.0428076
0.122966
0.0676829
0.023961
0.00158402
7.18507e-09
1.38588e-06
4.95389e-05
0.000876025
0.010163
0.0842793
0.194018
0.0810761
0.0255581
0.00153258
1.28032e-08
2.34755e-06
7.92326e-05
0.00131068
0.0151322
0.110229
0.179536
0.0508474
0.0123173
0.000906269
1.40987e-12
-7.0288e-08
-2.68379e-06
-4.87128e-05
-0.00079523
-0.00540321
-0.0380994
-0.007655
0.00093234
2.23884e-05
8.14007e-16
2.47888e-13
7.93354e-12
2.06634e-10
3.46643e-09
3.24442e-08
3.56631e-07
-3.963e-07
-4.51556e-07
-3.18004e-08
7.30242e-13
9.50635e-11
2.97106e-09
6.16468e-08
6.32436e-07
9.19638e-06
4.01057e-05
5.60283e-05
7.1845e-05
4.8404e-06
5.79631e-12
7.2105e-10
2.18127e-08
4.19011e-07
4.43284e-06
5.264e-05
0.000247715
0.00028349
0.000282807
2.04595e-05
1.82892e-11
2.54848e-09
8.19738e-08
1.61342e-06
1.78394e-05
0.000216146
0.0010028
0.00103568
0.000676626
4.6273e-05
5.74669e-11
8.52265e-09
2.8755e-07
5.89176e-06
6.95841e-05
0.000846692
0.00389745
0.00325236
0.00147838
9.46896e-05
1.57326e-10
2.85459e-08
1.04709e-06
2.16196e-05
0.000263206
0.00306809
0.0129012
0.009239
0.00347229
0.000190177
4.84462e-10
8.90078e-08
3.29723e-06
6.74821e-05
0.000841821
0.00938396
0.0342586
0.0203198
0.0070486
0.000410949
8.39973e-10
2.37295e-07
9.67927e-06
0.000187983
0.00230642
0.0229766
0.0688441
0.0336631
0.00977209
0.000510725
1.47296e-09
4.38381e-07
1.73122e-05
0.000311841
0.00382369
0.0340509
0.076231
0.0276115
0.00623538
0.000334457
3.99198e-11
-1.28866e-08
-5.76749e-07
-1.01441e-05
-0.000145338
-0.000752747
-0.00582825
-0.000929695
0.00032347
9.63487e-06
3.23884e-17
1.49052e-14
4.30136e-13
1.05542e-11
1.72518e-10
1.37536e-09
1.77773e-08
-2.84487e-08
-3.46884e-08
-2.89201e-09
4.74192e-14
6.66338e-12
2.08998e-10
4.62724e-09
4.5021e-08
7.58385e-07
3.20984e-06
5.23448e-06
9.4982e-06
5.72993e-07
4.27873e-13
5.79067e-11
1.78449e-09
3.64606e-08
3.7988e-07
5.05735e-06
2.45593e-05
3.28246e-05
4.28908e-05
2.8155e-06
1.46257e-12
2.28029e-10
7.56206e-09
1.58868e-07
1.73695e-06
2.35157e-05
0.000116834
0.000141455
0.000115952
7.20161e-06
5.08293e-12
8.60984e-10
3.00936e-08
6.59211e-07
7.76449e-06
0.000105302
0.000550604
0.000521121
0.000287555
1.69437e-05
1.47505e-11
3.2827e-09
1.27822e-07
2.8478e-06
3.50648e-05
0.000458947
0.00230259
0.00185905
0.000800134
4.02191e-05
5.06756e-11
1.18936e-08
4.74505e-07
1.05088e-05
0.000133788
0.00170223
0.00776541
0.00518808
0.00190474
0.000100437
6.85648e-11
3.59536e-08
1.67338e-06
3.54575e-05
0.000448635
0.00514017
0.0197811
0.0115289
0.00337727
0.000155008
8.49322e-11
7.26868e-08
3.39354e-06
6.62618e-05
0.000837946
0.00882543
0.0270144
0.0122432
0.00290125
0.000118495
1.22037e-11
-1.90806e-09
-1.03103e-07
-1.82955e-06
-2.35479e-05
-7.08286e-05
-0.000653622
-2.54316e-05
9.85543e-05
1.58083e-06
9.25327e-19
8.59613e-16
2.25835e-14
4.9409e-13
7.75705e-12
3.67734e-11
7.75452e-10
-1.97249e-09
-2.67662e-09
-2.5018e-10
2.91223e-15
4.42442e-13
1.38554e-11
3.27953e-10
3.02471e-09
5.90358e-08
2.40577e-07
4.71582e-07
1.19166e-06
6.36592e-08
2.97069e-14
4.39092e-12
1.37188e-10
2.98346e-09
3.05038e-08
4.56193e-07
2.23158e-06
3.62031e-06
6.20007e-06
3.63679e-07
1.09813e-13
1.92396e-11
6.53633e-10
1.4666e-08
1.57694e-07
2.38853e-06
1.23043e-05
1.82907e-05
1.9161e-05
1.0571e-06
4.17317e-13
8.17971e-11
2.94451e-09
6.88032e-08
8.01301e-07
1.1981e-05
6.8662e-05
7.82735e-05
5.43e-05
2.8739e-06
1.25029e-12
3.52514e-10
1.44821e-08
3.47317e-07
4.28618e-06
6.167e-05
0.000358003
0.000345767
0.000177813
8.04873e-06
4.57719e-12
1.46615e-09
6.30913e-08
1.5055e-06
1.93189e-05
0.000271418
0.00150824
0.00119459
0.000487752
2.31442e-05
1.11064e-12
4.85456e-09
2.63715e-07
6.11112e-06
7.89223e-05
0.00100227
0.00485411
0.00346405
0.00108326
4.36395e-05
-1.44249e-11
1.03204e-08
6.02841e-07
1.2968e-05
0.000167556
0.00201114
0.0081791
0.00463227
0.00121101
3.9148e-05
2.479e-12
-2.34354e-10
-1.70399e-08
-3.14265e-07
-3.68339e-06
-7.32585e-06
-6.0471e-05
9.08032e-06
2.09132e-05
-1.83453e-07
-3.37946e-21
4.58215e-17
1.08166e-15
1.91255e-14
2.97292e-13
-1.18007e-12
2.59588e-11
-1.37427e-10
-2.28159e-10
-2.11396e-11
1.69557e-16
2.78892e-14
8.70577e-13
2.20854e-11
1.95721e-10
4.38373e-09
1.73341e-08
4.12342e-08
1.40666e-07
6.61779e-09
1.94329e-15
3.15325e-13
9.96983e-12
2.31367e-10
2.33571e-09
3.9172e-08
1.90585e-07
3.82326e-07
8.46344e-07
4.39657e-08
7.74881e-15
1.53473e-12
5.32159e-11
1.28052e-09
1.35949e-08
2.3101e-07
1.20376e-06
2.24979e-06
3.01371e-06
1.45451e-07
3.17234e-14
7.3194e-12
2.70162e-10
6.75432e-09
7.79878e-08
1.28454e-06
7.78075e-06
1.10807e-05
9.79737e-06
4.57805e-07
9.41982e-14
3.54556e-11
1.52596e-09
3.95787e-08
4.91313e-07
7.72161e-06
4.9949e-05
5.99435e-05
3.76705e-05
1.50736e-06
3.42937e-13
1.68396e-10
7.74549e-09
1.9979e-07
2.5969e-06
3.96905e-05
0.000258529
0.000250597
0.000118119
5.00403e-06
-9.04108e-13
6.02504e-10
3.82596e-08
9.71264e-07
1.29157e-05
0.000178648
0.00105501
0.000937383
0.000326946
1.1468e-05
-5.78395e-12
1.34071e-09
1.00407e-07
2.37335e-06
3.153e-05
0.00042013
0.00220819
0.00159319
0.000477379
1.24946e-05
3.79768e-13
-2.22088e-11
-2.37038e-09
-4.84302e-08
-5.60766e-07
-1.36619e-06
-4.90995e-06
2.07471e-06
3.99566e-06
-2.2651e-07
-2.79037e-21
2.43268e-18
5.2625e-17
5.94301e-16
8.51004e-15
-2.68549e-13
3.76767e-13
-9.48449e-12
-1.62092e-11
-1.70907e-12
9.4144e-18
1.68382e-15
5.24648e-14
1.4273e-12
1.24172e-11
3.1383e-10
1.22897e-09
3.54317e-09
1.56385e-08
6.45176e-10
1.20502e-16
2.16311e-14
6.93555e-13
1.72046e-11
1.73382e-10
3.24015e-09
1.57084e-08
3.91443e-08
1.09249e-07
4.97554e-09
5.18491e-16
1.17018e-13
4.1447e-12
1.07232e-10
1.13266e-09
2.15704e-08
1.12627e-07
2.67599e-07
4.51168e-07
1.87486e-08
2.23564e-15
6.24626e-13
2.37834e-11
6.36593e-10
7.30856e-09
1.32934e-07
8.31987e-07
1.5193e-06
1.70143e-06
6.82832e-08
6.11673e-15
3.38038e-12
1.53727e-10
4.32405e-09
5.40191e-08
9.28073e-07
6.51497e-06
1.00197e-05
7.67803e-06
2.63221e-07
1.64594e-14
1.79063e-11
9.07353e-10
2.5387e-08
3.34233e-07
5.51768e-06
4.09462e-05
5.03774e-05
2.77943e-05
1.00736e-06
-2.36046e-13
6.44472e-11
5.18554e-09
1.47305e-07
2.02351e-06
3.01901e-05
0.00021129
0.000236749
9.35571e-05
2.76264e-06
-1.24787e-12
1.32495e-10
1.52338e-08
4.12741e-07
5.70733e-06
8.28265e-05
0.000539648
0.000486454
0.000166653
3.56515e-06
4.80267e-14
-1.25359e-12
-3.41462e-10
-7.70789e-09
-8.90211e-08
-3.82071e-07
-1.78724e-06
-3.15663e-06
-6.80095e-07
-7.91772e-08
-2.49916e-22
1.2141e-19
2.1843e-18
-5.0903e-19
-2.13152e-18
-2.5532e-14
-4.35064e-14
-6.84603e-13
-9.40523e-13
-1.30697e-13
4.89452e-19
9.63347e-17
2.99833e-15
8.83022e-14
7.7743e-13
2.17354e-11
8.60376e-11
2.97294e-10
1.62736e-09
5.88758e-11
6.96382e-18
1.40714e-15
4.57379e-14
1.22214e-12
1.25375e-11
2.59576e-10
1.26002e-09
3.84627e-09
1.32278e-08
5.25978e-10
3.23028e-17
8.45549e-15
3.04507e-13
8.56383e-12
9.17215e-11
1.94678e-09
1.01236e-08
3.02269e-08
6.31566e-08
2.25735e-09
1.43174e-16
5.04253e-14
1.96166e-12
5.678e-11
6.58858e-10
1.33096e-08
8.39742e-08
1.94863e-07
2.75311e-07
9.47454e-09
3.09163e-16
3.05039e-13
1.44024e-11
4.44373e-10
5.68118e-09
1.07666e-07
7.91354e-07
1.54933e-06
1.45164e-06
4.26604e-08
-2.39855e-16
1.81784e-12
9.86419e-11
3.00897e-09
4.09243e-08
7.34557e-07
5.95418e-06
9.17909e-06
6.07259e-06
1.8866e-07
-3.93345e-14
6.50232e-12
6.60923e-10
2.07889e-08
3.02282e-07
4.88036e-06
3.90371e-05
5.48603e-05
2.51713e-05
6.17617e-07
-2.0346e-13
1.05633e-11
2.24544e-09
6.77133e-08
1.0012e-06
1.57181e-05
0.000122647
0.000140474
5.60759e-05
9.68729e-07
4.81166e-15
7.29894e-14
-3.82113e-11
-1.0772e-09
-1.37881e-08
-9.09162e-08
-4.48935e-07
-9.19102e-07
-2.52854e-07
-2.02096e-08
-1.43239e-23
6.98647e-21
1.32389e-19
-5.62339e-19
-1.93073e-17
-1.7995e-15
-4.61239e-15
-3.70879e-14
3.32137e-14
-9.25589e-15
2.36399e-20
5.28951e-18
1.66002e-16
5.33373e-15
4.86641e-14
1.47698e-12
6.09325e-12
2.51054e-11
1.61031e-10
5.03363e-12
3.67579e-19
8.67839e-17
2.90325e-15
8.47166e-14
8.98348e-13
2.04237e-11
1.01066e-10
3.76693e-10
1.52737e-09
5.16908e-11
1.79855e-18
5.77089e-16
2.14988e-14
6.68263e-13
7.35514e-12
1.72891e-10
9.06898e-10
3.38177e-09
8.43017e-09
2.52427e-10
7.27804e-18
3.80754e-15
1.56498e-13
4.99354e-12
5.89109e-11
1.32107e-09
8.43485e-09
2.54506e-08
4.34445e-08
1.20334e-09
2.06032e-19
2.51923e-14
1.28764e-12
4.49894e-11
5.88873e-10
1.24062e-08
9.45387e-08
2.40701e-07
2.67167e-07
6.29403e-09
-2.64969e-16
1.57273e-13
1.00558e-11
3.51129e-10
4.90743e-09
9.72254e-08
8.4138e-07
1.69866e-06
1.31358e-06
3.13962e-08
-5.3412e-15
4.15756e-13
7.38153e-11
2.85456e-09
4.38894e-08
7.81126e-07
6.92061e-06
1.21826e-05
6.42613e-06
1.17803e-07
-2.56641e-14
-3.15113e-13
2.73945e-10
1.06543e-08
1.68862e-07
2.93572e-06
2.62153e-05
3.61294e-05
1.62939e-05
2.12293e-07
2.94132e-16
4.67809e-14
-4.89891e-12
-1.63012e-10
-2.30629e-09
-2.40935e-08
-1.8129e-07
-5.47163e-07
-2.58557e-07
-2.54961e-09
-5.01908e-25
3.73439e-22
5.57248e-21
-1.00063e-19
-1.93281e-18
-1.13393e-16
-4.03193e-16
-2.24749e-15
1.07408e-14
-5.02807e-16
1.00495e-21
2.72987e-19
8.46458e-18
3.06395e-16
2.99206e-15
9.81092e-14
4.27248e-13
2.05101e-12
1.49287e-11
4.02805e-13
1.73275e-20
5.12105e-18
1.73546e-16
5.59655e-15
6.30928e-14
1.57e-12
8.015e-12
3.52096e-11
1.65761e-10
4.75239e-12
8.74564e-20
3.7809e-17
1.42709e-15
4.9471e-14
5.75485e-13
1.49067e-11
7.94406e-11
3.54525e-10
1.04962e-09
2.64331e-11
2.69561e-19
2.77984e-16
1.17464e-14
4.1293e-13
5.10863e-12
1.26807e-10
8.14007e-10
2.99386e-09
6.23438e-09
1.42521e-10
-1.98455e-18
2.03707e-15
1.09845e-13
4.26418e-12
5.89636e-11
1.38231e-09
1.07659e-08
3.36539e-08
4.47599e-08
8.66016e-10
-4.43742e-17
1.38843e-14
1.01794e-12
3.84654e-11
5.71282e-10
1.23962e-08
1.1287e-07
2.77024e-07
2.56352e-07
4.83885e-09
-6.1084e-16
2.06724e-14
8.77755e-12
3.69588e-10
6.24498e-09
1.21151e-07
1.16924e-06
2.50433e-06
1.53419e-06
2.05086e-08
-2.5049e-15
-2.2681e-13
3.69055e-11
1.58764e-09
2.82306e-08
5.35421e-07
5.31533e-06
9.08394e-06
4.72655e-06
4.02144e-08
-6.22168e-18
7.87209e-15
-3.90214e-13
-2.21367e-11
-3.78605e-10
-5.53692e-09
-4.83056e-08
-1.08472e-07
-5.04865e-08
-5.27951e-11
-2.25585e-26
2.34692e-23
5.50796e-22
6.7183e-21
-3.3383e-20
-3.48646e-18
9.89978e-19
1.19861e-16
2.62343e-15
-1.74409e-17
3.13917e-23
1.28525e-20
3.96174e-19
1.79377e-17
1.88491e-16
6.7405e-15
3.20057e-14
1.80764e-13
1.32368e-12
2.83427e-14
5.46081e-22
2.61416e-19
8.99247e-18
3.70393e-16
4.4715e-15
1.24203e-13
6.66379e-13
3.47844e-12
1.70855e-11
3.81118e-13
1.76281e-21
2.10227e-18
7.86778e-17
3.66687e-15
4.51738e-14
1.32505e-12
7.32847e-12
3.93027e-11
1.25765e-10
2.34291e-12
-1.44756e-20
1.67895e-17
7.05972e-16
3.45301e-14
4.44864e-13
1.27359e-11
8.36427e-11
3.99456e-10
9.07694e-10
1.3865e-11
-4.25982e-19
1.27245e-16
6.62169e-15
4.02945e-13
5.81607e-12
1.612e-10
1.27612e-09
5.12253e-09
7.53573e-09
9.20903e-11
-5.79472e-18
7.35062e-16
6.49145e-14
4.12442e-12
6.43566e-11
1.65522e-09
1.53904e-08
4.99205e-08
5.13677e-08
5.38927e-10
-4.81026e-17
-3.19174e-15
4.97376e-13
4.48032e-11
8.35584e-10
1.938e-08
1.94952e-07
4.99473e-07
3.40508e-07
2.05313e-09
-5.60651e-17
-5.04228e-14
2.20296e-12
2.17115e-10
4.37528e-09
9.86879e-08
1.03654e-06
1.9831e-06
1.09971e-06
2.53447e-09
-7.44666e-18
1.29744e-15
-2.2218e-14
-3.05422e-12
-6.50423e-11
-1.35007e-09
-1.27073e-08
-4.16322e-08
-2.49863e-08
2.41136e-10
-2.06133e-27
1.25576e-24
2.1334e-23
2.46472e-23
-3.39981e-21
-2.3255e-19
-5.19533e-19
9.83034e-18
3.1022e-16
1.74773e-18
3.51242e-25
6.32713e-22
1.89129e-20
9.83774e-19
1.19224e-17
4.54885e-16
2.3598e-15
1.4953e-14
1.19737e-13
1.85966e-15
3.02162e-24
1.44887e-20
5.44959e-19
2.37133e-17
3.27113e-16
9.7209e-15
5.60289e-14
3.22442e-13
1.77216e-12
2.81595e-14
-1.33988e-22
1.27909e-19
5.43158e-18
2.63131e-16
3.71321e-15
1.16674e-13
6.84683e-13
4.00394e-12
1.4728e-11
1.86222e-13
-3.18178e-21
1.11975e-18
5.77271e-17
2.82164e-15
4.11684e-14
1.26766e-12
8.73574e-12
4.52416e-11
1.20632e-10
1.17524e-12
-5.08083e-20
9.05876e-18
6.43455e-16
3.77143e-14
6.16554e-13
1.86886e-11
1.54094e-10
6.84719e-10
1.15663e-09
7.76104e-12
-5.96491e-19
5.08429e-17
7.81221e-15
4.49035e-13
7.88689e-12
2.22321e-10
2.17397e-09
7.81465e-09
9.09328e-09
4.12954e-11
-1.97391e-18
-6.33896e-16
6.8251e-14
5.50454e-12
1.18711e-10
3.09562e-09
3.30556e-08
9.64878e-08
7.2931e-08
-1.78741e-11
3.2071e-17
-8.25939e-15
2.63438e-13
2.90744e-11
6.90879e-10
1.79094e-08
1.97903e-07
4.49345e-07
2.79359e-07
-1.12955e-09
-8.2024e-19
6.19197e-17
2.7046e-15
-4.32789e-13
-1.24599e-11
-3.56466e-10
-3.65688e-09
-7.83377e-09
-3.04441e-09
6.30834e-11
-5.71966e-28
9.19764e-26
-2.20933e-24
1.80786e-22
1.85135e-21
1.16791e-19
9.85548e-19
7.66937e-18
3.25294e-17
6.04593e-20
-1.29909e-25
3.12789e-23
-3.84493e-22
5.93991e-20
7.41325e-19
3.8733e-17
2.36931e-16
1.65618e-15
8.41453e-15
5.82685e-17
-3.6443e-24
7.97849e-22
-6.27621e-21
1.48768e-18
2.21869e-17
8.94192e-16
5.72908e-15
3.81936e-14
1.55592e-13
8.21388e-16
-5.60565e-23
9.87216e-21
-1.38952e-19
1.83271e-17
2.77393e-16
1.1972e-14
7.9006e-14
5.40794e-13
1.61775e-12
1.59142e-15
-8.39767e-22
1.25173e-19
-2.2772e-18
2.24855e-16
3.54086e-15
1.52239e-13
1.17861e-12
7.67319e-12
1.71433e-11
-4.55939e-14
-1.20325e-20
1.63545e-18
-4.38466e-17
3.29203e-15
6.00648e-14
2.5558e-12
2.26773e-11
1.206e-10
1.86573e-10
-9.74247e-13
-1.2907e-19
1.59514e-17
-5.47147e-16
4.37324e-14
9.13334e-13
3.52889e-11
3.60468e-10
1.52697e-09
1.67967e-09
-1.25616e-11
-7.50151e-19
1.0178e-16
-7.6319e-15
5.43791e-13
1.51053e-11
5.34928e-10
5.74837e-09
1.76023e-08
1.30294e-08
-1.43904e-10
1.92329e-18
7.4556e-17
-4.1224e-14
3.02062e-12
9.5344e-11
3.29024e-09
3.61549e-08
8.28303e-08
4.75549e-08
-6.95334e-10
2.12152e-19
-2.58593e-17
1.50738e-15
-4.38084e-14
-2.14261e-12
-9.71548e-11
-9.35534e-10
-2.26575e-09
-1.15445e-09
2.44772e-11
-1.93441e-28
1.5153e-26
-1.29371e-25
1.00954e-23
3.47959e-22
2.2859e-20
1.1309e-19
8.04601e-19
1.07182e-17
-1.39658e-19
-2.24846e-26
2.20925e-24
3.06091e-24
3.93405e-21
7.02281e-20
3.92793e-18
2.52275e-17
1.5798e-16
1.06433e-15
-8.28625e-18
-5.37363e-25
5.50597e-23
3.73952e-22
1.14214e-19
2.17389e-18
1.03961e-16
7.50165e-16
4.53784e-15
1.89107e-14
-1.54243e-16
-7.58535e-24
7.17803e-22
-3.52686e-21
1.58378e-18
2.99352e-17
1.64669e-15
1.28421e-14
7.528e-14
2.10103e-13
-2.33976e-15
-1.11619e-22
9.88286e-21
-1.71504e-19
2.24272e-17
4.39364e-16
2.66292e-14
2.44934e-13
1.31356e-12
2.45013e-12
-3.35352e-14
-1.71549e-21
1.47262e-19
-5.17732e-18
3.47968e-16
7.94527e-15
4.98097e-13
5.07711e-12
2.38245e-11
3.00257e-11
-4.65818e-13
-2.06707e-20
1.73563e-18
-9.05369e-17
4.74802e-15
1.33424e-13
7.69747e-12
8.54965e-11
3.4394e-10
3.09103e-10
-5.2604e-12
-1.94818e-19
1.67677e-17
-1.358e-15
5.35519e-14
2.0704e-12
1.0699e-10
1.19478e-09
3.87296e-09
2.72063e-09
-5.63912e-11
-5.61354e-19
6.83653e-17
-7.70618e-15
2.80637e-13
1.27853e-11
6.2312e-10
6.8501e-09
1.71681e-08
1.05789e-08
-2.83753e-10
7.83427e-20
-7.11991e-18
2.81868e-16
-3.86619e-15
-3.39621e-13
-2.77892e-11
-2.80253e-10
-5.93718e-10
-1.00864e-11
-4.86509e-12
2.22509e-30
4.95763e-27
-1.58472e-25
3.68177e-24
6.45294e-23
8.53398e-21
5.19532e-20
5.70484e-19
2.31515e-18
6.696e-21
1.58053e-27
3.5829e-25
-9.68316e-24
5.11608e-22
9.11844e-21
7.58646e-19
4.79071e-18
3.61034e-17
1.61556e-16
1.35898e-18
2.69479e-26
6.73975e-24
-1.72663e-22
1.58163e-20
2.83028e-19
2.07507e-17
1.48421e-16
8.88818e-16
2.71278e-15
2.13319e-17
3.96372e-25
9.53881e-23
-3.18313e-21
2.55019e-19
3.94459e-18
3.7214e-16
3.00266e-15
1.61309e-14
3.29511e-14
2.3358e-16
5.74511e-24
1.34179e-21
-5.79373e-20
4.2715e-18
6.17972e-17
6.8178e-15
6.55728e-14
3.07447e-13
4.05712e-13
2.7103e-15
8.11308e-23
1.90107e-20
-1.10745e-18
7.22974e-17
1.18748e-15
1.26668e-13
1.37886e-12
5.65438e-12
5.02934e-12
3.20978e-14
8.84211e-22
2.06832e-19
-1.67334e-17
1.03783e-15
2.1765e-14
1.91484e-12
2.29932e-11
8.35144e-11
5.36411e-11
3.55281e-13
1.08617e-20
2.20899e-18
-2.34258e-16
1.07926e-14
3.15064e-13
2.322e-11
2.8314e-10
8.83916e-10
4.86658e-10
2.64673e-12
1.1167e-19
1.40796e-17
-1.36567e-15
4.93553e-14
1.82836e-12
1.22465e-10
1.45375e-09
3.70759e-09
2.01605e-09
5.69945e-12
1.22286e-20
-1.06325e-18
4.21983e-17
-8.11757e-16
-2.44285e-14
-6.83626e-12
-6.78023e-11
-8.01681e-11
2.37857e-11
-2.51277e-14
3.08973e-30
6.2949e-28
-3.78113e-26
1.2155e-24
6.21532e-24
2.74623e-21
1.93208e-20
2.26825e-19
5.72445e-19
8.22992e-21
5.03907e-28
5.09398e-26
-1.81371e-24
1.19345e-22
1.55284e-21
2.14209e-19
1.37314e-18
1.23916e-17
4.95703e-17
7.99417e-19
1.02846e-26
1.05909e-24
-1.63804e-23
3.65493e-21
4.96453e-20
6.00392e-18
4.2388e-17
2.80796e-16
8.8806e-16
1.41009e-17
1.57618e-25
1.54645e-23
-1.91837e-22
6.20281e-20
5.71904e-19
1.11904e-16
8.99113e-16
5.22091e-15
1.1395e-14
1.83552e-16
2.4623e-24
2.28741e-22
-1.44213e-21
1.10302e-18
7.75937e-18
2.10738e-15
2.03876e-14
1.00511e-13
1.42479e-13
2.41667e-15
3.7153e-23
3.24471e-21
-1.33481e-20
1.91522e-17
1.61686e-16
3.82439e-14
4.28167e-13
1.80446e-12
1.72398e-12
3.08243e-14
4.5352e-22
3.60454e-20
-4.71911e-20
2.77372e-16
3.59338e-15
5.56161e-13
7.03714e-12
2.614e-11
1.79914e-11
3.43759e-13
2.73098e-21
1.48711e-19
-1.6683e-17
2.73761e-15
5.32944e-14
6.19059e-12
8.12985e-11
2.67083e-10
1.60126e-10
3.13673e-12
1.68173e-20
4.02635e-19
-1.74066e-16
1.13345e-14
2.94896e-13
3.0068e-11
3.88094e-10
1.08365e-09
6.57396e-10
1.49105e-11
2.24937e-21
-1.74832e-19
7.27945e-18
-2.68465e-16
6.88362e-15
-1.61983e-12
-1.52611e-11
-1.5118e-11
8.90971e-12
5.43485e-13
1.31989e-30
2.61298e-28
-1.33028e-26
3.6936e-25
-5.11362e-24
8.13572e-22
6.18003e-21
5.7918e-20
9.86536e-20
2.45265e-21
1.62459e-28
2.42453e-26
-1.01107e-24
2.91935e-23
-6.90234e-23
5.92873e-20
3.94685e-19
3.79975e-18
1.08372e-17
2.03328e-19
3.32875e-27
4.89144e-25
-1.94153e-23
8.55337e-22
-3.50724e-22
1.67078e-18
1.17638e-17
8.6438e-17
2.16162e-16
3.68354e-18
4.97831e-26
6.95214e-24
-2.87452e-22
1.52373e-20
-1.04626e-19
3.14088e-17
2.50811e-16
1.61959e-15
2.92405e-15
4.97924e-17
7.3029e-25
9.22888e-23
-4.01597e-21
2.78857e-19
-2.79574e-18
5.93936e-16
5.72303e-15
3.03989e-14
3.71818e-14
6.64893e-16
1.01433e-23
1.12788e-21
-5.27915e-20
4.82931e-18
-4.28322e-17
1.05679e-14
1.19871e-13
5.23273e-13
4.41331e-13
8.43934e-15
1.12312e-22
1.07516e-20
-5.38884e-19
6.89459e-17
-2.41308e-16
1.49469e-13
1.96855e-12
7.37749e-12
4.4932e-12
9.19354e-14
9.77258e-22
1.07128e-19
-8.72362e-18
6.63046e-16
7.16288e-16
1.58815e-12
2.23678e-11
7.49367e-11
3.99639e-11
8.81067e-13
8.98833e-21
9.63455e-19
-6.6537e-17
2.62925e-15
1.02443e-14
7.3429e-12
1.03872e-10
3.05969e-10
1.67965e-10
4.81954e-12
9.2248e-22
-1.61242e-19
5.30791e-18
-1.5385e-16
5.51203e-15
-3.59635e-13
-3.11555e-12
-1.4278e-12
3.67392e-12
2.1423e-13
3.09703e-31
3.47635e-29
-2.14253e-27
1.05763e-25
-3.21946e-24
2.19593e-22
1.71921e-21
1.48546e-20
2.64507e-20
8.44875e-22
3.84371e-29
2.83744e-27
-1.95403e-25
7.61414e-24
-1.4977e-22
1.59958e-20
1.04448e-19
1.09982e-18
3.02122e-18
7.39252e-20
8.35691e-28
6.16339e-26
-3.29493e-24
2.13944e-22
-3.8045e-21
4.56786e-19
3.09149e-18
2.60048e-17
6.63138e-17
1.45892e-18
1.26385e-26
9.20245e-25
-3.93403e-23
3.82946e-21
-9.85977e-20
8.54003e-18
6.57609e-17
4.97844e-16
9.2611e-16
2.02819e-17
1.90931e-25
1.36552e-23
-3.23536e-22
6.97218e-20
-2.09464e-18
1.59602e-16
1.51446e-15
9.36796e-15
1.20844e-14
2.74334e-16
2.80399e-24
1.99955e-22
-9.07004e-23
1.19342e-18
-3.49908e-17
2.76725e-15
3.19588e-14
1.59195e-13
1.4386e-13
3.46054e-15
3.63504e-23
2.66636e-21
7.00779e-20
1.69037e-17
-3.89607e-16
3.80273e-14
5.3123e-13
2.22335e-12
1.45521e-12
3.64021e-14
2.68766e-22
1.76314e-20
-9.65165e-20
1.65084e-16
-3.27519e-15
3.91328e-13
6.10739e-12
2.29302e-11
1.31915e-11
3.55247e-13
1.9995e-21
9.58618e-20
-8.42204e-18
6.7712e-16
-1.34313e-14
1.74138e-12
2.80857e-11
9.35859e-11
5.62479e-11
1.99409e-12
3.67033e-22
-3.94681e-20
1.35356e-18
-5.77993e-17
2.04547e-15
-7.88536e-14
-6.93272e-13
-2.99801e-13
1.371e-12
7.77339e-14
1.46339e-31
2.31037e-29
-9.19333e-28
3.65408e-26
-1.57608e-24
5.99174e-23
4.69458e-22
3.94919e-21
6.21379e-21
2.27774e-22
1.65503e-29
2.22298e-27
-9.11691e-26
2.58123e-24
-9.26689e-23
4.36408e-21
2.74335e-20
3.20359e-19
7.27141e-19
1.96077e-20
3.5732e-28
4.90462e-26
-1.97805e-24
6.77959e-23
-2.47843e-21
1.24812e-19
7.96178e-19
7.81657e-18
1.67581e-17
3.86e-19
5.35928e-27
7.29407e-25
-2.9736e-23
1.21901e-21
-5.30697e-20
2.29666e-18
1.66824e-17
1.48501e-16
2.37154e-16
5.38241e-18
7.78061e-26
9.98428e-24
-4.11566e-22
2.178e-20
-1.05815e-18
4.21807e-17
3.8738e-16
2.75675e-15
3.12715e-15
7.28547e-17
1.03865e-24
1.19473e-22
-4.92623e-21
3.59171e-19
-1.78664e-17
7.11052e-16
8.26871e-15
4.58744e-14
3.69487e-14
9.16367e-16
1.06221e-23
1.05786e-21
-3.87191e-20
4.78197e-18
-2.20113e-16
9.47355e-15
1.39959e-13
6.31503e-13
3.64901e-13
9.26727e-15
1.04762e-22
1.23423e-20
-5.97242e-19
4.9575e-17
-2.11075e-15
9.51333e-14
1.66894e-12
6.73823e-12
3.39759e-12
9.41674e-14
1.10791e-21
1.27049e-19
-5.38117e-18
2.31096e-16
-9.02313e-15
4.10315e-13
7.74471e-12
2.85501e-11
1.53934e-11
5.83044e-13
7.64377e-23
-4.05983e-20
1.03142e-18
-2.58782e-17
7.23837e-16
-1.81116e-14
-1.56127e-13
1.3463e-13
4.85432e-13
2.59902e-14
3.9719e-32
3.7141e-30
-1.00378e-28
1.17468e-26
-6.31619e-25
1.6268e-23
1.20751e-22
1.19135e-21
1.79901e-21
7.94327e-23
4.46145e-30
3.3458e-28
-1.49728e-26
7.8766e-25
-4.09169e-23
1.22244e-21
6.43319e-21
9.6857e-20
2.14321e-19
6.67576e-21
9.8958e-29
7.658e-27
-2.99383e-25
1.95338e-23
-1.11331e-21
3.50431e-20
1.8556e-19
2.41124e-18
5.21408e-18
1.34797e-19
1.48768e-27
1.17935e-25
-3.80281e-24
3.40753e-22
-2.21925e-20
6.2936e-19
3.84101e-18
4.58908e-17
7.46328e-17
1.8624e-18
2.21135e-26
1.72798e-24
-3.62581e-23
5.88132e-21
-4.31162e-19
1.12367e-17
9.24951e-17
8.57104e-16
1.00536e-15
2.52875e-17
3.05261e-25
2.31658e-23
-1.06281e-22
9.37452e-20
-7.25845e-18
1.81376e-16
2.05335e-15
1.42734e-14
1.20711e-14
3.197e-16
3.42829e-24
2.61756e-22
5.5493e-21
1.19168e-18
-9.21091e-17
2.29155e-15
3.58499e-14
1.95214e-13
1.18908e-13
3.17484e-15
3.35675e-23
2.71259e-21
2.78409e-20
1.33458e-17
-9.21108e-16
2.18631e-14
4.51169e-13
2.17566e-12
1.15729e-12
3.31604e-14
3.43195e-22
2.32349e-20
-4.47024e-19
7.25714e-17
-3.86203e-15
8.92921e-14
2.1379e-12
9.40446e-12
5.41718e-12
2.11479e-13
6.23039e-23
-1.03669e-20
2.50458e-19
-8.88798e-18
2.3621e-16
-4.23935e-15
-3.97925e-14
3.61493e-14
1.64072e-13
8.45326e-15
3.24e-32
1.92997e-30
-5.42992e-29
4.10913e-27
-2.58273e-25
4.70532e-24
2.82048e-23
3.51098e-22
5.51869e-22
3.09086e-23
3.18586e-30
2.09914e-28
-7.24655e-27
3.01549e-25
-1.77037e-23
3.62764e-22
1.25638e-21
3.00534e-20
6.10357e-20
2.5345e-21
6.86111e-29
4.65502e-27
-1.57982e-25
7.16859e-24
-4.81041e-22
1.03324e-20
3.61047e-20
7.70942e-19
1.47952e-18
5.13639e-20
9.95837e-28
6.87259e-26
-2.27956e-24
1.20958e-22
-9.03955e-21
1.80278e-19
7.46033e-19
1.45651e-17
2.10709e-17
7.02709e-19
1.40787e-26
9.29758e-25
-2.92527e-23
2.0121e-21
-1.71263e-19
3.11374e-18
1.9709e-17
2.71785e-16
2.85179e-16
9.4326e-18
1.83611e-25
1.07183e-23
-2.97446e-22
3.073e-20
-2.85302e-18
4.76063e-17
4.78907e-16
4.51418e-15
3.42721e-15
1.18221e-16
1.52824e-24
7.49286e-23
-1.00257e-21
3.53046e-19
-3.63197e-17
5.55966e-16
8.84109e-15
6.08492e-14
3.26665e-14
1.10906e-15
2.02219e-23
1.04548e-21
-2.59908e-20
4.47095e-18
-3.72948e-16
4.80062e-15
1.19843e-13
7.14456e-13
3.30354e-13
1.20693e-14
2.29075e-22
1.43673e-20
-4.13943e-19
2.78311e-17
-1.52256e-15
1.76437e-14
5.87966e-13
3.21623e-12
1.70441e-12
8.07835e-14
-3.79776e-23
-7.18311e-21
1.47583e-19
-3.48894e-18
7.99153e-17
-1.01479e-15
-1.11443e-14
2.73499e-14
6.8778e-14
3.95479e-15
-2.76821e-33
3.15812e-31
3.03747e-30
9.47049e-28
-1.02534e-25
1.49542e-24
4.16513e-24
1.1152e-22
2.07449e-22
1.66112e-23
9.8789e-32
3.14647e-29
-8.60097e-28
6.74119e-26
-7.35273e-24
1.21756e-22
5.38165e-24
9.47593e-21
2.11336e-20
1.23306e-21
-4.58975e-30
5.75368e-28
-2.21019e-26
1.36373e-24
-1.99133e-22
3.44807e-21
5.05353e-22
2.47562e-19
5.14145e-19
2.51748e-20
-1.02741e-28
8.12865e-27
-2.98154e-25
2.07111e-23
-3.57508e-21
5.8672e-20
2.1806e-20
4.70892e-18
7.30887e-18
3.41923e-19
-3.56125e-27
8.29819e-26
-3.95806e-24
2.81646e-22
-6.63753e-20
9.7895e-19
2.03391e-18
8.95787e-17
1.00824e-16
4.63912e-18
-1.06691e-25
1.96721e-25
-4.54697e-23
3.37715e-21
-1.09469e-18
1.3968e-17
7.95067e-17
1.52325e-15
1.24157e-15
5.86516e-17
-1.61872e-24
-1.1293e-23
-3.07126e-22
2.16967e-20
-1.38086e-17
1.43985e-16
1.80585e-15
2.05862e-14
1.18006e-14
5.40642e-16
-2.80216e-23
-1.22595e-22
-9.78288e-22
5.80775e-19
-1.44537e-16
9.97522e-16
2.74881e-14
2.55512e-13
1.25744e-13
6.07956e-15
-1.38854e-23
2.72897e-21
1.76311e-20
6.88254e-18
-5.68556e-16
2.52476e-15
1.44032e-13
1.16941e-12
6.82873e-13
4.03221e-14
-2.19665e-23
-1.87223e-21
2.84709e-20
-1.13211e-18
2.66223e-17
-2.22136e-16
-3.51916e-15
7.07543e-15
2.70149e-14
1.8748e-15
8.40086e-32
6.5793e-31
1.55197e-29
4.98033e-29
-4.36187e-26
5.68913e-25
-9.77049e-25
3.48988e-23
7.92706e-23
1.03822e-23
5.58386e-30
5.05703e-29
8.0328e-28
1.17718e-26
-3.2241e-24
4.76037e-23
-1.81071e-22
3.08044e-21
7.47658e-21
7.55982e-22
1.53324e-28
1.47219e-27
2.0694e-26
8.79634e-26
-8.61716e-23
1.33016e-21
-4.91021e-21
8.32908e-20
1.78702e-19
1.56736e-20
2.4526e-27
2.39873e-26
3.39659e-25
-3.58735e-25
-1.47971e-21
2.22765e-20
-8.87288e-20
1.59839e-18
2.52596e-18
2.13151e-19
4.48929e-26
4.44427e-25
6.26892e-24
-5.35685e-23
-2.68029e-20
3.655e-19
-1.20866e-18
3.10194e-17
3.51535e-17
2.89285e-18
8.39503e-25
8.10898e-24
1.14054e-22
-1.49144e-21
-4.35517e-19
4.98439e-18
-6.60019e-18
5.40737e-16
4.39059e-16
3.65971e-17
1.05876e-23
1.0546e-22
1.33429e-21
-3.15169e-20
-5.35241e-18
4.60956e-17
1.50922e-16
7.28383e-15
4.05786e-15
3.2222e-16
1.53826e-22
1.37907e-21
2.14433e-20
-1.40246e-19
-5.6171e-17
2.4536e-16
3.76165e-15
9.59262e-14
4.49813e-14
3.75707e-15
5.48176e-22
4.91066e-21
1.04238e-19
1.49118e-18
-2.10225e-16
1.59745e-16
2.45174e-14
4.51103e-13
2.69324e-13
2.57768e-14
-1.35033e-23
-5.51675e-22
9.70376e-21
-3.81967e-19
8.95473e-18
-3.53506e-17
-1.25892e-15
3.38244e-15
1.32575e-14
1.47431e-15
-2.14243e-31
-2.73359e-30
-5.34214e-29
-7.11576e-28
-2.06071e-26
3.34873e-25
-1.61288e-24
8.39178e-24
3.21459e-23
8.14011e-24
-1.25854e-29
-1.73024e-28
-3.11013e-27
-4.59063e-26
-1.56509e-24
2.75473e-23
-1.59196e-22
7.49243e-22
3.02079e-21
6.14811e-22
-3.82056e-28
-5.22947e-27
-8.83521e-26
-1.27469e-24
-4.12472e-23
7.6475e-22
-4.47069e-21
2.19232e-20
7.36744e-20
1.34612e-20
-6.40801e-27
-8.80053e-26
-1.48732e-24
-2.13921e-23
-6.8612e-22
1.31252e-20
-8.57794e-20
4.66669e-19
1.05724e-18
1.87908e-19
-1.2468e-25
-1.70691e-24
-2.84957e-23
-4.03291e-22
-1.2296e-20
2.28784e-19
-1.57561e-18
9.89719e-18
1.52607e-17
2.66271e-18
-2.37234e-24
-3.19884e-23
-5.19719e-22
-7.09329e-21
-2.00825e-19
3.46644e-18
-2.4479e-17
1.8667e-16
2.00272e-16
3.51594e-17
-3.27212e-23
-4.39352e-22
-7.07159e-21
-9.24262e-20
-2.41585e-18
3.60181e-17
-2.56387e-16
2.63526e-15
1.91412e-15
3.16484e-16
-4.09013e-22
-5.24332e-21
-7.90816e-20
-1.0073e-18
-2.67689e-17
3.44782e-16
-3.06669e-15
3.69546e-14
2.28442e-14
3.94104e-15
-1.15139e-21
-1.49885e-20
-2.15398e-19
-2.86778e-18
-9.82797e-17
1.00569e-15
-1.0842e-14
1.70006e-13
1.37534e-13
2.66632e-14
-3.57534e-23
-2.36314e-22
-5.15176e-22
-5.77999e-20
3.13819e-18
-1.20181e-18
-3.6719e-16
-9.2526e-17
6.10668e-15
1.46692e-15
-1.01196e-31
3.93815e-31
-1.68531e-29
-5.64555e-30
-8.96479e-27
1.26624e-25
-6.15935e-25
3.52985e-24
1.10462e-23
2.1703e-24
-9.02163e-30
4.7301e-29
-1.19298e-27
5.04006e-27
-6.73607e-25
9.56914e-24
-5.19692e-23
3.33292e-22
1.12129e-21
1.40171e-22
-2.4139e-28
1.03968e-27
-3.1592e-26
7.6497e-26
-1.72893e-23
2.59939e-22
-1.43553e-21
9.6622e-21
2.81995e-20
2.75297e-21
-3.83463e-27
1.53908e-26
-5.08723e-25
7.99365e-25
-2.79135e-22
4.34182e-21
-2.66401e-20
1.93125e-19
4.02976e-19
3.77797e-20
-6.9855e-26
2.55642e-25
-9.37826e-24
4.56097e-24
-4.96483e-21
7.63586e-20
-4.85313e-19
3.98645e-18
5.80707e-18
5.29375e-19
-1.29799e-24
4.26121e-24
-1.69198e-22
-8.36551e-23
-8.27474e-20
1.21099e-18
-7.59684e-18
7.52946e-17
7.59709e-17
7.31838e-18
-1.59592e-23
4.45399e-23
-2.19503e-21
-4.47329e-21
-9.84811e-19
1.31409e-17
-7.72893e-17
1.0378e-15
6.87346e-16
6.23304e-17
-2.37922e-22
7.13487e-22
-2.7617e-20
-1.26432e-20
-1.16593e-17
1.3857e-16
-9.02802e-16
1.5239e-14
8.34069e-15
8.71038e-16
-8.97443e-22
3.58192e-21
-9.23241e-20
3.12886e-19
-4.2872e-17
4.37744e-16
-2.75814e-15
7.14511e-14
5.46169e-14
6.47922e-15
-7.10119e-25
-2.13743e-22
1.88912e-21
-5.29765e-20
1.11831e-18
-3.66709e-18
-1.04942e-16
3.83079e-17
2.80639e-15
4.18057e-16
-1.03172e-32
1.44974e-31
-6.34979e-30
7.96141e-29
-3.81734e-27
4.96647e-26
-2.45271e-25
1.38317e-24
2.88421e-24
5.0853e-25
-4.34688e-30
3.73291e-29
-6.27342e-28
9.03358e-27
-2.8485e-25
3.51682e-24
-1.76592e-23
1.39221e-22
4.02978e-22
2.857e-23
-1.34613e-28
9.24065e-28
-1.54467e-26
1.94413e-25
-7.10617e-24
9.29571e-23
-4.75694e-22
4.07381e-21
1.10753e-20
4.39953e-22
-2.13932e-27
1.38536e-26
-2.36337e-25
2.79315e-24
-1.11897e-22
1.51746e-21
-8.6179e-21
7.87218e-20
1.60642e-19
5.85322e-21
-3.87672e-26
2.4131e-25
-4.20387e-24
4.50994e-23
-1.98014e-21
2.68586e-20
-1.56409e-19
1.61347e-18
2.35524e-18
7.74533e-20
-7.45217e-25
4.37006e-24
-7.59208e-23
7.29652e-22
-3.38954e-20
4.44734e-19
-2.46728e-18
3.09386e-17
3.14496e-17
1.20201e-18
-8.67791e-24
4.9283e-23
-9.24981e-22
7.17047e-21
-4.024e-19
4.99543e-18
-2.44882e-17
4.20576e-16
2.77858e-16
9.06201e-18
-1.49036e-22
8.1488e-22
-1.32775e-20
1.20748e-19
-5.10253e-18
5.7531e-17
-2.70672e-16
6.45787e-15
3.51821e-15
1.63129e-16
-6.39947e-22
3.72102e-21
-5.11619e-20
6.09826e-19
-1.89475e-17
1.93669e-16
-6.3932e-16
3.06669e-14
2.40938e-14
1.34287e-15
4.70157e-24
-8.88638e-23
1.09187e-21
-2.68037e-20
4.22287e-19
-2.21814e-18
-3.12443e-17
3.5074e-17
1.21819e-15
1.07934e-16
1.10401e-32
-3.33812e-32
-2.07173e-30
5.2494e-29
-1.55986e-27
1.98429e-26
-1.00152e-25
5.5065e-25
4.11783e-25
1.05962e-25
-1.15868e-30
1.39085e-29
-2.84861e-28
5.48479e-27
-1.15528e-25
1.31569e-24
-6.15504e-24
5.54639e-23
1.32715e-22
5.04082e-24
-5.09518e-29
3.65116e-28
-6.66784e-27
1.17043e-25
-2.7924e-24
3.37464e-23
-1.61026e-22
1.64484e-21
4.26388e-21
-7.15673e-24
-8.24429e-28
5.34612e-27
-9.81861e-26
1.67397e-24
-4.30188e-23
5.4022e-22
-2.87147e-21
3.11194e-20
6.34613e-20
-2.81588e-22
-1.51351e-26
9.29015e-26
-1.71001e-24
2.75347e-23
-7.57094e-22
9.6025e-21
-5.22747e-20
6.39475e-19
9.5514e-19
-8.4224e-21
-3.09583e-25
1.76157e-24
-3.16843e-23
4.76448e-22
-1.33579e-20
1.65736e-19
-8.36077e-19
1.26162e-17
1.32483e-17
-7.36588e-20
-3.55732e-24
1.95668e-23
-3.72596e-22
5.02408e-21
-1.5838e-19
1.9087e-18
-8.21191e-18
1.70278e-16
1.16727e-16
-1.39379e-18
-6.86689e-23
3.64514e-22
-5.97685e-21
8.51855e-20
-2.15495e-18
2.38559e-17
-8.42581e-17
2.74235e-15
1.57276e-15
-6.03519e-18
-3.14322e-22
1.77861e-21
-2.46504e-20
3.9159e-19
-8.12188e-18
8.43092e-17
-1.27793e-16
1.31227e-14
1.09377e-14
1.41139e-17
4.45774e-24
-2.71176e-23
4.10567e-22
-1.12048e-20
1.60965e-19
-1.07045e-18
-9.63557e-18
8.26759e-18
4.72391e-16
2.65961e-17
5.51191e-33
-3.5945e-32
-5.58511e-31
2.41383e-29
-5.99567e-28
7.8375e-27
-4.01697e-26
2.1715e-25
-5.85405e-26
1.99535e-26
-1.83887e-31
4.27377e-30
-1.16305e-28
2.5898e-27
-4.5399e-26
5.01232e-25
-2.21724e-24
2.15076e-23
4.09411e-23
1.10826e-24
-1.55546e-29
1.19748e-28
-2.6498e-27
5.42914e-26
-1.06697e-24
1.25115e-23
-5.66473e-23
6.49977e-22
1.59645e-21
-4.55036e-23
-2.55331e-28
1.69707e-27
-3.7801e-26
7.65276e-25
-1.61475e-23
1.97443e-22
-1.00473e-21
1.20848e-20
2.43955e-20
-7.59373e-22
-4.73929e-27
2.92144e-26
-6.47784e-25
1.25672e-23
-2.82762e-22
3.52293e-21
-1.85335e-20
2.50354e-19
3.77943e-19
-1.35986e-20
-1.04354e-25
5.81715e-25
-1.24247e-23
2.26946e-22
-5.13954e-21
6.31516e-20
-3.03614e-19
5.12065e-18
5.49095e-18
-1.96083e-19
-1.21287e-24
6.38958e-24
-1.43579e-22
2.43892e-21
-6.09087e-20
7.4028e-19
-3.01259e-18
6.92018e-17
4.87114e-17
-2.09758e-18
-2.57208e-23
1.34759e-22
-2.53443e-21
4.38543e-20
-8.87482e-19
9.95309e-18
-2.90132e-17
1.16307e-15
6.99604e-16
-2.94536e-17
-1.22259e-22
7.02644e-22
-1.08597e-20
1.96687e-19
-3.39191e-18
3.64366e-17
-2.46417e-17
5.57186e-15
4.86188e-15
-1.9091e-16
2.44486e-24
-7.9799e-24
1.32379e-22
-4.16838e-21
5.96697e-20
-4.63118e-19
-2.99583e-18
-9.52329e-19
1.63022e-16
8.53121e-18
1.51627e-33
-1.67241e-32
-1.36618e-31
9.50867e-30
-2.20428e-28
3.05236e-27
-1.5434e-26
8.41516e-26
-7.45118e-26
1.60637e-27
-7.31896e-33
1.3712e-30
-4.66376e-29
1.08796e-27
-1.71058e-26
1.89034e-25
-7.86005e-25
8.10941e-24
1.19332e-23
4.78634e-25
-4.5526e-30
3.99936e-29
-1.04558e-27
2.24361e-26
-3.90874e-25
4.60058e-24
-1.98291e-23
2.51541e-22
5.84696e-22
-2.80998e-23
-7.45308e-29
5.40837e-28
-1.44873e-26
3.11654e-25
-5.8251e-24
7.17564e-23
-3.52727e-22
4.58799e-21
9.12854e-21
-4.6813e-22
-1.3757e-27
9.09307e-27
-2.43244e-25
5.07045e-24
-1.01407e-22
1.28433e-21
-6.63606e-21
9.55638e-20
1.44661e-19
-8.14841e-21
-3.27453e-26
1.90764e-25
-4.85539e-24
9.52543e-23
-1.90149e-21
2.38928e-20
-1.12241e-19
2.04028e-18
2.20937e-18
-1.31462e-19
-3.89196e-25
2.07666e-24
-5.53475e-23
1.02969e-21
-2.24802e-20
2.83274e-19
-1.13664e-18
2.76707e-17
1.97357e-17
-1.35448e-18
-8.99373e-24
4.96931e-23
-1.07384e-21
1.98647e-20
-3.50393e-19
4.07019e-18
-1.03879e-17
4.85213e-16
3.01792e-16
-2.24244e-17
-4.38848e-23
2.75418e-22
-4.73934e-21
8.83268e-20
-1.35727e-18
1.5282e-17
-3.63335e-18
2.32561e-15
2.09428e-15
-1.48578e-16
1.02525e-24
-2.56875e-24
4.07313e-23
-1.49271e-21
2.16688e-20
-1.92355e-19
-8.95299e-19
-1.61302e-18
5.14464e-17
3.89146e-18
3.09745e-34
-6.21368e-33
-3.39002e-32
3.4217e-30
-7.78098e-29
1.14497e-27
-5.56998e-27
3.10961e-26
-3.8114e-26
-1.43323e-27
6.9856e-33
4.85095e-31
-1.87445e-29
4.31597e-28
-6.32286e-27
7.10266e-26
-2.73352e-25
2.99318e-24
3.32118e-24
2.5593e-25
-1.33652e-30
1.45415e-29
-4.21939e-28
8.85497e-27
-1.40878e-25
1.68992e-24
-6.85833e-24
9.63871e-23
2.10737e-22
-1.27309e-23
-2.13873e-29
1.87153e-28
-5.70032e-27
1.2148e-25
-2.07227e-24
2.61144e-23
-1.23242e-22
1.72218e-21
3.34664e-21
-2.17048e-22
-3.86536e-28
3.04321e-27
-9.36001e-26
1.95482e-24
-3.58043e-23
4.68145e-22
-2.37138e-21
3.59535e-20
5.40985e-20
-3.77852e-21
-9.89013e-27
6.72418e-26
-1.94507e-24
3.81374e-23
-6.921e-22
9.01535e-21
-4.13923e-20
8.02011e-19
8.68561e-19
-6.61179e-20
-1.21007e-25
7.34588e-25
-2.20028e-23
4.13855e-22
-8.15346e-21
1.07676e-19
-4.26975e-19
1.0938e-17
7.84429e-18
-6.8673e-19
-3.00255e-24
1.94795e-23
-4.65968e-22
8.54584e-21
-1.35797e-19
1.64567e-18
-3.66403e-18
1.99376e-16
1.26483e-16
-1.2318e-17
-1.48053e-23
1.10277e-22
-2.07729e-21
3.76722e-20
-5.32819e-19
6.30949e-18
4.74176e-19
9.55102e-16
8.74331e-16
-7.97035e-17
3.55858e-25
-8.60585e-25
1.20729e-23
-5.19684e-22
7.5404e-21
-7.52122e-20
-2.52571e-19
-8.60122e-19
1.49875e-17
1.86298e-18
4.36088e-35
-2.15183e-33
-1.03848e-32
1.19076e-30
-2.65317e-29
4.14198e-28
-1.92227e-27
1.14562e-26
-1.56692e-26
-1.43705e-27
3.84922e-33
1.78744e-31
-7.54246e-30
1.65003e-28
-2.2662e-27
2.59795e-26
-9.06667e-26
1.09226e-24
8.72333e-25
1.34681e-25
-4.06999e-31
5.38354e-30
-1.70587e-28
3.37674e-27
-4.93507e-26
6.05749e-25
-2.25537e-24
3.65071e-23
7.53409e-23
-5.09818e-24
-6.24386e-30
6.54848e-29
-2.25421e-27
4.58443e-26
-7.17141e-25
9.27188e-24
-4.11627e-23
6.36766e-22
1.21195e-21
-8.92638e-23
-1.08572e-28
1.01677e-27
-3.60687e-26
7.28448e-25
-1.2277e-23
1.66123e-22
-8.11064e-22
1.32222e-20
1.98599e-20
-1.55719e-21
-2.97422e-27
2.36223e-26
-7.8181e-25
1.47775e-23
-2.45118e-22
3.31324e-21
-1.45169e-20
3.08739e-19
3.3511e-19
-2.92911e-20
-3.75408e-26
2.57382e-25
-8.74249e-24
1.60275e-22
-2.87137e-21
3.97327e-20
-1.51302e-19
4.21704e-18
3.05388e-18
-3.11358e-19
-9.99759e-25
7.60947e-24
-2.01764e-22
3.53449e-21
-5.10695e-20
6.44601e-19
-1.14374e-18
8.01824e-17
5.18392e-17
-5.93743e-18
-4.94213e-24
4.3926e-23
-9.02585e-22
1.54698e-20
-2.0283e-19
2.5166e-18
1.30899e-18
3.84729e-16
3.5774e-16
-3.72149e-17
1.15837e-25
-2.85534e-25
3.4452e-24
-1.83786e-22
2.57327e-21
-2.8534e-20
-6.82594e-20
-3.59812e-19
4.043e-18
8.78116e-19
1.48056e-37
-6.98512e-34
-3.48822e-33
4.0548e-31
-8.85235e-30
1.44886e-28
-6.36274e-28
4.08252e-27
-5.71016e-27
-7.92363e-28
1.43853e-33
6.39387e-32
-2.92957e-30
6.14894e-29
-8.03862e-28
9.42479e-27
-2.93947e-26
3.94403e-25
2.08938e-25
5.97763e-26
-1.2101e-31
1.9832e-30
-6.72998e-29
1.25924e-27
-1.71378e-26
2.15299e-25
-7.18939e-25
1.36999e-23
2.66019e-23
-1.7958e-24
-1.77061e-30
2.28693e-29
-8.71626e-28
1.69006e-26
-2.4585e-25
3.26122e-24
-1.34294e-23
2.33246e-22
4.33317e-22
-3.25616e-23
-2.94575e-29
3.38004e-28
-1.36163e-26
2.65117e-25
-4.1607e-24
5.82121e-23
-2.71609e-22
4.8003e-21
7.20548e-21
-5.73205e-22
-8.57533e-28
8.23024e-27
-3.07269e-25
5.58115e-24
-8.57503e-23
1.2002e-21
-4.95419e-21
1.17027e-19
1.27399e-19
-1.14982e-20
-1.13081e-26
9.05343e-26
-3.40511e-24
6.02989e-23
-9.95799e-22
1.43882e-20
-5.18028e-20
1.59915e-18
1.17791e-18
-1.27364e-19
-3.17074e-25
2.94369e-24
-8.48952e-23
1.41699e-21
-1.89222e-20
2.47638e-19
-3.1514e-19
3.16531e-17
2.08308e-17
-2.50932e-18
-1.5301e-24
1.68476e-23
-3.77414e-22
6.17092e-21
-7.61365e-20
9.85146e-19
9.774e-19
1.52048e-16
1.42735e-16
-1.49062e-17
3.39197e-26
-9.00368e-26
8.74791e-25
-6.12812e-23
8.04679e-22
-9.71081e-21
-1.79513e-20
-1.39402e-19
9.95112e-19
3.58706e-19
-3.40253e-36
-2.27474e-34
-1.37181e-33
1.4198e-31
-2.99312e-30
5.11623e-29
-2.09725e-28
1.50788e-27
-1.99177e-27
-3.97968e-28
5.07267e-34
2.21777e-32
-1.13834e-30
2.29496e-29
-2.86111e-28
3.44104e-27
-9.23403e-27
1.45983e-25
3.9828e-26
2.54425e-26
-3.67359e-32
7.06292e-31
-2.64352e-29
4.68262e-28
-5.95825e-27
7.6807e-26
-2.18798e-25
5.2334e-24
9.52277e-24
-6.13231e-25
-5.0543e-31
7.61149e-30
-3.35031e-28
6.20091e-27
-8.42359e-26
1.1486e-24
-4.25784e-24
8.66638e-23
1.56951e-22
-1.15336e-23
-7.9303e-30
1.05471e-28
-5.08698e-27
9.56525e-26
-1.40472e-24
2.03499e-23
-8.92016e-23
1.75446e-21
2.6422e-21
-2.04411e-22
-2.45582e-28
2.6998e-27
-1.19976e-25
2.09303e-24
-2.99452e-23
4.34355e-22
-1.64446e-21
4.48341e-20
4.90923e-20
-4.38417e-21
-3.40636e-27
2.99158e-26
-1.31123e-24
2.23732e-23
-3.43114e-22
5.1792e-21
-1.71394e-20
6.10785e-19
4.61265e-19
-5.10643e-20
-1.00984e-25
1.09677e-24
-3.55175e-23
5.64397e-22
-7.00429e-21
9.49983e-20
-5.98849e-20
1.26538e-17
8.50049e-18
-1.03436e-18
-4.75075e-25
6.32167e-24
-1.57269e-22
2.45725e-21
-2.85912e-20
3.85385e-19
6.26754e-19
6.09253e-17
5.77676e-17
-5.81808e-18
1.00019e-26
-2.80536e-26
1.82911e-25
-2.05662e-23
2.47013e-22
-3.23453e-21
-5.06061e-21
-4.95557e-20
2.1405e-19
1.43985e-19
-1.24822e-36
-5.66102e-35
-3.70142e-34
3.90629e-32
-8.0336e-31
1.41181e-29
-5.39414e-29
4.23889e-28
-5.25072e-28
-1.2039e-28
1.29572e-34
5.96163e-33
-3.36206e-31
6.68235e-30
-8.09034e-29
9.95774e-28
-2.28803e-27
4.24942e-26
3.03837e-27
7.38388e-27
-8.74427e-33
2.00402e-31
-7.95916e-30
1.36127e-28
-1.65311e-27
2.17727e-26
-5.18961e-26
1.56882e-24
2.67788e-24
-1.56063e-25
-1.14182e-31
2.04713e-30
-9.90428e-29
1.77916e-27
-2.30609e-26
3.21747e-25
-1.07008e-24
2.54035e-23
4.46749e-23
-3.04955e-24
-1.70119e-30
2.67828e-29
-1.47019e-27
2.70558e-26
-3.79511e-25
5.65481e-24
-2.33291e-23
5.06297e-22
7.62762e-22
-5.46581e-23
-5.52285e-29
7.13648e-28
-3.59199e-26
6.10222e-25
-8.31308e-24
1.24125e-22
-4.31884e-22
1.34415e-20
1.47529e-20
-1.23542e-21
-8.11995e-28
8.11545e-27
-3.8899e-25
6.44029e-24
-9.3795e-23
1.46599e-21
-4.46035e-21
1.82736e-19
1.41645e-19
-1.5195e-20
-2.47937e-26
3.23606e-25
-1.12585e-23
1.73001e-22
-2.04159e-21
2.84758e-20
-1.54865e-21
3.92795e-18
2.67556e-18
-3.08031e-19
-1.10657e-25
1.82296e-24
-4.94175e-23
7.53883e-22
-8.44162e-21
1.17579e-19
2.53945e-19
1.89253e-17
1.79398e-17
-1.61444e-18
2.16681e-27
-6.97752e-27
2.51313e-26
-5.01203e-24
5.59338e-23
-7.81242e-22
-1.13406e-21
-1.48874e-20
3.01857e-20
3.93548e-20
)
;

boundaryField
{
    flowInlet
    {
        type            fixedValue;
        value           uniform 0;
    }
    flowOutlet
    {
        type            zeroGradient;
    }
    minorInlet
    {
        type            fixedValue;
        value           uniform 1;
    }
    pipe
    {
        type            zeroGradient;
    }
    topSurf
    {
        type            zeroGradient;
    }
    bottomSurf
    {
        type            zeroGradient;
    }
    innerSurf
    {
        type            zeroGradient;
    }
    outerSurf
    {
        type            zeroGradient;
    }
}


// ************************************************************************* //
