/*--------------------------------*- C++ -*----------------------------------*\
| =========                 |                                                 |
| \\      /  F ield         | OpenFOAM: The Open Source CFD Toolbox           |
|  \\    /   O peration     | Version:  1.7.x                                 |
|   \\  /    A nd           | Web:      www.OpenFOAM.com                      |
|    \\/     M anipulation  |                                                 |
\*---------------------------------------------------------------------------*/
FoamFile
{
    version     2.0;
    format      ascii;
    class       volScalarField;
    location    "0.4";
    object      conc;
}
// * * * * * * * * * * * * * * * * * * * * * * * * * * * * * * * * * * * * * //

dimensions      [0 -3 0 0 1 0 0];

internalField   nonuniform List<scalar> 
8000
(
1.48672e-07
-4.23825e-07
1.67753e-06
3.11096e-06
0.000125427
0.000387904
0.000217718
-0.000125824
7.55432e-05
-1.20421e-05
-2.20194e-06
6.88792e-06
-2.98774e-05
-4.19408e-05
-0.00235406
-0.00721613
-0.00395688
0.00186639
-0.00113943
0.000182586
-5.26658e-06
1.40406e-05
-5.74361e-05
-4.36175e-05
-0.00415302
-0.0128916
-0.00716638
0.00246198
-0.0021812
0.000480692
-5.03608e-06
1.29981e-05
-5.62079e-05
-6.16158e-05
-0.00425053
-0.0127685
-0.00678747
0.0022221
-0.00213582
0.000475541
-4.71391e-06
1.20181e-05
-5.43752e-05
-7.40362e-05
-0.00422746
-0.0124686
-0.00646319
0.00217914
-0.00204704
0.000449446
-4.98587e-06
1.28013e-05
-5.69102e-05
-7.4371e-05
-0.00434142
-0.012867
-0.00668554
0.00238838
-0.00213676
0.000474245
-5.93604e-06
1.55435e-05
-6.40303e-05
-6.15359e-05
-0.00458048
-0.0139725
-0.00749574
0.00281893
-0.00241202
0.000555203
-7.06115e-06
1.87962e-05
-7.17325e-05
-4.33606e-05
-0.004736
-0.0151375
-0.00864857
0.00338723
-0.00264876
0.000618025
-4.09082e-06
1.2344e-05
-4.90683e-05
-4.76173e-05
-0.00342962
-0.0109373
-0.00620027
0.0032667
-0.00174511
0.000294323
2.52864e-07
-6.9353e-07
2.48895e-06
2.87797e-06
0.000165045
0.000533832
0.000314765
-0.000182815
0.000107238
-1.82367e-05
-5.41395e-07
1.38415e-06
-5.6247e-06
-9.2637e-06
-0.00040813
-0.00124633
-0.00069714
0.000343885
-0.000247641
4.29821e-05
7.9395e-06
-2.23767e-05
9.80965e-05
0.000105086
0.00753787
0.0228444
0.0124847
-0.00481275
0.00373487
-0.000637644
1.90417e-05
-4.588e-05
0.000190591
8.38125e-05
0.013463
0.041283
0.0230707
-0.00513423
0.00766799
-0.00183682
1.80954e-05
-4.23203e-05
0.000186404
0.000140426
0.0138221
0.0408915
0.0216225
-0.0044922
0.00764983
-0.00184114
1.68691e-05
-3.90743e-05
0.000179984
0.000179937
0.0137228
0.039816
0.0203713
-0.0046099
0.00727369
-0.00172509
1.79099e-05
-4.20275e-05
0.000188548
0.000177012
0.014021
0.0409303
0.0209484
-0.00535598
0.00749003
-0.00180591
2.15203e-05
-5.17569e-05
0.000212386
0.000129627
0.0146493
0.0441855
0.0234433
-0.00663613
0.00830401
-0.00209655
2.57659e-05
-6.27131e-05
0.000236445
7.04832e-05
0.0148814
0.0473396
0.0269935
-0.00837875
0.00884695
-0.00228242
1.49734e-05
-4.11258e-05
0.000161271
0.000105154
0.0107006
0.0339402
0.0188768
-0.0093753
0.00566331
-0.0010311
-9.26275e-07
2.30401e-06
-8.32167e-06
-7.62157e-06
-0.000522119
-0.00167585
-0.000972503
0.000527678
-0.000346567
6.47318e-05
1.41742e-06
-3.06079e-06
1.35632e-05
2.13319e-05
0.000933089
0.00281969
0.00162263
-0.00058075
0.000570052
-0.00010913
-2.02485e-05
4.97646e-05
-0.000241846
-0.000230808
-0.0180136
-0.0539506
-0.0300686
0.0072548
-0.00831754
0.00152431
-4.83225e-05
0.000103449
-0.00047439
-0.000166935
-0.0324543
-0.0982128
-0.056722
0.0023556
-0.0187532
0.00491878
-4.55659e-05
9.53353e-05
-0.000465903
-0.000307727
-0.0334497
-0.0972946
-0.0525329
0.00132304
-0.0192877
0.0050258
-4.23764e-05
8.8225e-05
-0.000450602
-0.000403486
-0.0331351
-0.0944428
-0.0489078
0.00255948
-0.0181869
0.00466123
-4.53615e-05
9.66244e-05
-0.000472725
-0.000389036
-0.0335902
-0.0965635
-0.0499525
0.00460148
-0.018332
0.00481839
-5.52209e-05
0.000121418
-0.000530829
-0.000265196
-0.0345492
-0.103255
-0.0557246
0.00725406
-0.0197159
0.00551065
-6.65723e-05
0.000146642
-0.00058112
-0.000128525
-0.0341189
-0.108662
-0.0638194
0.0110387
-0.0200206
0.00581393
-3.89931e-05
9.52007e-05
-0.000394661
-0.0002148
-0.024411
-0.0774437
-0.0432618
0.01799
-0.0122515
0.00246703
2.44528e-06
-5.2625e-06
1.97575e-05
1.53274e-05
0.00112713
0.00361975
0.00213343
-0.000995664
0.000772082
-0.000162606
-3.78161e-06
6.21168e-06
-3.07072e-05
-4.38221e-05
-0.00207971
-0.00621067
-0.0036639
0.000806647
-0.00133862
0.000285543
5.51887e-05
-0.000108096
0.000572388
0.000318618
0.0420537
0.124609
0.0704413
-0.00810115
0.0211273
-0.00413141
0.000129575
-0.000222429
0.00112183
-5.79402e-05
0.0761966
0.227775
0.135331
0.0182149
0.0518504
-0.0152611
0.000120411
-0.000202684
0.00110171
0.000239834
0.0788314
0.225701
0.123625
0.0195641
0.0549856
-0.0160596
0.000111799
-0.000188364
0.00106638
0.000452134
0.0778742
0.218476
0.113625
0.0138968
0.0515429
-0.0148025
0.000121365
-0.000212662
0.00112107
0.000391267
0.0781574
0.221979
0.115249
0.00800931
0.0507386
-0.0150728
0.000150584
-0.000275753
0.00125501
8.19339e-05
0.078785
0.234468
0.128166
0.002252
0.0526207
-0.0168638
0.000183502
-0.00033322
0.00134714
-0.000173581
0.0750074
0.241071
0.145919
-0.006557
0.0507569
-0.0170722
0.000108931
-0.000217353
0.000918032
0.000186863
0.0534442
0.170931
0.0957898
-0.0345546
0.0297862
-0.00669422
-6.5985e-06
1.12088e-05
-4.3687e-05
-2.31991e-05
-0.00232542
-0.00751633
-0.00450887
0.00174928
-0.00173091
0.000420326
9.28547e-06
-1.12703e-05
6.67439e-05
9.29375e-05
0.00434274
0.012865
0.00796877
-0.000469997
0.00300846
-0.00071634
-0.000126966
0.000201052
-0.00126733
-0.000492584
-0.0921544
-0.269555
-0.155769
-0.00525424
-0.0457864
0.00918249
-0.000292075
0.00042005
-0.00249327
0.000463793
-0.167364
-0.493115
-0.305662
-0.0998157
-0.121926
0.0389969
-0.000266574
0.000381705
-0.00245724
-0.000196751
-0.173729
-0.488641
-0.275746
-0.100251
-0.133626
0.0423346
-0.000248055
0.000360337
-0.00238721
-0.000651515
-0.170887
-0.471439
-0.250249
-0.0806158
-0.124705
0.0387769
-0.000275949
0.000426123
-0.00251606
-0.000481089
-0.16919
-0.475149
-0.252142
-0.064742
-0.119741
0.0387741
-0.000351568
0.000572579
-0.00279497
0.000194603
-0.166
-0.49384
-0.279417
-0.0530025
-0.119383
0.042239
-0.000432165
0.00068095
-0.00290088
0.000575988
-0.150217
-0.491797
-0.31512
-0.0335531
-0.108756
0.0408555
-0.000259149
0.000433679
-0.00196679
-0.000208841
-0.106701
-0.347066
-0.199045
0.0544424
-0.0603042
0.0148596
1.64879e-05
-2.22116e-05
9.18956e-05
3.52202e-05
0.00433086
0.0143184
0.00905878
-0.00255486
0.00362859
-0.00103473
-2.42548e-05
1.66883e-05
-0.000131787
-0.000145929
-0.0087459
-0.0257661
-0.0166938
-0.00186815
-0.00714021
0.00194581
0.000320993
-0.000345478
0.0026081
-0.000800653
0.190451
0.550327
0.320744
0.0593248
0.114688
-0.0250974
0.000698139
-0.000693433
0.00507208
-0.00454178
0.34469
1.00282
0.644369
0.347375
0.315638
-0.124065
0.000612927
-0.000613998
0.00498388
-0.00347734
0.358375
0.99275
0.572495
0.342606
0.353965
-0.139928
0.000573693
-0.000598962
0.00485253
-0.00260494
0.350151
0.953769
0.511768
0.282795
0.329546
-0.127937
0.000665966
-0.000772887
0.00513172
-0.00300484
0.34028
0.950954
0.511304
0.23992
0.308944
-0.125352
0.000883361
-0.00110113
0.00564968
-0.00420538
0.321963
0.966986
0.563417
0.213576
0.295992
-0.131983
0.00110294
-0.00128791
0.00560339
-0.00399474
0.27137
0.921514
0.627493
0.168321
0.256957
-0.120947
0.000681611
-0.000819232
0.00381338
-0.00147004
0.192863
0.64856
0.378794
-0.0787359
0.139566
-0.0403467
-4.42666e-05
3.8967e-05
-0.000172509
7.36674e-06
-0.0074042
-0.0256341
-0.0173032
0.00295853
-0.00799215
0.00276045
5.42899e-05
-1.77422e-05
0.000256175
0.000232262
0.0165779
0.0483541
0.0330902
0.0100966
0.0159385
-0.00486134
-0.00063137
0.000441698
-0.00505968
0.00382407
-0.373666
-1.05801
-0.614245
-0.212274
-0.239262
0.0518374
-0.00129408
0.000866402
-0.00973796
0.0123581
-0.671199
-1.91283
-1.27646
-0.961817
-0.670873
0.295287
-0.00106788
0.000744031
-0.00954488
0.01026
-0.697252
-1.88989
-1.11964
-0.944877
-0.769611
0.34552
-0.00101621
0.00079713
-0.00933864
0.00854428
-0.673997
-1.8043
-0.984891
-0.786472
-0.71542
0.315096
-0.00127736
0.00122344
-0.00991548
0.00924063
-0.638628
-1.77271
-0.974859
-0.679915
-0.65747
0.302293
-0.00180341
0.00190168
-0.0107483
0.010901
-0.575658
-1.75072
-1.06643
-0.621285
-0.609787
0.307545
-0.00227524
0.00212012
-0.00991453
0.00834401
-0.437421
-1.56617
-1.1658
-0.518659
-0.506913
0.266873
-0.00141655
0.00126279
-0.00668525
0.00374982
-0.31172
-1.09893
-0.661936
0.0815357
-0.266073
0.0825586
0.000103232
-6.39617e-05
0.00031577
-0.000113703
0.0108532
0.0407541
0.0306289
-0.000692817
0.0161571
-0.0066437
-0.000135122
-1.16646e-05
-0.000416939
-2.39348e-05
-0.0295312
-0.0865726
-0.0625371
-0.0332528
-0.0388916
0.0148105
0.00144515
-0.000416125
0.00922389
-0.0200257
0.692893
1.92224
1.07378
0.602522
0.592589
-0.15547
0.00249541
-0.000604827
0.0171904
-0.046284
1.22428
3.42395
2.32964
2.3774
1.53951
-0.970388
0.00175847
-0.000424557
0.0166517
-0.0439739
1.26547
3.36957
2.00949
2.31161
1.76497
-1.16496
0.0017598
-0.000741224
0.0163499
-0.0404531
1.20352
3.18711
1.7295
1.92473
1.63842
-1.06187
0.00262324
-0.00175646
0.0174532
-0.0402748
1.10096
3.0655
1.68485
1.66719
1.47836
-0.997393
0.00410322
-0.00311317
0.0185507
-0.0393268
0.927495
2.90421
1.81661
1.52457
1.3314
-0.978339
0.00527785
-0.00320452
0.0152839
-0.0250899
0.597545
2.35979
1.93844
1.30469
1.08442
-0.810804
0.00346436
-0.00178579
0.0102567
-0.0140524
0.431581
1.65554
1.01024
-0.0354133
0.601877
-0.239233
-0.000273392
7.15228e-05
-0.000463784
0.000576571
-0.0121933
-0.0561145
-0.0493879
-0.0082576
-0.0366271
0.0196426
0.00023741
0.000110207
0.000693824
-0.000683994
0.0495352
0.144366
0.109505
0.0872817
0.0821141
-0.034218
-0.00212615
-0.000572292
-0.0161483
0.0559369
-1.23176
-3.28361
-1.65656
-1.36784
-1.12516
0.305744
-0.00276474
-0.00175507
-0.0292508
0.114022
-2.13154
-5.75774
-3.93163
-5.19437
-2.78566
2.05689
-0.00103938
-0.00180341
-0.0280588
0.110074
-2.18104
-5.64202
-3.35583
-5.05532
-3.23085
2.55344
-0.00140805
-0.000692776
-0.0278128
0.101646
-2.02545
-5.26476
-2.81596
-4.19674
-3.00405
2.32663
-0.00361111
0.00159594
-0.0298925
0.0965894
-1.76524
-4.90956
-2.68362
-3.62465
-2.68143
2.14304
-0.00684847
0.00421221
-0.0308294
0.0849116
-1.35066
-4.37597
-2.83225
-3.29915
-2.37549
2.03357
-0.00884705
0.0036851
-0.020948
0.0399525
-0.645668
-3.01839
-2.91528
-2.84125
-1.89483
1.60021
-0.00571787
0.00138686
-0.0135081
0.024238
-0.484154
-2.10828
-1.28992
-0.121841
-1.0609
0.450449
0.000539069
-6.27761e-05
0.000696772
-0.00123871
0.00606845
0.0583688
0.0703332
0.0327629
0.0719584
-0.0422915
-0.000420877
-0.000412648
-0.000829857
0.00389727
-0.0744779
-0.220258
-0.173444
-0.208939
-0.192448
0.132681
0.00339619
0.003097
0.0284704
-0.169052
2.09085
5.30725
2.10682
3.03149
2.59211
-1.18881
-3.90316e-06
0.00686975
0.0498201
-0.311547
3.50711
9.07582
5.86815
10.3702
5.10678
-6.88446
-0.0049696
0.00602376
0.0475285
-0.306807
3.52673
8.82997
4.91873
9.9307
5.71764
-8.42447
-0.00264899
0.0028156
0.047607
-0.282338
3.1647
8.06978
3.94754
8.20033
5.33231
-7.69011
0.00459067
-0.00222514
0.0510747
-0.252854
2.57595
7.18233
3.60685
7.01706
4.72065
-6.98948
0.0138042
-0.00717948
0.0502484
-0.196995
1.70071
5.83558
3.69587
6.30069
4.13334
-6.47637
0.0179288
-0.00456972
0.0245795
-0.0605541
0.368608
2.91902
3.70783
5.52915
3.33811
-5.07036
0.0121175
-0.000503535
0.0150246
-0.0423401
0.340902
2.03723
1.12607
0.585347
2.24219
-1.57976
-0.00122799
-8.93658e-05
-0.000712496
0.00173836
0.0187684
-0.0130891
-0.0704195
-0.0918729
-0.163411
0.155951
4.54318e-05
0.000711862
0.000672287
-0.00755112
0.0567365
0.169411
0.136599
0.273253
0.213302
-0.0985858
0.000746733
-0.00746943
-0.0340895
0.287531
-2.14353
-4.89469
-0.714336
-3.59114
-2.53275
1.44669
0.0109261
-0.0133659
-0.0592408
0.489681
-3.38455
-8.07699
-4.38856
-12.1144
-4.33182
7.60111
0.0164749
-0.0103967
-0.0574359
0.477144
-3.27939
-7.75827
-3.58505
-11.5075
-4.82472
9.55809
0.0114547
-0.00496933
-0.0580357
0.424217
-2.76573
-6.80903
-2.60216
-9.42906
-4.56716
8.72999
0.000686577
0.0018665
-0.0606839
0.34833
-1.98154
-5.51953
-2.16648
-7.98752
-4.07287
7.7915
-0.0113051
0.00787038
-0.0548772
0.224497
-0.921558
-3.65309
-2.19356
-7.06801
-3.59402
7.00885
-0.0135774
0.00359211
-0.013037
-0.00714698
0.447405
-0.138978
-2.28709
-6.29501
-2.84351
5.21148
-0.00746392
-0.00107148
-0.00741378
0.0095263
0.169081
-0.119378
0.157915
-0.976144
-2.02293
1.65266
0.000940713
0.000165006
0.000419494
0.00216044
-0.0496241
-0.103649
-0.00141239
0.139817
0.19316
-0.102195
1.24477e-05
-0.000954316
0.00263941
-0.00337554
-0.039704
-0.0748577
-0.00458765
-0.162564
-0.401116
-0.0266303
-6.23388e-05
0.0248576
-0.065784
0.0610559
1.8282
3.60416
-0.612783
2.08367
5.08513
0.204353
-0.00263629
0.0454679
-0.110087
0.0876047
2.74728
5.25922
-0.152699
8.76057
14.2222
-0.101551
-0.00433295
0.0438217
-0.104773
0.0931115
2.58009
5.06747
-0.562877
7.58742
15.3784
-0.232354
-0.00394154
0.0354748
-0.0848329
0.0715361
2.10213
4.40529
-0.730246
5.76936
13.6668
-0.247901
-0.00291949
0.0236542
-0.0565784
0.0312392
1.42137
3.38102
-0.685265
4.74409
12.0278
-0.275451
-0.00167958
0.0080807
-0.0216927
-0.00990225
0.55606
1.94262
-0.342297
4.24608
10.7499
-0.310096
0.000148395
-0.00950883
0.0121424
-0.0150703
-0.434293
-0.620071
-0.103357
4.1719
8.61768
-0.25662
0.000959229
-0.00410759
0.0035909
-0.00971439
-0.165037
-0.0628412
-0.312798
-0.113023
3.29217
-0.0331264
-3.52944e-05
0.000403397
-0.000576634
0.00261158
0.0351366
0.111292
0.103543
-0.0268356
-0.323899
-0.0141573
-4.81548e-05
8.84626e-05
-0.000268748
-0.000591431
0.0617649
0.140907
-0.0161139
0.119421
0.505275
0.045062
0.00146171
0.000693941
0.011673
0.0232463
-3.00451
-6.48801
1.16042
-1.87797
-7.03965
-0.964397
0.00423891
0.00171952
0.00718978
0.095227
-4.36958
-9.75259
-0.552801
-9.82038
-16.7586
-2.64031
0.00522595
0.00529063
-0.00358559
0.110256
-4.03439
-9.21131
-0.0380375
-7.98582
-17.1848
-2.72378
0.00551147
0.0101683
-0.0197925
0.137162
-3.20669
-7.87544
0.364683
-5.70235
-15.101
-2.4313
0.00589108
0.0154679
-0.0393331
0.172363
-2.04281
-6.03036
0.310648
-4.43613
-13.1451
-2.14428
0.00616109
0.0189659
-0.0542717
0.177229
-0.582582
-3.53289
-0.446805
-3.87519
-11.6134
-1.90757
0.00472281
0.0126663
-0.0400571
0.070485
1.01918
0.862789
-0.908306
-4.34274
-9.48492
-1.60709
0.0023738
0.00634281
-0.0231632
0.0501321
0.528107
0.315344
0.268864
0.53591
-4.01739
-0.688185
-2.69634e-05
-0.000170311
0.00108235
-0.00347611
-0.0627572
-0.169143
-0.160246
-0.0489727
0.438474
0.0492851
-0.000221882
-0.00117869
0.00286666
-0.00691444
-0.0465594
-0.0561274
0.147817
0.0820504
-0.524863
-0.12089
0.00272022
0.0209282
-0.0769548
0.275014
3.36854
7.01667
-2.50431
0.047686
10.2422
1.4233
0.00622578
0.0398922
-0.118734
0.346746
4.45085
9.22909
-2.51725
7.94385
23.9808
3.95964
0.0062871
0.0380046
-0.103515
0.299274
3.878
8.45226
-2.71629
5.35629
23.9723
4.23608
0.00548782
0.0320249
-0.0764931
0.19162
2.83479
6.90191
-2.51688
2.98138
20.6899
3.75197
0.00444812
0.0248998
-0.0438548
0.0485918
1.45671
4.70196
-1.87922
2.01593
17.8491
3.30222
0.00298659
0.0151581
-0.00659801
-0.0851456
-0.151074
1.84777
-0.298825
2.07525
15.7145
2.96176
0.00111854
0.00217507
0.023959
-0.121436
-1.59234
-2.68679
0.319643
3.82872
12.8699
2.36738
0.000971429
0.00329125
0.0121226
-0.0800153
-0.963739
-1.39957
0.227102
-1.00414
4.83181
0.605143
-0.000124377
-0.000287712
-0.000181036
0.00610041
0.0688781
0.229314
0.263799
0.201995
-0.504732
0.00223033
4.72237e-06
-0.000396932
-0.000319483
0.00473253
0.0503017
0.0554466
-0.233652
-0.357806
1.46293
0.796548
-0.000286469
0.00259111
0.031431
-0.367131
-4.5886
-10.7378
2.57067
2.13628
-15.92
-5.15412
-0.000130212
0.00983466
0.0249164
-0.355029
-5.70243
-13.9041
1.77674
-7.17822
-31.7158
-8.55936
0.000436846
0.0141558
0.00368522
-0.237187
-4.81362
-12.4494
2.00847
-3.86781
-29.9387
-7.69978
0.00103509
0.0167369
-0.0174004
-0.060989
-3.3629
-10.0274
1.71642
-1.28256
-25.487
-6.3737
0.00170434
0.0187652
-0.0389026
0.14806
-1.5036
-6.87205
0.527231
-0.563581
-21.7804
-5.2134
0.00243839
0.019865
-0.058276
0.316446
0.599874
-2.90327
-2.19107
-1.36341
-19.0591
-4.29594
0.00267533
0.0163649
-0.0568898
0.298723
2.29249
3.05277
-2.58918
-4.7108
-16.269
-3.54737
0.00126781
0.00972161
-0.0379905
0.214304
1.56464
1.9851
-1.5626
0.41735
-6.99012
-2.03132
-8.66997e-05
-0.000672681
0.00104416
-0.00970368
-0.0773583
-0.243999
-0.318368
-0.402822
1.08456
0.532597
-5.26257e-05
-0.000345971
0.00096557
-0.00575769
-0.012223
0.0764413
0.316044
0.966904
-5.21973
2.63314
0.00062051
0.00452372
-0.0418492
0.672742
5.4177
13.9514
-1.06805
-4.64831
23.9978
-2.16882
0.00180587
0.0113443
-0.0520311
0.677071
5.93341
15.9257
-0.556533
7.48823
42.5726
11.417
0.00180343
0.0111926
-0.0352852
0.469581
4.61722
13.6442
-0.870523
3.12223
38.6389
12.6726
0.00152066
0.0102592
-0.0201887
0.181406
2.76422
10.363
-0.217868
0.293781
32.7918
11.5708
0.00124427
0.00974203
-0.00655464
-0.144682
0.502579
6.1292
1.79004
0.238535
27.9353
10.5132
0.000864492
0.0085237
0.00998237
-0.41139
-1.88396
0.894745
5.61936
2.5968
24.3876
9.55023
0.000316892
0.00551058
0.022738
-0.434663
-3.32975
-5.87932
4.61618
8.16516
21.6333
8.15288
0.000130498
0.00262561
0.01886
-0.335032
-2.54109
-4.49959
3.18149
2.50724
10.0114
2.01653
-2.37988e-05
-0.000358512
0.000502635
0.0108113
0.0791515
0.271115
0.349883
0.693027
-3.89428
-0.726095
1.36295e-05
9.93533e-06
0.00109035
-0.00347369
-0.0470283
-0.263449
-0.303587
-1.93016
13.6363
-22.2771
-0.000131789
0.000214354
-0.0131139
-0.880519
-6.62071
-19.6756
-4.84413
4.46882
-35.7338
37.1355
-0.000172911
0.00408472
-0.0355524
-0.715746
-6.51924
-20.9784
-5.70116
-12.8406
-59.8756
38.7237
4.65516e-05
0.00617281
-0.0426574
-0.374323
-4.70841
-17.4383
-4.80651
-7.12046
-52.9585
26.1149
0.000157017
0.0059821
-0.0379857
0.0347592
-2.36138
-12.6968
-5.36007
-3.74147
-45.2888
18.62
0.000201884
0.00524684
-0.0294548
0.462883
0.375384
-6.79106
-7.91896
-4.34218
-38.7947
12.9686
0.000288796
0.00473453
-0.0260359
0.772752
3.0789
0.338414
-12.1501
-8.4082
-34.0191
8.8457
0.000388452
0.00406256
-0.0249954
0.714187
4.25991
8.15347
-7.49871
-15.6505
-31.1451
7.44346
0.000123291
0.0017831
-0.0236027
0.585319
3.56936
7.411
-4.09238
-9.828
-15.6439
6.61166
-4.00687e-06
-0.00012696
-0.000395955
-0.0116034
-0.0560062
-0.210976
-0.327168
-1.1399
10.6918
-10.5161
-4.13555e-06
-0.000132912
-0.00176233
0.0220402
0.177825
0.681909
0.356337
1.21513
-5.01018
63.8252
9.31973e-05
0.002316
0.062164
1.15837
7.38746
25.5038
18.3533
5.04284
60.5925
-46.2725
-2.67375e-05
0.000838252
0.0657999
0.831444
6.13387
23.945
17.2114
28.4201
80.3437
-81.5854
-0.000116525
0.000405999
0.04293
0.3381
3.75838
18.8868
15.2732
19.992
72.5098
-65.1704
-6.47097e-05
0.00125424
0.00744678
-0.210528
0.932097
12.4221
15.1684
15.4827
64.4044
-50.8896
3.94203e-05
0.00217098
-0.0307016
-0.742388
-2.17196
4.42679
17.1825
16.1857
56.6471
-40.9779
0.000115197
0.00272964
-0.0520659
-1.08194
-4.93795
-4.94814
19.3566
21.0067
50.6358
-33.9269
5.86174e-05
0.00176404
-0.0434038
-0.935439
-5.43726
-12.9333
7.67162
27.6947
47.2629
-26.2298
-5.64574e-06
3.89473e-05
-0.023671
-0.818953
-4.85525
-12.6208
1.48883
22.9984
30.066
-2.22966
8.78009e-06
0.000125651
0.00220232
0.00534161
0.00111921
0.0579251
0.252248
0.625638
-9.58645
40.1294
2.71819e-05
0.00058358
0.00354484
-0.0622922
-0.385927
-1.49402
-1.47836
18.089
-58.5198
-125.026
-0.00059649
-0.0106729
-0.145892
-1.31966
-7.85764
-31.6352
-44.5651
-40.6282
-113.032
7.43515
-0.000578752
-0.0103649
-0.128562
-0.68739
-5.39809
-26.5377
-37.1462
-64.3508
-120.103
48.4221
-0.000402814
-0.00760578
-0.0591804
-0.0145399
-2.46677
-19.6145
-33.4142
-52.6779
-114.482
39.237
-0.000340757
-0.00525669
0.0212028
0.670047
0.797784
-10.9081
-31.0495
-45.9862
-108.552
30.2798
-0.000237445
-0.00217584
0.0947213
1.26717
4.10502
-0.427432
-29.669
-44.0752
-99.3388
26.7913
-0.000130031
0.000322381
0.129995
1.56346
6.64678
11.0748
-24.9734
-44.9534
-89.3639
26.5649
2.77649e-06
0.00207931
0.102894
1.2366
6.24228
17.777
-2.17566
-44.2053
-84.1809
19.7248
6.49335e-05
0.00246023
0.0776153
1.12142
5.84716
18.2676
8.64359
-41.9215
-69.3654
-19.2266
-1.23965e-05
-0.000241124
-0.00365046
0.0127229
0.121407
0.334569
-0.051565
6.21824
-16.8517
-87.5901
-4.01673e-05
-0.00116934
-0.00363598
0.126023
0.697794
2.97162
6.9422
-23.6343
96.4875
158.571
0.00129778
0.0224867
0.230527
1.39382
7.48812
34.3883
81.4594
118.181
89.6054
36.6908
0.00212951
0.0261849
0.129708
0.463485
3.69787
24.4394
61.3883
116.974
101.218
23.0343
0.00196451
0.0181512
-0.0093861
-0.385887
0.262914
15.5695
54.8345
106.704
129.469
23.0702
0.00129032
0.00665702
-0.145249
-1.19224
-3.2956
4.64957
47.4835
95.0683
148.134
23.594
0.0003614
-0.00564707
-0.252818
-1.8041
-6.50118
-7.88432
37.6725
82.6924
161.119
28.8967
-0.000419462
-0.0139875
-0.286713
-1.99095
-8.40922
-20.1426
19.6617
68.5107
166.975
47.2631
-0.000679614
-0.0144752
-0.211849
-1.4556
-6.9011
-23.1252
-14.8915
48.0203
158.465
89.2982
-0.000363407
-0.0100411
-0.176256
-1.35107
-6.55628
-23.6825
-30.3809
43.4506
123.618
163.328
1.34463e-05
0.000538751
0.00632536
-0.0511346
-0.333017
-1.19337
-0.493367
3.00533
55.9436
281.165
-5.94071e-06
0.00103945
-0.00940264
-0.22359
-1.10988
-4.8593
-13.7985
-49.4041
39.1565
154.996
-0.000553353
-0.0358284
-0.29173
-1.23908
-6.19182
-30.9797
-120.022
-160.14
98.2774
299.311
-0.00138519
-0.0386865
-0.0574645
0.0334901
-1.42512
-17.168
-84.0399
-126.215
122.518
341.462
-0.00135215
-0.019053
0.161082
1.04766
2.3287
-6.50048
-72.7801
-117.44
105.67
413.162
-0.000873446
0.00618908
0.349929
1.92647
5.90864
6.06327
-55.7411
-98.1694
78.3832
535.64
-0.000227575
0.0295207
0.467752
2.45576
8.5751
18.9082
-31.0857
-70.2218
48.667
698.16
0.000310282
0.042321
0.462232
2.43589
9.4433
28.7986
4.23639
-38.2715
29.2584
882.457
0.000464671
0.035154
0.309545
1.65877
6.91615
25.5821
42.5386
-2.61235
27.1116
1047.12
0.000142633
0.0224615
0.284605
1.52828
6.56477
25.5551
57.7753
18.2237
24.6329
1089.56
4.37148e-06
-0.000543204
-0.0026971
0.124915
0.652277
2.70404
5.45312
-32.3554
23.5131
798.708
4.66585e-06
9.57044e-05
0.0301028
0.29319
1.69007
8.54481
37.53
46.1833
-65.4423
693.48
0.000684819
0.0283795
0.117688
0.615197
4.64445
28.4098
158.808
-138.789
-33.0445
1022.2
0.00100414
0.0123566
-0.112102
-0.71335
-1.06774
9.96394
108.02
-184.748
34.4972
1043.8
0.000573723
-0.0116307
-0.282851
-1.69714
-5.20486
-3.08622
87.1331
-197.608
58.0322
1100.68
-5.45789e-05
-0.0339789
-0.407542
-2.42606
-8.75951
-17.1629
51.8336
-192.474
98.0966
1188.52
-0.000641878
-0.0487679
-0.439506
-2.65278
-10.7023
-29.0635
5.93389
-170.844
154.47
1290.5
-0.000964268
-0.0499825
-0.362826
-2.3208
-10.4537
-35.3286
-43.9103
-142.666
212.228
1400.43
-0.000798948
-0.0339778
-0.210135
-1.45465
-7.14028
-27.798
-70.5979
-117.422
247.282
1505.04
-0.000392136
-0.0252584
-0.194098
-1.28196
-6.6535
-27.9393
-75.7851
-132.817
198.269
1563.77
-6.53769e-06
0.000150044
-0.0119171
-0.198092
-1.08889
-4.87571
-13.8768
-25.4061
-9.91624
1384.73
-8.85636e-06
-0.000965938
-0.0382696
-0.33149
-2.00179
-11.2529
-54.1025
-23.0056
25.4086
1090.96
-0.000960812
-0.0273827
-0.0955634
-0.301414
-1.84679
-15.463
-73.2938
92.5444
98.7392
1340.56
-0.00104163
-0.00690782
0.129045
1.17914
4.19971
4.55148
-27.1262
181.34
78.3083
1391.44
-0.000351782
0.0208345
0.331058
2.21918
8.2263
18.4382
6.90124
184.936
72.4801
1448.97
0.000466171
0.0455402
0.473602
2.86994
11.1466
31.4258
50.737
129.471
105.664
1542.11
0.0011356
0.0596277
0.503133
2.89656
11.7713
38.6156
90.2157
34.9582
224.005
1613.86
0.00143107
0.0584365
0.42482
2.41308
10.2475
38.0897
112.204
-31.5691
389.962
1634.7
0.00113851
0.0397078
0.264475
1.52176
6.58951
25.7647
90.9081
-33.0906
509.808
1620.55
0.00067582
0.0292103
0.210504
1.27965
5.98069
25.8337
81.9162
18.2568
483.818
1601.22
1.07136e-05
0.000392413
0.0241083
0.27055
1.51487
7.12839
23.6142
59.239
315.741
1444.85
1.21994e-05
0.00137136
0.0372945
0.289793
1.60316
6.91861
-8.07644
141.153
-39.038
1376
0.000761666
0.0128443
0.00601785
-0.125027
-0.130662
4.81293
-29.831
143.23
222.192
1545.47
0.000171688
-0.0187407
-0.285501
-1.87818
-6.64802
-15.7957
-91.9599
155.599
278.816
1548.22
-0.000699828
-0.0470243
-0.489927
-2.88987
-10.5322
-28.8309
-124.929
157.322
359.925
1544.33
-0.00144422
-0.0659535
-0.585624
-3.33179
-12.7549
-38.3643
-137.975
203.779
445.97
1533.05
-0.00185424
-0.0696926
-0.541341
-3.04201
-12.2011
-39.0882
-120.757
231.012
528.633
1524.2
-0.00180352
-0.0583442
-0.404701
-2.33708
-9.97616
-33.2892
-84.5872
168.456
672.894
1486.94
-0.00121434
-0.034744
-0.228483
-1.4099
-6.51848
-21.884
-34.6088
46.0204
841.932
1420.79
-0.000841646
-0.0263591
-0.177636
-1.1074
-5.72549
-23.6277
-50.7028
-96.3566
878.571
1420.15
-1.73268e-05
-0.00104747
-0.0328443
-0.293687
-1.7071
-7.99801
-17.6752
-95.8538
370.148
1695.7
-1.10838e-05
-0.00163063
-0.0357949
-0.236738
-1.37195
-6.97334
-29.3105
-7.93314
424.466
1339.6
-0.000436354
-0.00662553
-0.00884205
0.403144
2.376
5.44233
-74.2402
351.635
473.111
1517.54
0.000284105
0.0259675
0.376498
2.56313
9.67069
24.266
-1.54186
409.028
410.451
1559.46
0.00114844
0.054739
0.598747
3.54335
13.1383
34.0223
12.8819
332.277
421.231
1585.14
0.00179163
0.0710731
0.668623
3.76212
14.339
38.7297
2.65765
209.161
534.423
1585.98
0.00201383
0.0703545
0.584236
3.1863
12.4945
34.2024
-26.2679
134.87
717.963
1525.67
0.00179716
0.0567576
0.42408
2.31955
9.70161
27.5627
-32.6394
139.194
894.549
1424.17
0.00116081
0.0342782
0.243758
1.38729
6.37149
19.8916
-12.4338
159.892
1042.24
1310.81
0.000812125
0.0236321
0.164358
0.930435
5.15591
22.6102
52.0311
155.106
1068.36
1250.37
2.14076e-05
0.00150859
0.030698
0.241483
1.54958
7.63399
11.7951
91.0918
694.134
1352.34
8.93388e-06
0.0015188
0.0127118
-4.53145e-05
-0.0210799
-0.768526
-11.7335
115.759
364.259
1394.54
0.000154037
0.0030946
-0.0679941
-0.919429
-4.03033
-20.2319
-55.244
429.581
547.598
1551.53
-0.000845987
-0.0472139
-0.61402
-3.54301
-12.5797
-36.7385
-5.87201
546.247
597.506
1570.32
-0.00176942
-0.0781357
-0.808797
-4.35673
-15.5908
-42.9066
-12.6178
590.051
724.902
1496.99
-0.00225916
-0.0882218
-0.794794
-4.20597
-15.692
-42.1418
-9.93361
604.408
859.012
1388.89
-0.00222467
-0.0782626
-0.616491
-3.24448
-12.6882
-32.5317
-2.87014
554.564
974.827
1279.22
-0.00178769
-0.0569299
-0.385144
-2.13298
-9.46947
-25.8878
-26.6068
463.906
1097.31
1166.23
-0.00105228
-0.0312519
-0.189744
-1.19543
-6.32914
-20.0791
-61.7342
341.771
1197.03
1078.51
-0.000681072
-0.0196124
-0.0932649
-0.561276
-4.26198
-20.7982
-56.3847
106.728
1205.16
1086.93
-2.07482e-05
-0.0013945
-0.0193687
-0.165655
-1.20075
-6.65994
-16.3898
-49.905
700.584
1513.8
1.43265e-08
0.00128639
0.0244283
0.162918
1.33877
8.25148
37.7461
119.044
840.174
1308.13
-0.000270437
0.00385098
0.2573
1.87838
5.94887
11.1904
155.314
604.636
751.902
1455.09
0.00126327
0.071339
0.813407
4.634
15.9129
32.9424
234.756
640.514
552.182
1538.78
0.00222745
0.0978226
0.919414
5.09602
18.0208
33.888
162.082
585.622
532.386
1555.18
0.00254478
0.0979104
0.806548
4.45447
16.6854
28.0763
73.0982
511.416
652.485
1512.68
0.00228491
0.0779414
0.552423
3.08602
12.5085
17.4854
-6.56383
458.559
862.213
1370.82
0.00168999
0.0503171
0.294599
1.78509
8.77714
16.381
-31.5071
452.456
1051.11
1199.78
0.000959305
0.0257851
0.133763
0.960399
5.90795
15.694
-44.5713
485.076
1213.58
1046.17
0.000577952
0.0117764
0.00971609
0.198401
2.98004
18.135
-15.0901
456.34
1333.65
903.43
1.9312e-05
0.000873868
0.0148164
0.1569
0.940237
3.59615
-16.1766
152.285
1083.37
992.25
1.58443e-05
0.00263713
0.0542646
0.423675
2.48219
15.0918
75.7365
247.489
776.022
1192.05
-0.000345869
-0.0365329
-0.533451
-3.46762
-13.498
6.04151
375.417
628.806
809.604
1380.4
-0.00241388
-0.102129
-0.968745
-5.76816
-21.6081
14.6451
539.217
758.914
870.134
1492.45
-0.00317287
-0.115651
-0.971034
-5.67582
-22.0333
4.81895
484.229
827.061
994.248
1365.67
-0.00308826
-0.101156
-0.762379
-4.44433
-18.7358
-5.37306
392.731
879.343
1103.82
1167.11
-0.00242535
-0.0698626
-0.454733
-2.69341
-13.0198
-11.8366
277.713
881.747
1171.26
1045.05
-0.00154252
-0.0374126
-0.202656
-1.32305
-8.35029
-21.6263
140.001
825.394
1241.18
972.892
-0.000768386
-0.0158716
-0.0810822
-0.685803
-5.70078
-25.6137
26.7011
706.514
1258.6
901.884
-0.00029295
-0.000447938
0.0327267
0.0451456
-1.89891
-20.4282
-86.8729
426.895
1201.27
921.086
-1.75639e-05
-0.00104712
-0.0211181
-0.17585
-1.2073
-7.38189
-33.0883
38.8942
930.402
1147.32
3.20804e-05
0.00363108
0.0823664
0.847612
7.07122
41.6074
126.266
376.356
1096.88
1201.55
0.00128946
0.051599
0.555527
4.15988
26.8714
150.414
536.211
735.876
873.884
1317.26
0.00276322
0.0981713
0.95504
6.25662
34.6992
183.054
656.728
721.954
592.102
1300.08
0.00300229
0.100125
0.898281
5.58169
30.0298
151.444
596.205
724.335
532.139
1316.5
0.00248995
0.0778637
0.642613
3.83758
21.169
108.996
504.589
719.786
594.672
1390.05
0.00160986
0.0459815
0.340274
1.94032
11.6361
66.5312
390.723
720.576
769.4
1298.69
0.000788503
0.0204414
0.136415
0.8011
6.03018
39.802
284.991
750.889
955.24
964.281
0.000285773
0.00771292
0.0562625
0.45224
4.12895
24.4838
177.761
803.979
1147.01
648.407
-8.04503e-05
-0.00340051
-0.0398568
-0.195108
0.791365
11.5669
37.2983
778.214
1391.32
550.924
1.06542e-06
0.000276567
6.46618e-05
-0.0303782
-0.135824
-0.175762
-16.6822
227.673
1386.12
563.363
3.36577e-05
0.0041084
0.0993705
0.975799
6.96754
43.8975
144.291
424.114
1085.76
966.092
0.000484432
-0.0130027
-0.43085
-2.30734
6.58246
205.423
759.223
728.815
1004.1
1307.41
-0.00126195
-0.0826269
-0.983605
-4.80179
1.69718
279.357
966.411
788.777
1042.95
1720.97
-0.00173641
-0.0885489
-0.897945
-4.18428
1.2119
244.36
888.724
856.803
1130.55
1606.59
-0.0015324
-0.0693591
-0.618116
-2.74461
1.30703
188.394
767.419
946.08
1236.8
1137.95
-0.00107389
-0.04317
-0.320957
-1.40755
0.46306
125.606
626.647
1025.03
1246.38
336.123
-0.00064969
-0.0218509
-0.114072
-0.682709
-2.56578
55.9158
455.78
1043.92
1154.53
-283.14
-0.000357081
-0.00975096
-0.0272544
-0.467164
-4.89959
8.08936
292.815
966.883
1008.22
-347.223
-0.000109845
0.00284775
0.100881
0.443689
-0.922843
-16.2974
32.0715
711.317
933.224
314.124
-5.96656e-06
-7.22577e-05
-0.00337943
-0.0580344
-0.346224
-2.77104
-19.6705
156.274
1029.95
877.577
1330.05
627.217
1408.11
534.012
1476.71
442.76
1591.79
545.823
1516.31
712.444
1285.85
664.806
1394.42
619.954
1444.96
666.754
1447.21
618.756
1426.53
543.091
1271.7
679.43
1390.44
627.736
1453.01
675.545
1430.26
630.864
1394.31
552.627
1251.05
695.846
1377.51
637.009
1443.03
681.788
1430.8
631.997
1402.37
544.418
1214.76
725.814
1354.44
653.626
1429.86
690.218
1429.78
632.566
1409.62
536.949
1165.54
768.416
1321.95
678.172
1412.97
701.769
1424.81
634.725
1412.12
533.192
1108.82
819.697
1282.6
709.302
1392.79
716.536
1415.52
638.891
1409.37
533.372
1058.76
865.852
1246.39
738.113
1374.58
728.359
1409.29
638.979
1410.2
532.778
1052.99
865.767
1241.22
727.709
1371.98
696.342
1447.88
608.874
1458.44
529.788
1167.22
741.225
1349.44
549.787
1474.9
430.088
1577.1
565.395
1471.53
773.595
1156.55
814.674
1230.2
742.308
1310.54
704.126
1387.54
655.98
1405.57
631.57
1040.95
943.595
1135.23
874.611
1200.73
811.842
1227.41
755.739
1253.86
717.163
1030.46
958.372
1120.7
890.716
1181.5
824.187
1204.77
771.048
1230.37
737.538
1011.07
978.437
1101.28
908.712
1166.09
838.819
1194.14
779.603
1224.22
739.12
981.582
1010.54
1071.3
937.845
1141.13
862.26
1175.66
794.723
1212.4
745.274
947.146
1049.83
1034.99
974.068
1109.61
891.47
1151.17
815.156
1195.3
756.823
909.461
1094.47
993.753
1016.16
1072.8
925.282
1122.17
839.479
1174.49
772.288
873.611
1137.67
953.785
1057.91
1036.6
958.956
1094.16
862.749
1155.79
785.604
856.175
1151.48
938.3
1067.3
1031.42
965.778
1103.87
857.484
1174.76
768.443
928.902
1045.09
1021.09
925.777
1147.64
831.931
1272.7
742.131
1327.17
688.817
998.552
971.259
1055.12
933.068
1106.48
896.207
1139.95
848.106
1168.07
815.158
907.316
1072.48
960.739
1017.68
1002.03
967.076
1038.86
926.932
1077.23
893.406
888.758
1091.07
939.839
1032.82
982.531
978.443
1025.62
935.223
1068.83
898.797
869.477
1110.87
921.999
1049.95
968.636
990.55
1016.28
941.601
1064.28
899.713
837.23
1147.7
887.178
1085.35
937.814
1019.02
992.138
961.338
1047.32
910.882
809.618
1185.2
848.213
1128.59
896.734
1059.23
955.479
993.008
1018.39
931.833
798.084
1208.36
820.728
1163.37
860.171
1098.2
916.503
1029.28
982.637
960.212
800.062
1214.43
811.596
1178.87
842.36
1120.38
892.345
1054.98
955.604
985.52
810.471
1202.35
829.217
1165.1
864.644
1106.31
912.791
1041.17
972.334
975.502
878.46
1110.24
923.781
1062.15
985.533
1004.3
1039.39
932.883
1088.1
876.678
883.726
1066.92
957.825
1018.33
1015.62
963.661
1056.75
924.33
1091.96
906.012
821.4
1161.69
848.539
1126.34
881.076
1088.08
920.351
1044
962.367
997.796
818.165
1166.81
836.586
1135.45
864.729
1101.81
899.942
1059.55
939.75
1013.25
818.392
1172.26
830.93
1144.74
856.316
1110.86
892.424
1065.67
934.755
1015.53
822.702
1173.86
830.431
1150.47
851.135
1119.5
884.016
1075.46
925.218
1024.18
825.953
1175.94
830.223
1154.51
848.655
1125.08
878.533
1083.72
916.33
1035
834.809
1174.26
829.638
1159.79
843.822
1132.71
872.068
1092.5
908.169
1045.71
850.45
1165.25
831.721
1163.79
836.477
1143.97
860.249
1106.14
895.37
1058.98
845.762
1170.41
825.099
1174.6
826.128
1155.83
848.204
1118.87
885.201
1069.61
760.948
1224.06
789.07
1199.62
831.032
1143.16
878.086
1079.26
937.857
1021.94
876.082
1089.38
925.867
1065.14
955.061
1030.01
969.986
1018.42
987.037
1011.26
832.584
1171.36
839.456
1149.24
860.982
1117.31
895.062
1074.81
932.967
1034.2
821.453
1182.24
824.987
1161.84
845.309
1132.94
878.877
1084.91
922.809
1032.8
814.661
1190.79
821.33
1164.71
846.628
1131
883.979
1080.24
928.763
1027.04
812.488
1200.71
812.484
1177.16
837.772
1140.53
878.902
1085.03
926.624
1028.3
827.639
1194.49
813.413
1183.6
829.178
1153.42
866.484
1097.87
914.867
1037.14
855.731
1170.91
828.662
1174.1
832.014
1156.04
858.625
1108.56
900.921
1050.62
887.467
1138.9
851.728
1152.82
845.651
1145.48
862.428
1109.42
895.443
1061.91
902.779
1118.34
872.788
1131.61
866.591
1124.31
881.32
1098.61
906.422
1064.52
866.474
1117.06
895.142
1101.98
917.441
1068.87
930.79
1056.18
950.539
1046.94
861.657
1107.54
920.635
1072.51
960.024
1029.38
988.037
1012.09
1009.13
987.503
827.799
1192.16
830.769
1172
853.646
1134.52
887.888
1082.38
927.557
1033.57
817.549
1206.52
805.094
1196.89
820.914
1162.85
853.679
1105.18
902.137
1048.59
838.872
1190.38
815.675
1190.86
822.024
1164.5
850.057
1109.51
897.539
1052.26
873.885
1157.83
844.616
1166.13
841.039
1151.15
858.501
1106.62
897.589
1055.96
908.692
1121.44
878.123
1132.71
870.023
1125.62
879.149
1092.9
907.916
1054.06
941.347
1085.28
908.381
1100.73
897.942
1099.24
903.116
1074.65
925.302
1045.27
963.836
1058.05
927.961
1078.8
915.124
1082.45
917.928
1063.52
936.08
1039.21
950.607
1065.46
916.343
1088.03
902.797
1091.66
906.792
1077.5
922.294
1054.16
804.023
1195.1
814.352
1194.48
826.24
1163.6
842.263
1138.37
876.275
1094.77
902.184
1110.27
929.61
1089.09
944.993
1056.92
962.133
1044.11
980.069
1017.8
868.758
1162.8
865.356
1146.99
882.591
1114.94
911.095
1069.68
943.52
1025.51
841.35
1182.58
839.269
1168.29
857.485
1135.27
887.332
1081.58
928.7
1029.28
836.417
1184.92
840.713
1162.51
866.426
1124.24
899.937
1069.41
940.921
1019.45
844.759
1179.52
843.599
1159.89
870.702
1119.09
908.368
1060.82
951.651
1010
882.088
1145.16
865.413
1143.36
879.655
1113.88
911.152
1058.66
954.154
1005.95
933.655
1092.97
906.826
1105.9
905.189
1093.86
921.008
1052.81
954.738
1006.89
981.923
1042.59
951.277
1061.51
940.972
1061.1
944.177
1036.9
964.465
1006.51
1023.46
995.991
996.271
1014.46
985.579
1018.36
986.808
1008.8
994.445
995.226
985.057
1015.16
1003.16
1008.19
1015.43
989.015
1024.2
990.947
1028.8
986.527
939.309
1058.5
975.443
1031.39
1008.89
992.797
1046.14
966.236
1060.47
953.056
888.248
1133.87
893.679
1117.35
911.411
1085.97
935.18
1046.86
965.421
1004.27
844.524
1180.23
840.238
1166.04
858.793
1126.75
889.725
1078.09
929.332
1027.37
878.076
1150.92
856.385
1155.84
860.408
1129.26
884.281
1083.42
923.699
1031.11
939.944
1087.68
907.396
1110.45
892.605
1106.32
897.016
1077.94
923.905
1035.09
983.115
1040.7
953.312
1063.33
933.399
1069.61
924.963
1058.35
936.95
1032.98
1003.7
1018.65
973.607
1040.63
956.011
1046.34
948.088
1039.22
955.599
1023.9
1017.88
996.452
986.732
1024.39
968.018
1034.66
960.029
1029.53
967.176
1016.43
1006.83
998.576
984.073
1021.68
970.567
1031.47
965.701
1029.41
969.684
1020.09
922.85
1074.68
926.435
1082.74
933.919
1069.77
945.08
1060.23
955.988
1040.12
937.576
1065.37
954.338
1049.88
986.119
1020.33
1001.96
1004.06
997.08
1011.06
914.981
1130.99
909.577
1124.31
914.204
1097.95
931.612
1053.48
966.71
1011.95
921.15
1123.25
910.735
1129.18
902.62
1114.62
909.105
1074.49
944.899
1022.69
919.104
1111.95
926.536
1104.23
927.743
1086.54
934.699
1051.54
964.361
1010.2
893.958
1133.79
912.491
1109.94
929.878
1077.07
950.468
1033.24
985.44
991.936
900.597
1132.18
902.334
1122.54
915.968
1087.74
943.795
1033.16
988.96
980.653
981.059
1044.2
961.549
1070.41
945.142
1064.96
949.077
1027.55
984.85
979.364
1077.04
935.044
1056.36
973.099
1023.74
991.613
999.758
987.721
1008.32
970.879
1124.18
881.811
1113.94
907.552
1095.17
921.916
1073.75
930.759
1065.15
942.01
1123.43
858.635
1131.3
872.889
1145.4
887.884
1134.87
899.565
1109.28
927.451
1045.72
974.045
1069.74
897.066
1112.29
898.479
1110.43
974.56
1033.65
985.459
937.763
1087.59
973.245
1061.2
995.915
1027.19
1038.81
946.772
1055.7
953.893
803.578
1218.36
877.187
1151.17
940.467
1075.92
1007.51
959.845
1051.47
944.536
809.464
1223.6
844.042
1187.03
910.726
1094.21
1001.47
960.784
1054.18
936.271
920.746
1135.29
872.142
1180.66
893.034
1113.21
981.134
976.385
1039.6
940.96
1164.97
932.562
1010.21
1084.9
934.142
1094.09
971.153
991.241
1013.31
960.878
1401.08
724.67
1208.38
924.264
1046.81
1013.34
1004.17
978.005
1001.87
983.51
1460.58
650.513
1316
813.12
1152.53
922.015
1065.23
940.346
1019.36
992.033
1248.58
795.637
1206.99
855.9
1139.07
917.156
1077.91
944.125
1017.06
1001.25
1026.6
972.904
1046.74
943.557
1033.01
992.606
1031.61
1029.17
1006.75
982.069
8.96523e-05
0.00711304
0.204473
3.3003
32.5011
161.733
242.375
1329.78
1552.78
1270.06
0.00925136
0.459985
5.85225
44.1477
266.299
757.8
867.326
969.731
732.675
160.355
0.0170106
0.681522
7.14409
51.1169
306.888
849.551
1026.36
565.437
2.56624
-1770.72
0.0161939
0.587795
5.47882
38.5808
244.368
774.945
1166.01
570.395
-385.683
-2103.46
0.012038
0.395047
3.20509
23.1029
170.68
679.231
1226.74
577.052
-833.892
-2464.16
0.00721321
0.200347
1.25118
10.5435
107.8
571.536
1185.65
564.674
-1102.4
-2196.09
0.00333322
0.0630347
0.0990531
3.20525
63.5174
464.555
1110.82
683.623
-947.568
-1669.26
0.00112247
0.00301306
-0.236872
0.512862
35.2287
329.707
913.615
968.581
-130.311
-1051.53
-0.000518315
-0.0467971
-0.592786
-3.0644
-4.00295
95.9386
536.89
1340.92
1476.5
137.69
2.2419e-05
0.0012463
0.0217189
0.130854
0.859108
12.4677
60.5631
512.294
2319.73
-245.583
2.92716e-05
0.0026243
0.0860523
1.84834
25.5009
162.777
505.365
-159.481
2488.94
211.768
0.0045553
0.298736
5.4425
55.1225
387.009
1344.91
1453.19
773.094
1450.65
73.9522
0.0119596
0.675764
10.6303
95.7117
584.635
1534.27
1104.18
266.652
36.895
-12.902
0.0154704
0.831534
12.1992
102.509
570.416
1285.47
752.394
-232.235
-609.762
129.54
0.0160856
0.833218
11.4842
91.0148
481.479
1028.04
578.42
-591.004
-799.266
380.828
0.0143749
0.709031
9.07541
68.5397
366.273
846.716
596.893
-581.178
-373.08
548.95
0.0110432
0.511483
6.04726
44.9295
263.989
748.566
726.637
-301.789
-57.2744
900.888
0.00686835
0.297686
3.2973
25.5315
179.098
664.738
894.49
170.301
-304.635
676.473
0.0043668
0.157793
1.43491
11.1428
93.8127
447.641
811.814
525.592
-703.015
524.879
0.000112872
0.00704675
0.140678
1.8189
15.6694
79.6936
121.996
491.016
-349.635
361.589
5.09259e-06
0.000552765
0.0199053
0.463229
7.51564
60.7478
351.869
-187.432
1075.83
223.863
0.00102722
0.0790708
1.74912
21.6779
183.544
891.454
1750.4
1156.15
1403.88
334.251
0.00332728
0.227242
4.43959
48.7183
359.635
1375.17
1890.78
1087.24
907.542
413.494
0.00524957
0.349861
6.56606
68.4538
464.585
1478.99
1490.83
545.279
466.69
393.876
0.00682786
0.448797
8.11368
80.1061
500.702
1346.7
969.651
33.7956
223.127
361.505
0.00781472
0.49768
8.48562
78.2991
458.761
1119.5
705.05
-78.0114
277.414
206.931
0.00772114
0.469605
7.44115
64.509
375.258
962.008
778.473
116.808
686.896
137.947
0.00617887
0.35241
5.16216
43.1584
275.218
894.298
1034.5
452.335
746.372
-94.6622
0.00561503
0.293709
3.90651
31.944
217.106
774.061
929.028
656.04
554.968
458.429
3.94946e-05
0.00267852
0.0479212
1.17305
17.6365
112.157
142.309
787.104
335.484
194.622
6.06601e-07
7.86451e-05
0.00302154
0.0742466
1.15025
12.6449
90.9013
-14.2314
22.3007
-38.3687
0.000153612
0.0133035
0.333614
4.76145
45.9833
295.47
811.7
829.325
558.19
27.0526
0.000591964
0.046442
1.04787
13.3728
115.505
601.904
1312.08
1192.76
771.476
69.779
0.00109646
0.0856576
1.90307
23.6405
195.441
894.635
1580.66
1213.71
819.954
19.4367
0.00172258
0.135456
2.96999
35.681
277.455
1090.64
1514.62
930.523
728.081
153.22
0.00244714
0.189841
4.00291
45.2745
325.566
1105.19
1220.07
584.492
638.558
-252.06
0.00303539
0.22839
4.52962
47.4275
320.306
1007.1
1005.68
340.457
596.951
385.192
0.00309
0.221052
4.05276
39.5686
270.312
945.44
1077.68
296.324
80.8966
-510.406
0.00346037
0.234648
4.02304
38.3199
267.047
942.235
958.139
469.96
-242.164
292.748
-1.76681e-05
-0.00191004
-0.0575434
-0.648651
1.56573
75.8261
33.4796
932.889
-789.683
-850.315
5.63241e-08
8.52482e-06
0.000329722
0.00852177
0.13053
1.56951
13.2098
-3.69909
-7.60572
1.80579
1.76172e-05
0.00167732
0.0458299
0.725544
7.53462
61.2944
202.464
243.969
137.245
15.0977
7.94125e-05
0.0069775
0.174289
2.4948
23.8257
160.071
453.634
466.679
275.911
31.275
0.000168966
0.0150228
0.376742
5.34919
50.753
313.772
766.859
713.91
381.921
52.2474
0.000312083
0.0285088
0.720229
10.1128
93.5832
511.963
1045.14
837.076
437.548
28.8487
0.000537662
0.0493933
1.22876
16.5108
143.777
680.129
1126.03
737.044
420.679
131.136
0.000823944
0.074567
1.76922
22.2373
180.772
755.604
1021.18
437.917
366.957
-81.9387
0.00104287
0.0928166
2.08513
24.3207
190.855
788.044
984.644
242.279
219.902
265.995
0.00135705
0.11504
2.43113
27.538
216.258
859.756
860.515
256.957
101.181
-147.884
-1.70542e-05
-0.00215118
-0.0597099
-1.13698
-12.5288
-16.2735
-279.668
279.013
392.907
214.026
4.3203e-09
7.43084e-07
2.86036e-05
0.000745662
0.0123127
0.138763
1.29318
-0.636157
-0.674726
-0.0659971
1.67751e-06
0.000173816
0.00503409
0.0862478
0.930807
8.99144
34.128
41.3702
24.1351
1.97146
8.78663e-06
0.000849785
0.0228436
0.35826
3.63384
29.5639
100.953
101.748
60.441
5.28789
2.10018e-05
0.0021031
0.057653
0.909115
9.36435
73.3228
222.802
207.912
100.339
8.32912
4.5234e-05
0.00468221
0.131425
2.09197
21.7284
156.69
413.688
338.063
139.952
11.9039
9.07046e-05
0.00983731
0.278651
4.3117
43.3618
276.269
606.428
415.727
173.498
7.98255
0.000171218
0.0182189
0.500519
7.39751
71.2049
399.769
703.582
343.786
180.544
28.6897
0.000255429
0.0286722
0.76861
10.5846
97.3185
502.464
726.631
194.603
117.555
-24.7152
0.00037943
0.0398704
1.00174
13.2626
120.802
573.13
600.22
71.0739
30.3269
38.958
-5.61047e-06
-0.000993793
-0.0297689
-0.602529
-9.89996
-48.484
-367.785
-170.002
-72.8176
-57.4678
2.86262e-10
5.60332e-08
2.08413e-06
5.56713e-05
0.000949913
0.00999533
0.0983662
-0.0633333
-0.0630634
-0.00277272
1.39619e-07
1.56516e-05
0.000471516
0.00863542
0.0939702
1.0415
4.35174
5.2441
3.64433
0.290263
8.44944e-07
8.9151e-05
0.00252804
0.0427152
0.448294
4.21267
16.6475
16.5741
10.8266
0.904065
2.23501e-06
0.000250431
0.00734866
0.125969
1.36158
12.7411
46.0612
42.1006
20.5952
1.62341
5.5358e-06
0.000644718
0.0195807
0.344253
3.85105
34.5747
112.34
88.9223
34.2376
2.56628
1.25827e-05
0.00160867
0.0505435
0.876596
9.74177
79.7851
220.878
149.182
53.8248
3.44858
2.86998e-05
0.00359197
0.111062
1.87556
20.5467
152.063
342.006
179.012
71.9009
5.84182
4.81352e-05
0.00693846
0.216567
3.42693
36.102
238.699
426.164
148.828
58.9436
3.87341
7.94485e-05
0.0106449
0.311557
4.67922
48.8435
285.566
351.878
68.486
22.1426
2.48036
-8.68866e-07
-0.000304976
-0.0102806
-0.1972
-3.48172
-23.3308
-167.8
-47.096
6.30116
-0.286962
1.67625e-11
3.82753e-09
1.34731e-07
3.60736e-06
6.16254e-05
0.000616282
0.00632425
-0.00523714
-0.00557535
-0.000320425
1.05087e-08
1.26964e-06
3.92034e-05
0.000764161
0.00816224
0.103239
0.45088
0.567098
0.520547
0.0384892
7.30202e-08
8.36948e-06
0.000246571
0.00445056
0.0472963
0.501456
2.20651
2.28431
1.7883
0.139936
2.11565e-07
2.64465e-05
0.000817673
0.0150606
0.166324
1.79008
7.46442
7.00845
3.8187
0.281599
5.94138e-07
7.78936e-05
0.00251131
0.0479146
0.558176
5.94598
23.2793
18.3581
7.33727
0.50459
1.49703e-06
0.000226698
0.00775224
0.14763
1.74457
17.4566
59.9738
40.6302
14.2857
0.848291
4.02199e-06
0.000601945
0.0205069
0.384831
4.59076
42.8076
122.966
67.6829
23.961
1.58402
7.18507e-06
0.00138588
0.0495389
0.876025
10.163
84.2793
194.018
81.0761
25.5581
1.53258
1.28032e-05
0.00234755
0.0792326
1.31068
15.1322
110.229
179.536
50.8474
12.3173
0.906269
1.40987e-09
-7.0288e-05
-0.00268379
-0.0487128
-0.79523
-5.40321
-38.0994
-7.655
0.93234
0.0223884
8.14007e-13
2.47888e-10
7.93354e-09
2.06634e-07
3.46643e-06
3.24442e-05
0.000356631
-0.0003963
-0.000451556
-3.18004e-05
7.30242e-10
9.50635e-08
2.97106e-06
6.16468e-05
0.000632436
0.00919638
0.0401057
0.0560283
0.071845
0.0048404
5.79631e-09
7.2105e-07
2.18127e-05
0.000419011
0.00443284
0.05264
0.247715
0.28349
0.282807
0.0204595
1.82892e-08
2.54848e-06
8.19738e-05
0.00161342
0.0178394
0.216146
1.0028
1.03568
0.676626
0.046273
5.74669e-08
8.52265e-06
0.00028755
0.00589176
0.0695841
0.846692
3.89745
3.25236
1.47838
0.0946896
1.57326e-07
2.85459e-05
0.00104709
0.0216196
0.263206
3.06809
12.9012
9.239
3.47229
0.190177
4.84462e-07
8.90078e-05
0.00329723
0.0674821
0.841821
9.38396
34.2586
20.3198
7.0486
0.410949
8.39973e-07
0.000237295
0.00967927
0.187983
2.30642
22.9766
68.8441
33.6631
9.77209
0.510725
1.47296e-06
0.000438381
0.0173122
0.311841
3.82369
34.0509
76.231
27.6115
6.23538
0.334457
3.99198e-08
-1.28866e-05
-0.000576749
-0.0101441
-0.145338
-0.752747
-5.82825
-0.929695
0.32347
0.00963487
3.23884e-14
1.49052e-11
4.30136e-10
1.05542e-08
1.72518e-07
1.37536e-06
1.77773e-05
-2.84487e-05
-3.46884e-05
-2.89201e-06
4.74192e-11
6.66338e-09
2.08998e-07
4.62724e-06
4.5021e-05
0.000758385
0.00320984
0.00523448
0.0094982
0.000572993
4.27873e-10
5.79067e-08
1.78449e-06
3.64606e-05
0.00037988
0.00505735
0.0245593
0.0328246
0.0428908
0.0028155
1.46257e-09
2.28029e-07
7.56206e-06
0.000158868
0.00173695
0.0235157
0.116834
0.141455
0.115952
0.00720161
5.08293e-09
8.60984e-07
3.00936e-05
0.000659211
0.00776449
0.105302
0.550604
0.521121
0.287555
0.0169437
1.47505e-08
3.2827e-06
0.000127822
0.0028478
0.0350648
0.458947
2.30259
1.85905
0.800134
0.0402191
5.06756e-08
1.18936e-05
0.000474505
0.0105088
0.133788
1.70223
7.76541
5.18808
1.90474
0.100437
6.85648e-08
3.59536e-05
0.00167338
0.0354575
0.448635
5.14017
19.7811
11.5289
3.37727
0.155008
8.49322e-08
7.26868e-05
0.00339354
0.0662618
0.837946
8.82543
27.0144
12.2432
2.90125
0.118495
1.22037e-08
-1.90806e-06
-0.000103103
-0.00182955
-0.0235479
-0.0708286
-0.653622
-0.0254316
0.0985543
0.00158083
9.25327e-16
8.59613e-13
2.25835e-11
4.9409e-10
7.75705e-09
3.67734e-08
7.75452e-07
-1.97249e-06
-2.67662e-06
-2.5018e-07
2.91223e-12
4.42442e-10
1.38554e-08
3.27953e-07
3.02471e-06
5.90358e-05
0.000240577
0.000471582
0.00119166
6.36592e-05
2.97069e-11
4.39092e-09
1.37188e-07
2.98346e-06
3.05038e-05
0.000456193
0.00223158
0.00362031
0.00620007
0.000363679
1.09813e-10
1.92396e-08
6.53633e-07
1.4666e-05
0.000157694
0.00238853
0.0123043
0.0182907
0.019161
0.0010571
4.17317e-10
8.17971e-08
2.94451e-06
6.88032e-05
0.000801301
0.011981
0.068662
0.0782735
0.0543
0.0028739
1.25029e-09
3.52514e-07
1.44821e-05
0.000347317
0.00428618
0.06167
0.358003
0.345767
0.177813
0.00804873
4.57719e-09
1.46615e-06
6.30913e-05
0.0015055
0.0193189
0.271418
1.50824
1.19459
0.487752
0.0231442
1.11064e-09
4.85456e-06
0.000263715
0.00611112
0.0789223
1.00227
4.85411
3.46405
1.08326
0.0436395
-1.44249e-08
1.03204e-05
0.000602841
0.012968
0.167556
2.01114
8.1791
4.63227
1.21101
0.039148
2.479e-09
-2.34354e-07
-1.70399e-05
-0.000314265
-0.00368339
-0.00732585
-0.060471
0.00908032
0.0209132
-0.000183453
-3.37946e-18
4.58215e-14
1.08166e-12
1.91255e-11
2.97292e-10
-1.18007e-09
2.59588e-08
-1.37427e-07
-2.28159e-07
-2.11396e-08
1.69557e-13
2.78892e-11
8.70577e-10
2.20854e-08
1.95721e-07
4.38373e-06
1.73341e-05
4.12342e-05
0.000140666
6.61779e-06
1.94329e-12
3.15325e-10
9.96983e-09
2.31367e-07
2.33571e-06
3.9172e-05
0.000190585
0.000382326
0.000846344
4.39657e-05
7.74881e-12
1.53473e-09
5.32159e-08
1.28052e-06
1.35949e-05
0.00023101
0.00120376
0.00224979
0.00301371
0.000145451
3.17234e-11
7.3194e-09
2.70162e-07
6.75432e-06
7.79878e-05
0.00128454
0.00778075
0.0110807
0.00979737
0.000457805
9.41982e-11
3.54556e-08
1.52596e-06
3.95787e-05
0.000491313
0.00772161
0.049949
0.0599435
0.0376705
0.00150736
3.42937e-10
1.68396e-07
7.74549e-06
0.00019979
0.0025969
0.0396905
0.258529
0.250597
0.118119
0.00500403
-9.04108e-10
6.02504e-07
3.82596e-05
0.000971264
0.0129157
0.178648
1.05501
0.937383
0.326946
0.011468
-5.78395e-09
1.34071e-06
0.000100407
0.00237335
0.03153
0.42013
2.20819
1.59319
0.477379
0.0124946
3.79768e-10
-2.22088e-08
-2.37038e-06
-4.84302e-05
-0.000560766
-0.00136619
-0.00490995
0.00207471
0.00399566
-0.00022651
-2.79037e-18
2.43268e-15
5.2625e-14
5.94301e-13
8.51004e-12
-2.68549e-10
3.76767e-10
-9.48449e-09
-1.62092e-08
-1.70907e-09
9.4144e-15
1.68382e-12
5.24648e-11
1.4273e-09
1.24172e-08
3.1383e-07
1.22897e-06
3.54317e-06
1.56385e-05
6.45176e-07
1.20502e-13
2.16311e-11
6.93555e-10
1.72046e-08
1.73382e-07
3.24015e-06
1.57084e-05
3.91443e-05
0.000109249
4.97554e-06
5.18491e-13
1.17018e-10
4.1447e-09
1.07232e-07
1.13266e-06
2.15704e-05
0.000112627
0.000267599
0.000451168
1.87486e-05
2.23564e-12
6.24626e-10
2.37834e-08
6.36593e-07
7.30856e-06
0.000132934
0.000831987
0.0015193
0.00170143
6.82832e-05
6.11673e-12
3.38038e-09
1.53727e-07
4.32405e-06
5.40191e-05
0.000928073
0.00651497
0.0100197
0.00767803
0.000263221
1.64594e-11
1.79063e-08
9.07353e-07
2.5387e-05
0.000334233
0.00551768
0.0409462
0.0503774
0.0277943
0.00100736
-2.36046e-10
6.44472e-08
5.18554e-06
0.000147305
0.00202351
0.0301901
0.21129
0.236749
0.0935571
0.00276264
-1.24787e-09
1.32495e-07
1.52338e-05
0.000412741
0.00570733
0.0828265
0.539648
0.486454
0.166653
0.00356515
4.80267e-11
-1.25359e-09
-3.41462e-07
-7.70789e-06
-8.90211e-05
-0.000382071
-0.00178724
-0.00315663
-0.000680095
-7.91772e-05
-2.49916e-19
1.2141e-16
2.1843e-15
-5.0903e-16
-2.13152e-15
-2.5532e-11
-4.35064e-11
-6.84603e-10
-9.40523e-10
-1.30697e-10
4.89452e-16
9.63347e-14
2.99833e-12
8.83022e-11
7.7743e-10
2.17354e-08
8.60376e-08
2.97294e-07
1.62736e-06
5.88758e-08
6.96382e-15
1.40714e-12
4.57379e-11
1.22214e-09
1.25375e-08
2.59576e-07
1.26002e-06
3.84627e-06
1.32278e-05
5.25978e-07
3.23028e-14
8.45549e-12
3.04507e-10
8.56383e-09
9.17215e-08
1.94678e-06
1.01236e-05
3.02269e-05
6.31566e-05
2.25735e-06
1.43174e-13
5.04253e-11
1.96166e-09
5.678e-08
6.58858e-07
1.33096e-05
8.39742e-05
0.000194863
0.000275311
9.47454e-06
3.09163e-13
3.05039e-10
1.44024e-08
4.44373e-07
5.68118e-06
0.000107666
0.000791354
0.00154933
0.00145164
4.26604e-05
-2.39855e-13
1.81784e-09
9.86419e-08
3.00897e-06
4.09243e-05
0.000734557
0.00595418
0.00917909
0.00607259
0.00018866
-3.93345e-11
6.50232e-09
6.60923e-07
2.07889e-05
0.000302282
0.00488036
0.0390371
0.0548603
0.0251713
0.000617617
-2.0346e-10
1.05633e-08
2.24544e-06
6.77133e-05
0.0010012
0.0157181
0.122647
0.140474
0.0560759
0.000968729
4.81166e-12
7.29894e-11
-3.82113e-08
-1.0772e-06
-1.37881e-05
-9.09162e-05
-0.000448935
-0.000919102
-0.000252854
-2.02096e-05
-1.43239e-20
6.98647e-18
1.32389e-16
-5.62339e-16
-1.93073e-14
-1.7995e-12
-4.61239e-12
-3.70879e-11
3.32137e-11
-9.25589e-12
2.36399e-17
5.28951e-15
1.66002e-13
5.33373e-12
4.86641e-11
1.47698e-09
6.09325e-09
2.51054e-08
1.61031e-07
5.03363e-09
3.67579e-16
8.67839e-14
2.90325e-12
8.47166e-11
8.98348e-10
2.04237e-08
1.01066e-07
3.76693e-07
1.52737e-06
5.16908e-08
1.79855e-15
5.77089e-13
2.14988e-11
6.68263e-10
7.35514e-09
1.72891e-07
9.06898e-07
3.38177e-06
8.43017e-06
2.52427e-07
7.27804e-15
3.80754e-12
1.56498e-10
4.99354e-09
5.89109e-08
1.32107e-06
8.43485e-06
2.54506e-05
4.34445e-05
1.20334e-06
2.06032e-16
2.51923e-11
1.28764e-09
4.49894e-08
5.88873e-07
1.24062e-05
9.45387e-05
0.000240701
0.000267167
6.29403e-06
-2.64969e-13
1.57273e-10
1.00558e-08
3.51129e-07
4.90743e-06
9.72254e-05
0.00084138
0.00169866
0.00131358
3.13962e-05
-5.3412e-12
4.15756e-10
7.38153e-08
2.85456e-06
4.38894e-05
0.000781126
0.00692061
0.0121826
0.00642613
0.000117803
-2.56641e-11
-3.15113e-10
2.73945e-07
1.06543e-05
0.000168862
0.00293572
0.0262153
0.0361294
0.0162939
0.000212293
2.94132e-13
4.67809e-11
-4.89891e-09
-1.63012e-07
-2.30629e-06
-2.40935e-05
-0.00018129
-0.000547163
-0.000258557
-2.54961e-06
-5.01908e-22
3.73439e-19
5.57248e-18
-1.00063e-16
-1.93281e-15
-1.13393e-13
-4.03193e-13
-2.24749e-12
1.07408e-11
-5.02807e-13
1.00495e-18
2.72987e-16
8.46458e-15
3.06395e-13
2.99206e-12
9.81092e-11
4.27248e-10
2.05101e-09
1.49287e-08
4.02805e-10
1.73275e-17
5.12105e-15
1.73546e-13
5.59655e-12
6.30928e-11
1.57e-09
8.015e-09
3.52096e-08
1.65761e-07
4.75239e-09
8.74564e-17
3.7809e-14
1.42709e-12
4.9471e-11
5.75485e-10
1.49067e-08
7.94406e-08
3.54525e-07
1.04962e-06
2.64331e-08
2.69561e-16
2.77984e-13
1.17464e-11
4.1293e-10
5.10863e-09
1.26807e-07
8.14007e-07
2.99386e-06
6.23438e-06
1.42521e-07
-1.98455e-15
2.03707e-12
1.09845e-10
4.26418e-09
5.89636e-08
1.38231e-06
1.07659e-05
3.36539e-05
4.47599e-05
8.66016e-07
-4.43742e-14
1.38843e-11
1.01794e-09
3.84654e-08
5.71282e-07
1.23962e-05
0.00011287
0.000277024
0.000256352
4.83885e-06
-6.1084e-13
2.06724e-11
8.77755e-09
3.69588e-07
6.24498e-06
0.000121151
0.00116924
0.00250433
0.00153419
2.05086e-05
-2.5049e-12
-2.2681e-10
3.69055e-08
1.58764e-06
2.82306e-05
0.000535421
0.00531533
0.00908394
0.00472655
4.02144e-05
-6.22168e-15
7.87209e-12
-3.90214e-10
-2.21367e-08
-3.78605e-07
-5.53692e-06
-4.83056e-05
-0.000108472
-5.04865e-05
-5.27951e-08
-2.25585e-23
2.34692e-20
5.50796e-19
6.7183e-18
-3.3383e-17
-3.48646e-15
9.89978e-16
1.19861e-13
2.62343e-12
-1.74409e-14
3.13917e-20
1.28525e-17
3.96174e-16
1.79377e-14
1.88491e-13
6.7405e-12
3.20057e-11
1.80764e-10
1.32368e-09
2.83427e-11
5.46081e-19
2.61416e-16
8.99247e-15
3.70393e-13
4.4715e-12
1.24203e-10
6.66379e-10
3.47844e-09
1.70855e-08
3.81118e-10
1.76281e-18
2.10227e-15
7.86778e-14
3.66687e-12
4.51738e-11
1.32505e-09
7.32847e-09
3.93027e-08
1.25765e-07
2.34291e-09
-1.44756e-17
1.67895e-14
7.05972e-13
3.45301e-11
4.44864e-10
1.27359e-08
8.36427e-08
3.99456e-07
9.07694e-07
1.3865e-08
-4.25982e-16
1.27245e-13
6.62169e-12
4.02945e-10
5.81607e-09
1.612e-07
1.27612e-06
5.12253e-06
7.53573e-06
9.20903e-08
-5.79472e-15
7.35062e-13
6.49145e-11
4.12442e-09
6.43566e-08
1.65522e-06
1.53904e-05
4.99205e-05
5.13677e-05
5.38927e-07
-4.81026e-14
-3.19174e-12
4.97376e-10
4.48032e-08
8.35584e-07
1.938e-05
0.000194952
0.000499473
0.000340508
2.05313e-06
-5.60651e-14
-5.04228e-11
2.20296e-09
2.17115e-07
4.37528e-06
9.86879e-05
0.00103654
0.0019831
0.00109971
2.53447e-06
-7.44666e-15
1.29744e-12
-2.2218e-11
-3.05422e-09
-6.50423e-08
-1.35007e-06
-1.27073e-05
-4.16322e-05
-2.49863e-05
2.41136e-07
-2.06133e-24
1.25576e-21
2.1334e-20
2.46472e-20
-3.39981e-18
-2.3255e-16
-5.19533e-16
9.83034e-15
3.1022e-13
1.74773e-15
3.51242e-22
6.32713e-19
1.89129e-17
9.83774e-16
1.19224e-14
4.54885e-13
2.3598e-12
1.4953e-11
1.19737e-10
1.85966e-12
3.02162e-21
1.44887e-17
5.44959e-16
2.37133e-14
3.27113e-13
9.7209e-12
5.60289e-11
3.22442e-10
1.77216e-09
2.81595e-11
-1.33988e-19
1.27909e-16
5.43158e-15
2.63131e-13
3.71321e-12
1.16674e-10
6.84683e-10
4.00394e-09
1.4728e-08
1.86222e-10
-3.18178e-18
1.11975e-15
5.77271e-14
2.82164e-12
4.11684e-11
1.26766e-09
8.73574e-09
4.52416e-08
1.20632e-07
1.17524e-09
-5.08083e-17
9.05876e-15
6.43455e-13
3.77143e-11
6.16554e-10
1.86886e-08
1.54094e-07
6.84719e-07
1.15663e-06
7.76104e-09
-5.96491e-16
5.08429e-14
7.81221e-12
4.49035e-10
7.88689e-09
2.22321e-07
2.17397e-06
7.81465e-06
9.09328e-06
4.12954e-08
-1.97391e-15
-6.33896e-13
6.8251e-11
5.50454e-09
1.18711e-07
3.09562e-06
3.30556e-05
9.64878e-05
7.2931e-05
-1.78741e-08
3.2071e-14
-8.25939e-12
2.63438e-10
2.90744e-08
6.90879e-07
1.79094e-05
0.000197903
0.000449345
0.000279359
-1.12955e-06
-8.2024e-16
6.19197e-14
2.7046e-12
-4.32789e-10
-1.24599e-08
-3.56466e-07
-3.65688e-06
-7.83377e-06
-3.04441e-06
6.30834e-08
-5.71966e-25
9.19764e-23
-2.20933e-21
1.80786e-19
1.85135e-18
1.16791e-16
9.85548e-16
7.66937e-15
3.25294e-14
6.04593e-17
-1.29909e-22
3.12789e-20
-3.84493e-19
5.93991e-17
7.41325e-16
3.8733e-14
2.36931e-13
1.65618e-12
8.41453e-12
5.82685e-14
-3.6443e-21
7.97849e-19
-6.27621e-18
1.48768e-15
2.21869e-14
8.94192e-13
5.72908e-12
3.81936e-11
1.55592e-10
8.21388e-13
-5.60565e-20
9.87216e-18
-1.38952e-16
1.83271e-14
2.77393e-13
1.1972e-11
7.9006e-11
5.40794e-10
1.61775e-09
1.59142e-12
-8.39767e-19
1.25173e-16
-2.2772e-15
2.24855e-13
3.54086e-12
1.52239e-10
1.17861e-09
7.67319e-09
1.71433e-08
-4.55939e-11
-1.20325e-17
1.63545e-15
-4.38466e-14
3.29203e-12
6.00648e-11
2.5558e-09
2.26773e-08
1.206e-07
1.86573e-07
-9.74247e-10
-1.2907e-16
1.59514e-14
-5.47147e-13
4.37324e-11
9.13334e-10
3.52889e-08
3.60468e-07
1.52697e-06
1.67967e-06
-1.25616e-08
-7.50151e-16
1.0178e-13
-7.6319e-12
5.43791e-10
1.51053e-08
5.34928e-07
5.74837e-06
1.76023e-05
1.30294e-05
-1.43904e-07
1.92329e-15
7.4556e-14
-4.1224e-11
3.02062e-09
9.5344e-08
3.29024e-06
3.61549e-05
8.28303e-05
4.75549e-05
-6.95334e-07
2.12152e-16
-2.58593e-14
1.50738e-12
-4.38084e-11
-2.14261e-09
-9.71548e-08
-9.35534e-07
-2.26575e-06
-1.15445e-06
2.44772e-08
-1.93441e-25
1.5153e-23
-1.29371e-22
1.00954e-20
3.47959e-19
2.2859e-17
1.1309e-16
8.04601e-16
1.07182e-14
-1.39658e-16
-2.24846e-23
2.20925e-21
3.06091e-21
3.93405e-18
7.02281e-17
3.92793e-15
2.52275e-14
1.5798e-13
1.06433e-12
-8.28625e-15
-5.37363e-22
5.50597e-20
3.73952e-19
1.14214e-16
2.17389e-15
1.03961e-13
7.50165e-13
4.53784e-12
1.89107e-11
-1.54243e-13
-7.58535e-21
7.17803e-19
-3.52686e-18
1.58378e-15
2.99352e-14
1.64669e-12
1.28421e-11
7.528e-11
2.10103e-10
-2.33976e-12
-1.11619e-19
9.88286e-18
-1.71504e-16
2.24272e-14
4.39364e-13
2.66292e-11
2.44934e-10
1.31356e-09
2.45013e-09
-3.35352e-11
-1.71549e-18
1.47262e-16
-5.17732e-15
3.47968e-13
7.94527e-12
4.98097e-10
5.07711e-09
2.38245e-08
3.00257e-08
-4.65818e-10
-2.06707e-17
1.73563e-15
-9.05369e-14
4.74802e-12
1.33424e-10
7.69747e-09
8.54965e-08
3.4394e-07
3.09103e-07
-5.2604e-09
-1.94818e-16
1.67677e-14
-1.358e-12
5.35519e-11
2.0704e-09
1.0699e-07
1.19478e-06
3.87296e-06
2.72063e-06
-5.63912e-08
-5.61354e-16
6.83653e-14
-7.70618e-12
2.80637e-10
1.27853e-08
6.2312e-07
6.8501e-06
1.71681e-05
1.05789e-05
-2.83753e-07
7.83427e-17
-7.11991e-15
2.81868e-13
-3.86619e-12
-3.39621e-10
-2.77892e-08
-2.80253e-07
-5.93718e-07
-1.00864e-08
-4.86509e-09
2.22509e-27
4.95763e-24
-1.58472e-22
3.68177e-21
6.45294e-20
8.53398e-18
5.19532e-17
5.70484e-16
2.31515e-15
6.696e-18
1.58053e-24
3.5829e-22
-9.68316e-21
5.11608e-19
9.11844e-18
7.58646e-16
4.79071e-15
3.61034e-14
1.61556e-13
1.35898e-15
2.69479e-23
6.73975e-21
-1.72663e-19
1.58163e-17
2.83028e-16
2.07507e-14
1.48421e-13
8.88818e-13
2.71278e-12
2.13319e-14
3.96372e-22
9.53881e-20
-3.18313e-18
2.55019e-16
3.94459e-15
3.7214e-13
3.00266e-12
1.61309e-11
3.29511e-11
2.3358e-13
5.74511e-21
1.34179e-18
-5.79373e-17
4.2715e-15
6.17972e-14
6.8178e-12
6.55728e-11
3.07447e-10
4.05712e-10
2.7103e-12
8.11308e-20
1.90107e-17
-1.10745e-15
7.22974e-14
1.18748e-12
1.26668e-10
1.37886e-09
5.65438e-09
5.02934e-09
3.20978e-11
8.84211e-19
2.06832e-16
-1.67334e-14
1.03783e-12
2.1765e-11
1.91484e-09
2.29932e-08
8.35144e-08
5.36411e-08
3.55281e-10
1.08617e-17
2.20899e-15
-2.34258e-13
1.07926e-11
3.15064e-10
2.322e-08
2.8314e-07
8.83916e-07
4.86658e-07
2.64673e-09
1.1167e-16
1.40796e-14
-1.36567e-12
4.93553e-11
1.82836e-09
1.22465e-07
1.45375e-06
3.70759e-06
2.01605e-06
5.69945e-09
1.22286e-17
-1.06325e-15
4.21983e-14
-8.11757e-13
-2.44285e-11
-6.83626e-09
-6.78023e-08
-8.01681e-08
2.37857e-08
-2.51277e-11
3.08973e-27
6.2949e-25
-3.78113e-23
1.2155e-21
6.21532e-21
2.74623e-18
1.93208e-17
2.26825e-16
5.72445e-16
8.22992e-18
5.03907e-25
5.09398e-23
-1.81371e-21
1.19345e-19
1.55284e-18
2.14209e-16
1.37314e-15
1.23916e-14
4.95703e-14
7.99417e-16
1.02846e-23
1.05909e-21
-1.63804e-20
3.65493e-18
4.96453e-17
6.00392e-15
4.2388e-14
2.80796e-13
8.8806e-13
1.41009e-14
1.57618e-22
1.54645e-20
-1.91837e-19
6.20281e-17
5.71904e-16
1.11904e-13
8.99113e-13
5.22091e-12
1.1395e-11
1.83552e-13
2.4623e-21
2.28741e-19
-1.44213e-18
1.10302e-15
7.75937e-15
2.10738e-12
2.03876e-11
1.00511e-10
1.42479e-10
2.41667e-12
3.7153e-20
3.24471e-18
-1.33481e-17
1.91522e-14
1.61686e-13
3.82439e-11
4.28167e-10
1.80446e-09
1.72398e-09
3.08243e-11
4.5352e-19
3.60454e-17
-4.71911e-17
2.77372e-13
3.59338e-12
5.56161e-10
7.03714e-09
2.614e-08
1.79914e-08
3.43759e-10
2.73098e-18
1.48711e-16
-1.6683e-14
2.73761e-12
5.32944e-11
6.19059e-09
8.12985e-08
2.67083e-07
1.60126e-07
3.13673e-09
1.68173e-17
4.02635e-16
-1.74066e-13
1.13345e-11
2.94896e-10
3.0068e-08
3.88094e-07
1.08365e-06
6.57396e-07
1.49105e-08
2.24937e-18
-1.74832e-16
7.27945e-15
-2.68465e-13
6.88362e-12
-1.61983e-09
-1.52611e-08
-1.5118e-08
8.90971e-09
5.43485e-10
1.31989e-27
2.61298e-25
-1.33028e-23
3.6936e-22
-5.11362e-21
8.13572e-19
6.18003e-18
5.7918e-17
9.86536e-17
2.45265e-18
1.62459e-25
2.42453e-23
-1.01107e-21
2.91935e-20
-6.90234e-20
5.92873e-17
3.94685e-16
3.79975e-15
1.08372e-14
2.03328e-16
3.32875e-24
4.89144e-22
-1.94153e-20
8.55337e-19
-3.50724e-19
1.67078e-15
1.17638e-14
8.6438e-14
2.16162e-13
3.68354e-15
4.97831e-23
6.95214e-21
-2.87452e-19
1.52373e-17
-1.04626e-16
3.14088e-14
2.50811e-13
1.61959e-12
2.92405e-12
4.97924e-14
7.3029e-22
9.22888e-20
-4.01597e-18
2.78857e-16
-2.79574e-15
5.93936e-13
5.72303e-12
3.03989e-11
3.71818e-11
6.64893e-13
1.01433e-20
1.12788e-18
-5.27915e-17
4.82931e-15
-4.28322e-14
1.05679e-11
1.19871e-10
5.23273e-10
4.41331e-10
8.43934e-12
1.12312e-19
1.07516e-17
-5.38884e-16
6.89459e-14
-2.41308e-13
1.49469e-10
1.96855e-09
7.37749e-09
4.4932e-09
9.19354e-11
9.77258e-19
1.07128e-16
-8.72362e-15
6.63046e-13
7.16288e-13
1.58815e-09
2.23678e-08
7.49367e-08
3.99639e-08
8.81067e-10
8.98833e-18
9.63455e-16
-6.6537e-14
2.62925e-12
1.02443e-11
7.3429e-09
1.03872e-07
3.05969e-07
1.67965e-07
4.81954e-09
9.2248e-19
-1.61242e-16
5.30791e-15
-1.5385e-13
5.51203e-12
-3.59635e-10
-3.11555e-09
-1.4278e-09
3.67392e-09
2.1423e-10
3.09703e-28
3.47635e-26
-2.14253e-24
1.05763e-22
-3.21946e-21
2.19593e-19
1.71921e-18
1.48546e-17
2.64507e-17
8.44875e-19
3.84371e-26
2.83744e-24
-1.95403e-22
7.61414e-21
-1.4977e-19
1.59958e-17
1.04448e-16
1.09982e-15
3.02122e-15
7.39252e-17
8.35691e-25
6.16339e-23
-3.29493e-21
2.13944e-19
-3.8045e-18
4.56786e-16
3.09149e-15
2.60048e-14
6.63138e-14
1.45892e-15
1.26385e-23
9.20245e-22
-3.93403e-20
3.82946e-18
-9.85977e-17
8.54003e-15
6.57609e-14
4.97844e-13
9.2611e-13
2.02819e-14
1.90931e-22
1.36552e-20
-3.23536e-19
6.97218e-17
-2.09464e-15
1.59602e-13
1.51446e-12
9.36796e-12
1.20844e-11
2.74334e-13
2.80399e-21
1.99955e-19
-9.07004e-20
1.19342e-15
-3.49908e-14
2.76725e-12
3.19588e-11
1.59195e-10
1.4386e-10
3.46054e-12
3.63504e-20
2.66636e-18
7.00779e-17
1.69037e-14
-3.89607e-13
3.80273e-11
5.3123e-10
2.22335e-09
1.45521e-09
3.64021e-11
2.68766e-19
1.76314e-17
-9.65165e-17
1.65084e-13
-3.27519e-12
3.91328e-10
6.10739e-09
2.29302e-08
1.31915e-08
3.55247e-10
1.9995e-18
9.58618e-17
-8.42204e-15
6.7712e-13
-1.34313e-11
1.74138e-09
2.80857e-08
9.35859e-08
5.62479e-08
1.99409e-09
3.67033e-19
-3.94681e-17
1.35356e-15
-5.77993e-14
2.04547e-12
-7.88536e-11
-6.93272e-10
-2.99801e-10
1.371e-09
7.77339e-11
1.46339e-28
2.31037e-26
-9.19333e-25
3.65408e-23
-1.57608e-21
5.99174e-20
4.69458e-19
3.94919e-18
6.21379e-18
2.27774e-19
1.65503e-26
2.22298e-24
-9.11691e-23
2.58123e-21
-9.26689e-20
4.36408e-18
2.74335e-17
3.20359e-16
7.27141e-16
1.96077e-17
3.5732e-25
4.90462e-23
-1.97805e-21
6.77959e-20
-2.47843e-18
1.24812e-16
7.96178e-16
7.81657e-15
1.67581e-14
3.86e-16
5.35928e-24
7.29407e-22
-2.9736e-20
1.21901e-18
-5.30697e-17
2.29666e-15
1.66824e-14
1.48501e-13
2.37154e-13
5.38241e-15
7.78061e-23
9.98428e-21
-4.11566e-19
2.178e-17
-1.05815e-15
4.21807e-14
3.8738e-13
2.75675e-12
3.12715e-12
7.28547e-14
1.03865e-21
1.19473e-19
-4.92623e-18
3.59171e-16
-1.78664e-14
7.11052e-13
8.26871e-12
4.58744e-11
3.69487e-11
9.16367e-13
1.06221e-20
1.05786e-18
-3.87191e-17
4.78197e-15
-2.20113e-13
9.47355e-12
1.39959e-10
6.31503e-10
3.64901e-10
9.26727e-12
1.04762e-19
1.23423e-17
-5.97242e-16
4.9575e-14
-2.11075e-12
9.51333e-11
1.66894e-09
6.73823e-09
3.39759e-09
9.41674e-11
1.10791e-18
1.27049e-16
-5.38117e-15
2.31096e-13
-9.02313e-12
4.10315e-10
7.74471e-09
2.85501e-08
1.53934e-08
5.83044e-10
7.64377e-20
-4.05983e-17
1.03142e-15
-2.58782e-14
7.23837e-13
-1.81116e-11
-1.56127e-10
1.3463e-10
4.85432e-10
2.59902e-11
3.9719e-29
3.7141e-27
-1.00378e-25
1.17468e-23
-6.31619e-22
1.6268e-20
1.20751e-19
1.19135e-18
1.79901e-18
7.94327e-20
4.46145e-27
3.3458e-25
-1.49728e-23
7.8766e-22
-4.09169e-20
1.22244e-18
6.43319e-18
9.6857e-17
2.14321e-16
6.67576e-18
9.8958e-26
7.658e-24
-2.99383e-22
1.95338e-20
-1.11331e-18
3.50431e-17
1.8556e-16
2.41124e-15
5.21408e-15
1.34797e-16
1.48768e-24
1.17935e-22
-3.80281e-21
3.40753e-19
-2.21925e-17
6.2936e-16
3.84101e-15
4.58908e-14
7.46328e-14
1.8624e-15
2.21135e-23
1.72798e-21
-3.62581e-20
5.88132e-18
-4.31162e-16
1.12367e-14
9.24951e-14
8.57104e-13
1.00536e-12
2.52875e-14
3.05261e-22
2.31658e-20
-1.06281e-19
9.37452e-17
-7.25845e-15
1.81376e-13
2.05335e-12
1.42734e-11
1.20711e-11
3.197e-13
3.42829e-21
2.61756e-19
5.5493e-18
1.19168e-15
-9.21091e-14
2.29155e-12
3.58499e-11
1.95214e-10
1.18908e-10
3.17484e-12
3.35675e-20
2.71259e-18
2.78409e-17
1.33458e-14
-9.21108e-13
2.18631e-11
4.51169e-10
2.17566e-09
1.15729e-09
3.31604e-11
3.43195e-19
2.32349e-17
-4.47024e-16
7.25714e-14
-3.86203e-12
8.92921e-11
2.1379e-09
9.40446e-09
5.41718e-09
2.11479e-10
6.23039e-20
-1.03669e-17
2.50458e-16
-8.88798e-15
2.3621e-13
-4.23935e-12
-3.97925e-11
3.61493e-11
1.64072e-10
8.45326e-12
3.24e-29
1.92997e-27
-5.42992e-26
4.10913e-24
-2.58273e-22
4.70532e-21
2.82048e-20
3.51098e-19
5.51869e-19
3.09086e-20
3.18586e-27
2.09914e-25
-7.24655e-24
3.01549e-22
-1.77037e-20
3.62764e-19
1.25638e-18
3.00534e-17
6.10357e-17
2.5345e-18
6.86111e-26
4.65502e-24
-1.57982e-22
7.16859e-21
-4.81041e-19
1.03324e-17
3.61047e-17
7.70942e-16
1.47952e-15
5.13639e-17
9.95837e-25
6.87259e-23
-2.27956e-21
1.20958e-19
-9.03955e-18
1.80278e-16
7.46033e-16
1.45651e-14
2.10709e-14
7.02709e-16
1.40787e-23
9.29758e-22
-2.92527e-20
2.0121e-18
-1.71263e-16
3.11374e-15
1.9709e-14
2.71785e-13
2.85179e-13
9.4326e-15
1.83611e-22
1.07183e-20
-2.97446e-19
3.073e-17
-2.85302e-15
4.76063e-14
4.78907e-13
4.51418e-12
3.42721e-12
1.18221e-13
1.52824e-21
7.49286e-20
-1.00257e-18
3.53046e-16
-3.63197e-14
5.55966e-13
8.84109e-12
6.08492e-11
3.26665e-11
1.10906e-12
2.02219e-20
1.04548e-18
-2.59908e-17
4.47095e-15
-3.72948e-13
4.80062e-12
1.19843e-10
7.14456e-10
3.30354e-10
1.20693e-11
2.29075e-19
1.43673e-17
-4.13943e-16
2.78311e-14
-1.52256e-12
1.76437e-11
5.87966e-10
3.21623e-09
1.70441e-09
8.07835e-11
-3.79776e-20
-7.18311e-18
1.47583e-16
-3.48894e-15
7.99153e-14
-1.01479e-12
-1.11443e-11
2.73499e-11
6.8778e-11
3.95479e-12
-2.76821e-30
3.15812e-28
3.03747e-27
9.47049e-25
-1.02534e-22
1.49542e-21
4.16513e-21
1.1152e-19
2.07449e-19
1.66112e-20
9.8789e-29
3.14647e-26
-8.60097e-25
6.74119e-23
-7.35273e-21
1.21756e-19
5.38165e-21
9.47593e-18
2.11336e-17
1.23306e-18
-4.58975e-27
5.75368e-25
-2.21019e-23
1.36373e-21
-1.99133e-19
3.44807e-18
5.05353e-19
2.47562e-16
5.14145e-16
2.51748e-17
-1.02741e-25
8.12865e-24
-2.98154e-22
2.07111e-20
-3.57508e-18
5.8672e-17
2.1806e-17
4.70892e-15
7.30887e-15
3.41923e-16
-3.56125e-24
8.29819e-23
-3.95806e-21
2.81646e-19
-6.63753e-17
9.7895e-16
2.03391e-15
8.95787e-14
1.00824e-13
4.63912e-15
-1.06691e-22
1.96721e-22
-4.54697e-20
3.37715e-18
-1.09469e-15
1.3968e-14
7.95067e-14
1.52325e-12
1.24157e-12
5.86516e-14
-1.61872e-21
-1.1293e-20
-3.07126e-19
2.16967e-17
-1.38086e-14
1.43985e-13
1.80585e-12
2.05862e-11
1.18006e-11
5.40642e-13
-2.80216e-20
-1.22595e-19
-9.78288e-19
5.80775e-16
-1.44537e-13
9.97522e-13
2.74881e-11
2.55512e-10
1.25744e-10
6.07956e-12
-1.38854e-20
2.72897e-18
1.76311e-17
6.88254e-15
-5.68556e-13
2.52476e-12
1.44032e-10
1.16941e-09
6.82873e-10
4.03221e-11
-2.19665e-20
-1.87223e-18
2.84709e-17
-1.13211e-15
2.66223e-14
-2.22136e-13
-3.51916e-12
7.07543e-12
2.70149e-11
1.8748e-12
8.40086e-29
6.5793e-28
1.55197e-26
4.98033e-26
-4.36187e-23
5.68913e-22
-9.77049e-22
3.48988e-20
7.92706e-20
1.03822e-20
5.58386e-27
5.05703e-26
8.0328e-25
1.17718e-23
-3.2241e-21
4.76037e-20
-1.81071e-19
3.08044e-18
7.47658e-18
7.55982e-19
1.53324e-25
1.47219e-24
2.0694e-23
8.79634e-23
-8.61716e-20
1.33016e-18
-4.91021e-18
8.32908e-17
1.78702e-16
1.56736e-17
2.4526e-24
2.39873e-23
3.39659e-22
-3.58735e-22
-1.47971e-18
2.22765e-17
-8.87288e-17
1.59839e-15
2.52596e-15
2.13151e-16
4.48929e-23
4.44427e-22
6.26892e-21
-5.35685e-20
-2.68029e-17
3.655e-16
-1.20866e-15
3.10194e-14
3.51535e-14
2.89285e-15
8.39503e-22
8.10898e-21
1.14054e-19
-1.49144e-18
-4.35517e-16
4.98439e-15
-6.60019e-15
5.40737e-13
4.39059e-13
3.65971e-14
1.05876e-20
1.0546e-19
1.33429e-18
-3.15169e-17
-5.35241e-15
4.60956e-14
1.50922e-13
7.28383e-12
4.05786e-12
3.2222e-13
1.53826e-19
1.37907e-18
2.14433e-17
-1.40246e-16
-5.6171e-14
2.4536e-13
3.76165e-12
9.59262e-11
4.49813e-11
3.75707e-12
5.48176e-19
4.91066e-18
1.04238e-16
1.49118e-15
-2.10225e-13
1.59745e-13
2.45174e-11
4.51103e-10
2.69324e-10
2.57768e-11
-1.35033e-20
-5.51675e-19
9.70376e-18
-3.81967e-16
8.95473e-15
-3.53506e-14
-1.25892e-12
3.38244e-12
1.32575e-11
1.47431e-12
-2.14243e-28
-2.73359e-27
-5.34214e-26
-7.11576e-25
-2.06071e-23
3.34873e-22
-1.61288e-21
8.39178e-21
3.21459e-20
8.14011e-21
-1.25854e-26
-1.73024e-25
-3.11013e-24
-4.59063e-23
-1.56509e-21
2.75473e-20
-1.59196e-19
7.49243e-19
3.02079e-18
6.14811e-19
-3.82056e-25
-5.22947e-24
-8.83521e-23
-1.27469e-21
-4.12472e-20
7.6475e-19
-4.47069e-18
2.19232e-17
7.36744e-17
1.34612e-17
-6.40801e-24
-8.80053e-23
-1.48732e-21
-2.13921e-20
-6.8612e-19
1.31252e-17
-8.57794e-17
4.66669e-16
1.05724e-15
1.87908e-16
-1.2468e-22
-1.70691e-21
-2.84957e-20
-4.03291e-19
-1.2296e-17
2.28784e-16
-1.57561e-15
9.89719e-15
1.52607e-14
2.66271e-15
-2.37234e-21
-3.19884e-20
-5.19719e-19
-7.09329e-18
-2.00825e-16
3.46644e-15
-2.4479e-14
1.8667e-13
2.00272e-13
3.51594e-14
-3.27212e-20
-4.39352e-19
-7.07159e-18
-9.24262e-17
-2.41585e-15
3.60181e-14
-2.56387e-13
2.63526e-12
1.91412e-12
3.16484e-13
-4.09013e-19
-5.24332e-18
-7.90816e-17
-1.0073e-15
-2.67689e-14
3.44782e-13
-3.06669e-12
3.69546e-11
2.28442e-11
3.94104e-12
-1.15139e-18
-1.49885e-17
-2.15398e-16
-2.86778e-15
-9.82797e-14
1.00569e-12
-1.0842e-11
1.70006e-10
1.37534e-10
2.66632e-11
-3.57534e-20
-2.36314e-19
-5.15176e-19
-5.77999e-17
3.13819e-15
-1.20181e-15
-3.6719e-13
-9.2526e-14
6.10668e-12
1.46692e-12
-1.01196e-28
3.93815e-28
-1.68531e-26
-5.64555e-27
-8.96479e-24
1.26624e-22
-6.15935e-22
3.52985e-21
1.10462e-20
2.1703e-21
-9.02163e-27
4.7301e-26
-1.19298e-24
5.04006e-24
-6.73607e-22
9.56914e-21
-5.19692e-20
3.33292e-19
1.12129e-18
1.40171e-19
-2.4139e-25
1.03968e-24
-3.1592e-23
7.6497e-23
-1.72893e-20
2.59939e-19
-1.43553e-18
9.6622e-18
2.81995e-17
2.75297e-18
-3.83463e-24
1.53908e-23
-5.08723e-22
7.99365e-22
-2.79135e-19
4.34182e-18
-2.66401e-17
1.93125e-16
4.02976e-16
3.77797e-17
-6.9855e-23
2.55642e-22
-9.37826e-21
4.56097e-21
-4.96483e-18
7.63586e-17
-4.85313e-16
3.98645e-15
5.80707e-15
5.29375e-16
-1.29799e-21
4.26121e-21
-1.69198e-19
-8.36551e-20
-8.27474e-17
1.21099e-15
-7.59684e-15
7.52946e-14
7.59709e-14
7.31838e-15
-1.59592e-20
4.45399e-20
-2.19503e-18
-4.47329e-18
-9.84811e-16
1.31409e-14
-7.72893e-14
1.0378e-12
6.87346e-13
6.23304e-14
-2.37922e-19
7.13487e-19
-2.7617e-17
-1.26432e-17
-1.16593e-14
1.3857e-13
-9.02802e-13
1.5239e-11
8.34069e-12
8.71038e-13
-8.97443e-19
3.58192e-18
-9.23241e-17
3.12886e-16
-4.2872e-14
4.37744e-13
-2.75814e-12
7.14511e-11
5.46169e-11
6.47922e-12
-7.10119e-22
-2.13743e-19
1.88912e-18
-5.29765e-17
1.11831e-15
-3.66709e-15
-1.04942e-13
3.83079e-14
2.80639e-12
4.18057e-13
-1.03172e-29
1.44974e-28
-6.34979e-27
7.96141e-26
-3.81734e-24
4.96647e-23
-2.45271e-22
1.38317e-21
2.88421e-21
5.0853e-22
-4.34688e-27
3.73291e-26
-6.27342e-25
9.03358e-24
-2.8485e-22
3.51682e-21
-1.76592e-20
1.39221e-19
4.02978e-19
2.857e-20
-1.34613e-25
9.24065e-25
-1.54467e-23
1.94413e-22
-7.10617e-21
9.29571e-20
-4.75694e-19
4.07381e-18
1.10753e-17
4.39953e-19
-2.13932e-24
1.38536e-23
-2.36337e-22
2.79315e-21
-1.11897e-19
1.51746e-18
-8.6179e-18
7.87218e-17
1.60642e-16
5.85322e-18
-3.87672e-23
2.4131e-22
-4.20387e-21
4.50994e-20
-1.98014e-18
2.68586e-17
-1.56409e-16
1.61347e-15
2.35524e-15
7.74533e-17
-7.45217e-22
4.37006e-21
-7.59208e-20
7.29652e-19
-3.38954e-17
4.44734e-16
-2.46728e-15
3.09386e-14
3.14496e-14
1.20201e-15
-8.67791e-21
4.9283e-20
-9.24981e-19
7.17047e-18
-4.024e-16
4.99543e-15
-2.44882e-14
4.20576e-13
2.77858e-13
9.06201e-15
-1.49036e-19
8.1488e-19
-1.32775e-17
1.20748e-16
-5.10253e-15
5.7531e-14
-2.70672e-13
6.45787e-12
3.51821e-12
1.63129e-13
-6.39947e-19
3.72102e-18
-5.11619e-17
6.09826e-16
-1.89475e-14
1.93669e-13
-6.3932e-13
3.06669e-11
2.40938e-11
1.34287e-12
4.70157e-21
-8.88638e-20
1.09187e-18
-2.68037e-17
4.22287e-16
-2.21814e-15
-3.12443e-14
3.5074e-14
1.21819e-12
1.07934e-13
1.10401e-29
-3.33812e-29
-2.07173e-27
5.2494e-26
-1.55986e-24
1.98429e-23
-1.00152e-22
5.5065e-22
4.11783e-22
1.05962e-22
-1.15868e-27
1.39085e-26
-2.84861e-25
5.48479e-24
-1.15528e-22
1.31569e-21
-6.15504e-21
5.54639e-20
1.32715e-19
5.04082e-21
-5.09518e-26
3.65116e-25
-6.66784e-24
1.17043e-22
-2.7924e-21
3.37464e-20
-1.61026e-19
1.64484e-18
4.26388e-18
-7.15673e-21
-8.24429e-25
5.34612e-24
-9.81861e-23
1.67397e-21
-4.30188e-20
5.4022e-19
-2.87147e-18
3.11194e-17
6.34613e-17
-2.81588e-19
-1.51351e-23
9.29015e-23
-1.71001e-21
2.75347e-20
-7.57094e-19
9.6025e-18
-5.22747e-17
6.39475e-16
9.5514e-16
-8.4224e-18
-3.09583e-22
1.76157e-21
-3.16843e-20
4.76448e-19
-1.33579e-17
1.65736e-16
-8.36077e-16
1.26162e-14
1.32483e-14
-7.36588e-17
-3.55732e-21
1.95668e-20
-3.72596e-19
5.02408e-18
-1.5838e-16
1.9087e-15
-8.21191e-15
1.70278e-13
1.16727e-13
-1.39379e-15
-6.86689e-20
3.64514e-19
-5.97685e-18
8.51855e-17
-2.15495e-15
2.38559e-14
-8.42581e-14
2.74235e-12
1.57276e-12
-6.03519e-15
-3.14322e-19
1.77861e-18
-2.46504e-17
3.9159e-16
-8.12188e-15
8.43092e-14
-1.27793e-13
1.31227e-11
1.09377e-11
1.41139e-14
4.45774e-21
-2.71176e-20
4.10567e-19
-1.12048e-17
1.60965e-16
-1.07045e-15
-9.63557e-15
8.26759e-15
4.72391e-13
2.65961e-14
5.51191e-30
-3.5945e-29
-5.58511e-28
2.41383e-26
-5.99567e-25
7.8375e-24
-4.01697e-23
2.1715e-22
-5.85405e-23
1.99535e-23
-1.83887e-28
4.27377e-27
-1.16305e-25
2.5898e-24
-4.5399e-23
5.01232e-22
-2.21724e-21
2.15076e-20
4.09411e-20
1.10826e-21
-1.55546e-26
1.19748e-25
-2.6498e-24
5.42914e-23
-1.06697e-21
1.25115e-20
-5.66473e-20
6.49977e-19
1.59645e-18
-4.55036e-20
-2.55331e-25
1.69707e-24
-3.7801e-23
7.65276e-22
-1.61475e-20
1.97443e-19
-1.00473e-18
1.20848e-17
2.43955e-17
-7.59373e-19
-4.73929e-24
2.92144e-23
-6.47784e-22
1.25672e-20
-2.82762e-19
3.52293e-18
-1.85335e-17
2.50354e-16
3.77943e-16
-1.35986e-17
-1.04354e-22
5.81715e-22
-1.24247e-20
2.26946e-19
-5.13954e-18
6.31516e-17
-3.03614e-16
5.12065e-15
5.49095e-15
-1.96083e-16
-1.21287e-21
6.38958e-21
-1.43579e-19
2.43892e-18
-6.09087e-17
7.4028e-16
-3.01259e-15
6.92018e-14
4.87114e-14
-2.09758e-15
-2.57208e-20
1.34759e-19
-2.53443e-18
4.38543e-17
-8.87482e-16
9.95309e-15
-2.90132e-14
1.16307e-12
6.99604e-13
-2.94536e-14
-1.22259e-19
7.02644e-19
-1.08597e-17
1.96687e-16
-3.39191e-15
3.64366e-14
-2.46417e-14
5.57186e-12
4.86188e-12
-1.9091e-13
2.44486e-21
-7.9799e-21
1.32379e-19
-4.16838e-18
5.96697e-17
-4.63118e-16
-2.99583e-15
-9.52329e-16
1.63022e-13
8.53121e-15
1.51627e-30
-1.67241e-29
-1.36618e-28
9.50867e-27
-2.20428e-25
3.05236e-24
-1.5434e-23
8.41516e-23
-7.45118e-23
1.60637e-24
-7.31896e-30
1.3712e-27
-4.66376e-26
1.08796e-24
-1.71058e-23
1.89034e-22
-7.86005e-22
8.10941e-21
1.19332e-20
4.78634e-22
-4.5526e-27
3.99936e-26
-1.04558e-24
2.24361e-23
-3.90874e-22
4.60058e-21
-1.98291e-20
2.51541e-19
5.84696e-19
-2.80998e-20
-7.45308e-26
5.40837e-25
-1.44873e-23
3.11654e-22
-5.8251e-21
7.17564e-20
-3.52727e-19
4.58799e-18
9.12854e-18
-4.6813e-19
-1.3757e-24
9.09307e-24
-2.43244e-22
5.07045e-21
-1.01407e-19
1.28433e-18
-6.63606e-18
9.55638e-17
1.44661e-16
-8.14841e-18
-3.27453e-23
1.90764e-22
-4.85539e-21
9.52543e-20
-1.90149e-18
2.38928e-17
-1.12241e-16
2.04028e-15
2.20937e-15
-1.31462e-16
-3.89196e-22
2.07666e-21
-5.53475e-20
1.02969e-18
-2.24802e-17
2.83274e-16
-1.13664e-15
2.76707e-14
1.97357e-14
-1.35448e-15
-8.99373e-21
4.96931e-20
-1.07384e-18
1.98647e-17
-3.50393e-16
4.07019e-15
-1.03879e-14
4.85213e-13
3.01792e-13
-2.24244e-14
-4.38848e-20
2.75418e-19
-4.73934e-18
8.83268e-17
-1.35727e-15
1.5282e-14
-3.63335e-15
2.32561e-12
2.09428e-12
-1.48578e-13
1.02525e-21
-2.56875e-21
4.07313e-20
-1.49271e-18
2.16688e-17
-1.92355e-16
-8.95299e-16
-1.61302e-15
5.14464e-14
3.89146e-15
3.09745e-31
-6.21368e-30
-3.39002e-29
3.4217e-27
-7.78098e-26
1.14497e-24
-5.56998e-24
3.10961e-23
-3.8114e-23
-1.43323e-24
6.9856e-30
4.85095e-28
-1.87445e-26
4.31597e-25
-6.32286e-24
7.10266e-23
-2.73352e-22
2.99318e-21
3.32118e-21
2.5593e-22
-1.33652e-27
1.45415e-26
-4.21939e-25
8.85497e-24
-1.40878e-22
1.68992e-21
-6.85833e-21
9.63871e-20
2.10737e-19
-1.27309e-20
-2.13873e-26
1.87153e-25
-5.70032e-24
1.2148e-22
-2.07227e-21
2.61144e-20
-1.23242e-19
1.72218e-18
3.34664e-18
-2.17048e-19
-3.86536e-25
3.04321e-24
-9.36001e-23
1.95482e-21
-3.58043e-20
4.68145e-19
-2.37138e-18
3.59535e-17
5.40985e-17
-3.77852e-18
-9.89013e-24
6.72418e-23
-1.94507e-21
3.81374e-20
-6.921e-19
9.01535e-18
-4.13923e-17
8.02011e-16
8.68561e-16
-6.61179e-17
-1.21007e-22
7.34588e-22
-2.20028e-20
4.13855e-19
-8.15346e-18
1.07676e-16
-4.26975e-16
1.0938e-14
7.84429e-15
-6.8673e-16
-3.00255e-21
1.94795e-20
-4.65968e-19
8.54584e-18
-1.35797e-16
1.64567e-15
-3.66403e-15
1.99376e-13
1.26483e-13
-1.2318e-14
-1.48053e-20
1.10277e-19
-2.07729e-18
3.76722e-17
-5.32819e-16
6.30949e-15
4.74176e-16
9.55102e-13
8.74331e-13
-7.97035e-14
3.55858e-22
-8.60585e-22
1.20729e-20
-5.19684e-19
7.5404e-18
-7.52122e-17
-2.52571e-16
-8.60122e-16
1.49875e-14
1.86298e-15
4.36088e-32
-2.15183e-30
-1.03848e-29
1.19076e-27
-2.65317e-26
4.14198e-25
-1.92227e-24
1.14562e-23
-1.56692e-23
-1.43705e-24
3.84922e-30
1.78744e-28
-7.54246e-27
1.65003e-25
-2.2662e-24
2.59795e-23
-9.06667e-23
1.09226e-21
8.72333e-22
1.34681e-22
-4.06999e-28
5.38354e-27
-1.70587e-25
3.37674e-24
-4.93507e-23
6.05749e-22
-2.25537e-21
3.65071e-20
7.53409e-20
-5.09818e-21
-6.24386e-27
6.54848e-26
-2.25421e-24
4.58443e-23
-7.17141e-22
9.27188e-21
-4.11627e-20
6.36766e-19
1.21195e-18
-8.92638e-20
-1.08572e-25
1.01677e-24
-3.60687e-23
7.28448e-22
-1.2277e-20
1.66123e-19
-8.11064e-19
1.32222e-17
1.98599e-17
-1.55719e-18
-2.97422e-24
2.36223e-23
-7.8181e-22
1.47775e-20
-2.45118e-19
3.31324e-18
-1.45169e-17
3.08739e-16
3.3511e-16
-2.92911e-17
-3.75408e-23
2.57382e-22
-8.74249e-21
1.60275e-19
-2.87137e-18
3.97327e-17
-1.51302e-16
4.21704e-15
3.05388e-15
-3.11358e-16
-9.99759e-22
7.60947e-21
-2.01764e-19
3.53449e-18
-5.10695e-17
6.44601e-16
-1.14374e-15
8.01824e-14
5.18392e-14
-5.93743e-15
-4.94213e-21
4.3926e-20
-9.02585e-19
1.54698e-17
-2.0283e-16
2.5166e-15
1.30899e-15
3.84729e-13
3.5774e-13
-3.72149e-14
1.15837e-22
-2.85534e-22
3.4452e-21
-1.83786e-19
2.57327e-18
-2.8534e-17
-6.82594e-17
-3.59812e-16
4.043e-15
8.78116e-16
1.48056e-34
-6.98512e-31
-3.48822e-30
4.0548e-28
-8.85235e-27
1.44886e-25
-6.36274e-25
4.08252e-24
-5.71016e-24
-7.92363e-25
1.43853e-30
6.39387e-29
-2.92957e-27
6.14894e-26
-8.03862e-25
9.42479e-24
-2.93947e-23
3.94403e-22
2.08938e-22
5.97763e-23
-1.2101e-28
1.9832e-27
-6.72998e-26
1.25924e-24
-1.71378e-23
2.15299e-22
-7.18939e-22
1.36999e-20
2.66019e-20
-1.7958e-21
-1.77061e-27
2.28693e-26
-8.71626e-25
1.69006e-23
-2.4585e-22
3.26122e-21
-1.34294e-20
2.33246e-19
4.33317e-19
-3.25616e-20
-2.94575e-26
3.38004e-25
-1.36163e-23
2.65117e-22
-4.1607e-21
5.82121e-20
-2.71609e-19
4.8003e-18
7.20548e-18
-5.73205e-19
-8.57533e-25
8.23024e-24
-3.07269e-22
5.58115e-21
-8.57503e-20
1.2002e-18
-4.95419e-18
1.17027e-16
1.27399e-16
-1.14982e-17
-1.13081e-23
9.05343e-23
-3.40511e-21
6.02989e-20
-9.95799e-19
1.43882e-17
-5.18028e-17
1.59915e-15
1.17791e-15
-1.27364e-16
-3.17074e-22
2.94369e-21
-8.48952e-20
1.41699e-18
-1.89222e-17
2.47638e-16
-3.1514e-16
3.16531e-14
2.08308e-14
-2.50932e-15
-1.5301e-21
1.68476e-20
-3.77414e-19
6.17092e-18
-7.61365e-17
9.85146e-16
9.774e-16
1.52048e-13
1.42735e-13
-1.49062e-14
3.39197e-23
-9.00368e-23
8.74791e-22
-6.12812e-20
8.04679e-19
-9.71081e-18
-1.79513e-17
-1.39402e-16
9.95112e-16
3.58706e-16
-3.40253e-33
-2.27474e-31
-1.37181e-30
1.4198e-28
-2.99312e-27
5.11623e-26
-2.09725e-25
1.50788e-24
-1.99177e-24
-3.97968e-25
5.07267e-31
2.21777e-29
-1.13834e-27
2.29496e-26
-2.86111e-25
3.44104e-24
-9.23403e-24
1.45983e-22
3.9828e-23
2.54425e-23
-3.67359e-29
7.06292e-28
-2.64352e-26
4.68262e-25
-5.95825e-24
7.6807e-23
-2.18798e-22
5.2334e-21
9.52277e-21
-6.13231e-22
-5.0543e-28
7.61149e-27
-3.35031e-25
6.20091e-24
-8.42359e-23
1.1486e-21
-4.25784e-21
8.66638e-20
1.56951e-19
-1.15336e-20
-7.9303e-27
1.05471e-25
-5.08698e-24
9.56525e-23
-1.40472e-21
2.03499e-20
-8.92016e-20
1.75446e-18
2.6422e-18
-2.04411e-19
-2.45582e-25
2.6998e-24
-1.19976e-22
2.09303e-21
-2.99452e-20
4.34355e-19
-1.64446e-18
4.48341e-17
4.90923e-17
-4.38417e-18
-3.40636e-24
2.99158e-23
-1.31123e-21
2.23732e-20
-3.43114e-19
5.1792e-18
-1.71394e-17
6.10785e-16
4.61265e-16
-5.10643e-17
-1.00984e-22
1.09677e-21
-3.55175e-20
5.64397e-19
-7.00429e-18
9.49983e-17
-5.98849e-17
1.26538e-14
8.50049e-15
-1.03436e-15
-4.75075e-22
6.32167e-21
-1.57269e-19
2.45725e-18
-2.85912e-17
3.85385e-16
6.26754e-16
6.09253e-14
5.77676e-14
-5.81808e-15
1.00019e-23
-2.80536e-23
1.82911e-22
-2.05662e-20
2.47013e-19
-3.23453e-18
-5.06061e-18
-4.95557e-17
2.1405e-16
1.43985e-16
-1.24822e-33
-5.66102e-32
-3.70142e-31
3.90629e-29
-8.0336e-28
1.41181e-26
-5.39414e-26
4.23889e-25
-5.25072e-25
-1.2039e-25
1.29572e-31
5.96163e-30
-3.36206e-28
6.68235e-27
-8.09034e-26
9.95774e-25
-2.28803e-24
4.24942e-23
3.03837e-24
7.38388e-24
-8.74427e-30
2.00402e-28
-7.95916e-27
1.36127e-25
-1.65311e-24
2.17727e-23
-5.18961e-23
1.56882e-21
2.67788e-21
-1.56063e-22
-1.14182e-28
2.04713e-27
-9.90428e-26
1.77916e-24
-2.30609e-23
3.21747e-22
-1.07008e-21
2.54035e-20
4.46749e-20
-3.04955e-21
-1.70119e-27
2.67828e-26
-1.47019e-24
2.70558e-23
-3.79511e-22
5.65481e-21
-2.33291e-20
5.06297e-19
7.62762e-19
-5.46581e-20
-5.52285e-26
7.13648e-25
-3.59199e-23
6.10222e-22
-8.31308e-21
1.24125e-19
-4.31884e-19
1.34415e-17
1.47529e-17
-1.23542e-18
-8.11995e-25
8.11545e-24
-3.8899e-22
6.44029e-21
-9.3795e-20
1.46599e-18
-4.46035e-18
1.82736e-16
1.41645e-16
-1.5195e-17
-2.47937e-23
3.23606e-22
-1.12585e-20
1.73001e-19
-2.04159e-18
2.84758e-17
-1.54865e-18
3.92795e-15
2.67556e-15
-3.08031e-16
-1.10657e-22
1.82296e-21
-4.94175e-20
7.53883e-19
-8.44162e-18
1.17579e-16
2.53945e-16
1.89253e-14
1.79398e-14
-1.61444e-15
2.16681e-24
-6.97752e-24
2.51313e-23
-5.01203e-21
5.59338e-20
-7.81242e-19
-1.13406e-18
-1.48874e-17
3.01857e-17
3.93548e-17
)
;

boundaryField
{
    flowInlet
    {
        type            fixedValue;
        value           uniform 0;
    }
    flowOutlet
    {
        type            zeroGradient;
    }
    minorInlet
    {
        type            fixedValue;
        value           uniform 1000;
    }
    pipe
    {
        type            zeroGradient;
    }
    topSurf
    {
        type            zeroGradient;
    }
    bottomSurf
    {
        type            zeroGradient;
    }
    innerSurf
    {
        type            zeroGradient;
    }
    outerSurf
    {
        type            zeroGradient;
    }
}


// ************************************************************************* //
