/*--------------------------------*- C++ -*----------------------------------*\
| =========                 |                                                 |
| \\      /  F ield         | OpenFOAM: The Open Source CFD Toolbox           |
|  \\    /   O peration     | Version:  1.7.x                                 |
|   \\  /    A nd           | Web:      www.OpenFOAM.com                      |
|    \\/     M anipulation  |                                                 |
\*---------------------------------------------------------------------------*/
FoamFile
{
    version     2.0;
    format      ascii;
    class       volScalarField;
    location    "0.4";
    object      p;
}
// * * * * * * * * * * * * * * * * * * * * * * * * * * * * * * * * * * * * * //

dimensions      [0 2 -2 0 0 0 0];

internalField   nonuniform List<scalar> 
8000
(
100073
100073
100073
100073
100073
100073
100073
100073
100073
100074
100073
100072
100072
100072
100072
100072
100072
100072
100073
100073
100073
100072
100072
100072
100072
100072
100072
100072
100072
100073
100072
100072
100072
100071
100071
100072
100072
100072
100072
100073
100072
100072
100072
100071
100071
100071
100072
100072
100072
100073
100072
100072
100072
100071
100071
100071
100072
100072
100072
100073
100072
100072
100072
100071
100071
100072
100072
100072
100072
100073
100073
100072
100072
100072
100072
100072
100072
100072
100072
100073
100073
100072
100072
100072
100072
100072
100072
100072
100073
100073
100073
100073
100073
100073
100073
100073
100073
100073
100073
100074
100072
100072
100072
100072
100072
100072
100072
100072
100073
100073
100072
100072
100072
100072
100072
100072
100072
100072
100072
100073
100072
100072
100071
100071
100071
100072
100072
100072
100072
100072
100072
100071
100071
100071
100071
100071
100072
100072
100072
100072
100072
100071
100071
100071
100071
100071
100072
100072
100072
100072
100072
100071
100071
100071
100071
100071
100072
100072
100072
100072
100072
100071
100071
100071
100071
100071
100072
100072
100072
100072
100072
100072
100071
100071
100071
100072
100072
100072
100072
100072
100072
100072
100072
100072
100072
100072
100072
100072
100072
100073
100072
100072
100072
100072
100072
100072
100072
100072
100073
100073
100071
100071
100071
100071
100071
100071
100072
100072
100072
100072
100071
100071
100071
100071
100071
100071
100071
100072
100072
100072
100071
100071
100071
100071
100071
100071
100071
100072
100072
100072
100071
100071
100071
100071
100071
100071
100071
100071
100072
100072
100071
100071
100071
100071
100071
100071
100071
100071
100071
100072
100071
100071
100071
100071
100071
100071
100071
100071
100071
100072
100071
100071
100071
100071
100071
100071
100071
100071
100072
100072
100071
100071
100071
100071
100071
100071
100071
100072
100072
100072
100071
100071
100071
100071
100071
100071
100071
100072
100072
100072
100071
100071
100071
100071
100071
100071
100072
100072
100072
100072
100071
100071
100071
100071
100071
100071
100071
100071
100071
100071
100071
100071
100071
100071
100071
100071
100071
100071
100071
100071
100070
100070
100071
100071
100071
100071
100071
100071
100071
100071
100070
100070
100071
100071
100071
100071
100071
100071
100071
100071
100070
100070
100071
100071
100071
100071
100071
100071
100071
100071
100070
100070
100071
100071
100071
100071
100071
100071
100071
100071
100070
100070
100071
100071
100071
100071
100071
100071
100071
100071
100070
100070
100071
100071
100071
100071
100071
100071
100071
100071
100070
100070
100071
100071
100071
100071
100071
100071
100071
100071
100071
100071
100071
100071
100071
100071
100071
100071
100071
100071
100070
100070
100070
100070
100070
100071
100071
100071
100071
100071
100070
100070
100070
100070
100070
100071
100071
100071
100071
100071
100070
100070
100070
100070
100070
100071
100071
100071
100071
100071
100070
100070
100070
100070
100070
100071
100071
100071
100071
100071
100070
100070
100070
100070
100070
100070
100071
100071
100071
100071
100070
100070
100070
100070
100070
100070
100071
100071
100071
100071
100070
100070
100070
100070
100070
100070
100071
100071
100071
100071
100070
100070
100070
100070
100070
100071
100071
100071
100071
100071
100070
100070
100070
100070
100070
100070
100071
100071
100071
100071
100070
100070
100070
100070
100070
100071
100071
100071
100071
100071
100069
100069
100070
100070
100070
100070
100070
100071
100071
100071
100069
100069
100070
100070
100070
100070
100070
100070
100071
100071
100069
100069
100070
100070
100070
100070
100070
100070
100070
100071
100069
100069
100070
100070
100070
100070
100070
100070
100070
100070
100069
100069
100070
100070
100070
100070
100070
100070
100070
100070
100069
100069
100070
100070
100070
100070
100070
100070
100070
100070
100069
100069
100070
100070
100070
100070
100070
100070
100070
100070
100069
100069
100070
100070
100070
100070
100070
100070
100070
100071
100069
100069
100070
100070
100070
100070
100070
100070
100071
100071
100069
100069
100070
100070
100070
100070
100070
100070
100071
100071
100069
100069
100069
100069
100070
100070
100070
100070
100070
100070
100069
100069
100069
100069
100070
100070
100070
100070
100070
100070
100068
100069
100069
100069
100070
100070
100070
100070
100070
100070
100068
100069
100069
100069
100070
100070
100070
100070
100070
100070
100068
100069
100069
100069
100070
100070
100070
100070
100070
100070
100068
100069
100069
100069
100070
100070
100070
100070
100070
100070
100068
100069
100069
100069
100070
100070
100070
100070
100070
100070
100068
100069
100069
100069
100070
100070
100070
100070
100070
100070
100068
100069
100069
100069
100070
100070
100070
100070
100070
100070
100068
100069
100069
100069
100070
100070
100070
100070
100070
100070
100068
100068
100069
100069
100070
100070
100070
100070
100070
100070
100068
100068
100069
100069
100069
100070
100070
100070
100070
100070
100068
100068
100069
100069
100069
100070
100070
100070
100070
100070
100068
100068
100069
100069
100069
100070
100070
100070
100070
100070
100068
100068
100068
100069
100069
100070
100070
100070
100070
100070
100067
100068
100068
100069
100069
100070
100070
100070
100070
100070
100067
100068
100068
100069
100069
100070
100070
100070
100070
100070
100068
100068
100068
100069
100069
100070
100070
100070
100070
100070
100068
100068
100068
100069
100069
100070
100070
100070
100070
100070
100068
100068
100068
100069
100069
100070
100070
100070
100070
100070
100067
100068
100068
100069
100069
100070
100070
100070
100070
100070
100067
100067
100068
100069
100069
100070
100070
100070
100070
100070
100067
100067
100068
100069
100069
100070
100070
100070
100070
100070
100067
100067
100068
100069
100069
100069
100070
100069
100069
100069
100066
100067
100068
100069
100069
100069
100069
100069
100069
100069
100066
100067
100068
100069
100069
100069
100069
100069
100069
100069
100066
100067
100068
100068
100069
100069
100069
100069
100070
100069
100067
100067
100068
100068
100069
100069
100070
100069
100070
100070
100067
100067
100068
100069
100069
100069
100070
100070
100070
100070
100067
100067
100068
100069
100069
100069
100070
100070
100070
100070
100066
100067
100068
100069
100069
100070
100070
100070
100070
100071
100066
100067
100068
100069
100069
100070
100070
100070
100070
100070
100066
100067
100068
100069
100069
100070
100070
100069
100069
100070
100066
100067
100068
100069
100069
100070
100070
100069
100069
100070
100066
100067
100067
100068
100069
100070
100070
100069
100069
100070
100066
100067
100067
100068
100069
100069
100070
100069
100069
100070
100066
100067
100067
100068
100069
100069
100070
100069
100069
100070
100066
100067
100067
100068
100069
100069
100070
100069
100070
100070
100066
100067
100067
100068
100069
100069
100070
100069
100070
100071
100066
100067
100068
100068
100069
100069
100070
100070
100070
100071
100066
100066
100068
100069
100070
100070
100070
100070
100069
100070
100066
100066
100068
100069
100070
100070
100070
100070
100069
100070
100066
100066
100068
100069
100069
100070
100070
100069
100069
100070
100066
100066
100067
100069
100069
100070
100070
100069
100069
100070
100066
100066
100067
100069
100069
100070
100070
100069
100069
100070
100066
100066
100067
100069
100069
100070
100070
100069
100069
100070
100066
100066
100067
100069
100069
100070
100070
100069
100069
100070
100066
100066
100067
100069
100069
100069
100070
100069
100069
100070
100066
100066
100067
100069
100069
100069
100070
100069
100069
100070
100065
100066
100067
100068
100069
100069
100070
100070
100069
100070
100067
100065
100068
100069
100070
100070
100070
100070
100069
100070
100068
100065
100067
100069
100069
100070
100070
100070
100068
100072
100068
100064
100067
100069
100069
100070
100070
100070
100068
100072
100068
100064
100067
100069
100069
100070
100070
100070
100068
100072
100068
100064
100067
100069
100069
100070
100070
100070
100068
100072
100068
100064
100067
100069
100069
100070
100070
100069
100068
100072
100068
100064
100067
100069
100069
100070
100070
100069
100068
100072
100068
100064
100067
100069
100069
100069
100070
100069
100068
100072
100068
100064
100067
100068
100069
100069
100070
100069
100068
100072
100067
100065
100067
100068
100069
100069
100070
100070
100069
100071
100065
100064
100067
100069
100070
100070
100070
100070
100069
100071
100065
100063
100067
100069
100069
100070
100070
100070
100068
100071
100066
100062
100067
100069
100069
100070
100070
100070
100068
100071
100066
100062
100067
100069
100069
100070
100070
100070
100068
100071
100066
100062
100067
100069
100069
100070
100070
100070
100068
100071
100066
100062
100067
100069
100069
100070
100070
100070
100068
100071
100065
100062
100066
100068
100069
100069
100070
100070
100068
100071
100065
100062
100066
100068
100069
100069
100070
100070
100068
100071
100065
100062
100066
100068
100069
100069
100070
100070
100068
100071
100065
100063
100067
100068
100069
100069
100070
100070
100069
100071
100065
100063
100067
100069
100070
100070
100071
100071
100070
100073
100065
100063
100067
100068
100069
100070
100070
100070
100069
100072
100065
100062
100067
100068
100069
100070
100070
100070
100069
100072
100064
100062
100066
100068
100069
100070
100070
100070
100069
100072
100064
100061
100066
100068
100069
100070
100070
100070
100069
100072
100064
100061
100066
100068
100069
100070
100070
100070
100069
100072
100064
100061
100066
100068
100069
100070
100070
100070
100069
100072
100064
100062
100066
100068
100069
100069
100070
100070
100069
100072
100064
100062
100066
100068
100069
100069
100070
100070
100069
100072
100064
100063
100066
100068
100069
100069
100070
100070
100070
100073
100065
100064
100066
100068
100070
100070
100071
100071
100071
100074
100065
100063
100066
100068
100069
100070
100071
100070
100070
100074
100065
100063
100066
100068
100069
100070
100071
100071
100070
100073
100065
100062
100066
100068
100069
100070
100071
100071
100070
100073
100064
100062
100066
100068
100069
100070
100071
100071
100071
100073
100064
100062
100066
100068
100069
100070
100071
100071
100071
100073
100064
100062
100066
100068
100069
100070
100070
100071
100071
100073
100065
100062
100066
100068
100069
100070
100070
100071
100071
100073
100065
100063
100066
100067
100068
100069
100070
100070
100071
100074
100065
100063
100066
100067
100069
100069
100070
100071
100071
100074
100066
100064
100066
100068
100070
100070
100071
100071
100072
100076
100066
100064
100066
100068
100069
100070
100071
100070
100071
100075
100066
100064
100066
100068
100069
100070
100071
100071
100072
100075
100066
100063
100066
100068
100069
100070
100071
100071
100072
100075
100065
100063
100066
100068
100069
100070
100071
100071
100072
100075
100065
100063
100066
100068
100069
100070
100071
100071
100072
100075
100065
100063
100066
100067
100069
100070
100071
100071
100072
100075
100065
100063
100066
100067
100069
100070
100070
100071
100072
100075
100066
100063
100065
100067
100068
100069
100070
100071
100072
100075
100066
100064
100065
100067
100068
100069
100070
100071
100072
100075
100067
100065
100066
100068
100070
100070
100071
100071
100073
100077
100067
100065
100066
100068
100069
100070
100071
100071
100073
100077
100067
100065
100066
100068
100069
100070
100071
100072
100073
100077
100067
100064
100066
100068
100069
100070
100071
100072
100073
100077
100067
100064
100066
100068
100069
100070
100071
100072
100074
100077
100067
100064
100066
100068
100069
100070
100071
100072
100074
100077
100067
100064
100065
100067
100069
100070
100071
100072
100074
100076
100067
100064
100065
100067
100069
100070
100071
100072
100074
100076
100067
100064
100065
100067
100068
100069
100070
100071
100074
100076
100067
100064
100065
100067
100068
100069
100070
100072
100074
100077
100069
100066
100066
100068
100070
100070
100071
100072
100075
100078
100068
100065
100066
100068
100069
100070
100071
100072
100074
100078
100068
100065
100066
100068
100069
100071
100072
100073
100075
100078
100068
100065
100066
100068
100069
100071
100072
100073
100075
100078
100068
100065
100065
100068
100069
100071
100072
100073
100075
100078
100068
100065
100065
100068
100069
100070
100072
100074
100075
100078
100068
100065
100065
100067
100069
100070
100072
100073
100075
100077
100068
100065
100065
100067
100069
100070
100071
100073
100075
100077
100068
100065
100065
100067
100068
100069
100070
100072
100075
100077
100068
100065
100065
100067
100068
100069
100070
100072
100075
100077
100070
100066
100067
100068
100070
100070
100071
100073
100076
100079
100070
100066
100066
100068
100070
100070
100071
100073
100076
100079
100069
100066
100066
100068
100070
100071
100072
100074
100076
100079
100069
100066
100066
100068
100070
100071
100072
100074
100076
100079
100069
100065
100065
100068
100069
100071
100072
100075
100077
100078
100069
100065
100065
100068
100069
100070
100072
100075
100077
100078
100069
100065
100065
100068
100069
100070
100072
100075
100077
100078
100069
100065
100065
100067
100069
100070
100072
100075
100077
100078
100069
100065
100065
100067
100068
100069
100071
100074
100077
100078
100069
100066
100066
100067
100068
100069
100071
100074
100077
100077
100071
100067
100067
100068
100070
100070
100071
100074
100078
100079
100071
100067
100066
100068
100070
100070
100071
100074
100078
100079
100070
100066
100066
100068
100070
100071
100072
100075
100078
100079
100070
100066
100066
100068
100070
100071
100073
100075
100078
100079
100070
100066
100066
100068
100070
100071
100073
100076
100078
100079
100070
100066
100066
100068
100069
100070
100073
100076
100078
100078
100070
100066
100065
100068
100069
100070
100072
100076
100078
100078
100070
100066
100065
100067
100069
100070
100072
100076
100078
100077
100070
100066
100066
100067
100068
100069
100071
100075
100078
100077
100070
100067
100066
100067
100068
100069
100071
100075
100078
100077
100071
100068
100067
100069
100070
100070
100072
100075
100078
100080
100071
100067
100067
100069
100070
100070
100072
100075
100079
100080
100071
100067
100067
100069
100070
100071
100073
100076
100079
100080
100071
100067
100067
100069
100070
100071
100073
100076
100079
100079
100071
100067
100066
100068
100070
100071
100073
100077
100079
100079
100071
100067
100066
100068
100069
100071
100073
100077
100079
100078
100071
100067
100066
100068
100069
100070
100073
100077
100079
100078
100071
100067
100066
100068
100069
100070
100072
100077
100079
100078
100071
100067
100066
100067
100068
100069
100071
100077
100079
100077
100071
100067
100066
100067
100068
100069
100071
100076
100079
100077
100071
100068
100068
100069
100070
100070
100072
100075
100079
100079
100071
100068
100068
100069
100070
100070
100072
100076
100079
100079
100071
100068
100067
100069
100070
100071
100073
100076
100079
100079
100071
100068
100067
100069
100070
100071
100073
100077
100080
100079
100071
100068
100067
100069
100070
100071
100073
100077
100080
100079
100071
100068
100067
100068
100069
100070
100073
100077
100080
100078
100071
100067
100067
100068
100069
100070
100073
100078
100080
100078
100071
100067
100067
100068
100069
100070
100073
100078
100080
100078
100071
100067
100067
100067
100068
100069
100072
100077
100080
100078
100071
100068
100067
100067
100068
100068
100071
100077
100079
100078
100072
100069
100068
100069
100070
100070
100072
100075
100078
100078
100072
100068
100068
100069
100070
100070
100072
100075
100079
100078
100072
100068
100068
100069
100070
100071
100073
100076
100079
100078
100072
100068
100068
100069
100070
100071
100073
100076
100079
100078
100072
100068
100068
100069
100070
100071
100073
100077
100079
100078
100072
100068
100068
100069
100070
100070
100073
100077
100079
100078
100071
100068
100067
100068
100069
100070
100073
100077
100079
100078
100071
100068
100067
100068
100069
100069
100072
100078
100079
100077
100071
100068
100067
100067
100068
100068
100072
100077
100079
100077
100071
100068
100067
100067
100068
100068
100071
100077
100078
100077
100072
100069
100069
100070
100070
100070
100072
100074
100077
100076
100072
100069
100068
100070
100070
100070
100072
100075
100077
100076
100072
100069
100069
100070
100071
100071
100072
100075
100077
100076
100072
100069
100069
100069
100070
100071
100072
100076
100077
100076
100072
100069
100068
100069
100070
100071
100072
100076
100077
100077
100072
100069
100068
100069
100070
100070
100072
100076
100077
100077
100072
100069
100068
100068
100069
100070
100072
100076
100077
100077
100072
100069
100068
100068
100069
100069
100072
100076
100077
100077
100072
100068
100067
100068
100068
100068
100071
100076
100077
100077
100072
100069
100067
100067
100068
100068
100071
100075
100077
100077
100072
100070
100069
100070
100070
100070
100072
100074
100074
100074
100072
100070
100069
100070
100071
100070
100072
100074
100074
100073
100072
100070
100069
100070
100071
100071
100071
100074
100074
100074
100072
100070
100069
100070
100071
100071
100071
100074
100074
100074
100072
100070
100069
100070
100070
100070
100071
100074
100074
100074
100072
100069
100069
100069
100070
100070
100071
100074
100074
100075
100072
100069
100068
100069
100069
100069
100071
100074
100074
100075
100072
100069
100068
100068
100069
100068
100071
100074
100073
100075
100072
100069
100067
100068
100068
100068
100070
100074
100073
100075
100072
100069
100067
100068
100067
100067
100070
100074
100073
100075
100073
100070
100070
100071
100071
100070
100071
100072
100071
100070
100073
100070
100070
100071
100071
100070
100071
100072
100071
100070
100073
100070
100070
100071
100071
100071
100071
100072
100070
100070
100073
100070
100070
100070
100071
100071
100070
100072
100070
100071
100073
100070
100069
100070
100070
100070
100070
100072
100070
100072
100073
100070
100069
100070
100070
100069
100070
100072
100069
100072
100073
100070
100069
100069
100069
100069
100069
100072
100069
100072
100072
100070
100068
100068
100068
100068
100069
100072
100068
100072
100072
100069
100068
100068
100068
100067
100069
100071
100068
100073
100072
100069
100068
100068
100067
100067
100068
100071
100069
100073
100073
100071
100070
100071
100071
100070
100070
100071
100068
100066
100073
100071
100070
100071
100071
100070
100070
100070
100067
100065
100073
100071
100070
100071
100071
100070
100069
100070
100065
100066
100073
100071
100070
100071
100071
100070
100069
100069
100065
100067
100073
100071
100070
100070
100071
100069
100069
100068
100064
100068
100073
100071
100070
100070
100070
100069
100068
100068
100063
100069
100073
100070
100069
100069
100069
100068
100067
100068
100062
100069
100073
100070
100069
100069
100068
100067
100067
100068
100062
100069
100073
100070
100068
100068
100067
100066
100067
100068
100062
100070
100072
100070
100068
100068
100067
100066
100066
100067
100063
100071
100073
100071
100071
100072
100071
100070
100069
100069
100063
100060
100073
100071
100071
100072
100072
100070
100069
100068
100061
100060
100073
100071
100071
100071
100072
100070
100068
100067
100059
100061
100073
100071
100071
100071
100071
100069
100068
100066
100058
100062
100073
100071
100070
100071
100071
100069
100067
100065
100056
100064
100073
100071
100070
100070
100070
100068
100066
100064
100055
100064
100073
100071
100070
100069
100069
100067
100065
100064
100054
100064
100073
100071
100069
100069
100068
100066
100065
100063
100054
100065
100073
100070
100068
100068
100067
100065
100064
100063
100055
100066
100073
100070
100068
100068
100067
100065
100064
100063
100056
100067
100074
100072
100071
100072
100072
100070
100069
100067
100059
100054
100074
100072
100071
100072
100072
100069
100068
100066
100056
100053
100074
100072
100071
100072
100072
100069
100067
100064
100053
100054
100074
100072
100071
100071
100071
100069
100067
100063
100050
100057
100074
100072
100071
100071
100071
100068
100066
100061
100048
100059
100074
100071
100070
100070
100070
100067
100064
100060
100046
100059
100073
100071
100070
100070
100069
100066
100063
100059
100046
100060
100073
100071
100069
100069
100068
100065
100062
100059
100046
100060
100073
100071
100069
100068
100067
100064
100061
100058
100047
100062
100073
100071
100068
100068
100066
100063
100060
100058
100049
100063
100074
100072
100072
100072
100072
100069
100068
100066
100054
100047
100074
100073
100072
100073
100072
100069
100067
100064
100049
100047
100074
100072
100072
100072
100072
100069
100066
100061
100045
100048
100074
100072
100072
100072
100071
100068
100065
100059
100042
100050
100074
100072
100071
100071
100071
100067
100064
100057
100039
100053
100074
100072
100071
100071
100070
100066
100063
100056
100038
100054
100074
100072
100070
100070
100069
100065
100061
100055
100039
100055
100073
100071
100070
100069
100068
100063
100059
100054
100040
100056
100073
100071
100069
100068
100067
100062
100058
100053
100040
100058
100073
100071
100068
100067
100066
100062
100057
100053
100042
100059
100080
100081
100081
100083
100084
100086
100088
100091
100094
100098
100080
100081
100081
100082
100084
100086
100088
100090
100094
100097
100080
100081
100081
100082
100084
100086
100088
100090
100093
100096
100080
100080
100081
100082
100084
100086
100088
100090
100093
100096
100079
100080
100081
100082
100084
100086
100088
100090
100093
100096
100079
100080
100081
100082
100084
100086
100088
100090
100093
100096
100079
100080
100081
100082
100084
100086
100088
100090
100093
100096
100078
100080
100081
100082
100084
100086
100088
100090
100093
100097
100078
100080
100081
100082
100084
100086
100088
100091
100094
100097
100078
100080
100081
100082
100084
100086
100088
100091
100094
100099
100080
100080
100081
100082
100084
100086
100088
100091
100094
100097
100080
100080
100081
100082
100084
100086
100088
100090
100093
100095
100080
100080
100081
100082
100084
100086
100088
100090
100093
100095
100080
100080
100081
100082
100084
100086
100088
100090
100092
100095
100079
100080
100081
100082
100084
100086
100088
100090
100092
100094
100079
100080
100081
100082
100084
100086
100088
100090
100092
100095
100079
100080
100081
100082
100084
100086
100088
100090
100093
100095
100078
100079
100081
100082
100084
100086
100088
100090
100093
100095
100078
100079
100081
100082
100084
100086
100088
100090
100093
100096
100078
100079
100081
100082
100084
100086
100088
100091
100094
100097
100079
100079
100081
100082
100084
100085
100088
100090
100093
100096
100079
100079
100080
100082
100083
100085
100088
100090
100093
100094
100079
100079
100080
100082
100083
100086
100088
100090
100092
100094
100079
100079
100080
100082
100084
100086
100088
100090
100092
100094
100079
100079
100080
100082
100084
100086
100088
100090
100092
100093
100078
100079
100080
100082
100084
100086
100088
100090
100092
100094
100078
100079
100080
100082
100084
100086
100088
100090
100092
100094
100078
100079
100080
100082
100084
100086
100088
100090
100092
100094
100078
100079
100080
100082
100084
100086
100088
100090
100093
100095
100078
100079
100080
100082
100084
100086
100088
100091
100093
100096
100077
100078
100080
100081
100083
100085
100088
100090
100093
100095
100077
100078
100080
100081
100083
100085
100088
100090
100092
100094
100077
100078
100080
100081
100083
100085
100088
100090
100092
100093
100077
100078
100080
100081
100083
100085
100088
100090
100092
100093
100077
100078
100080
100081
100083
100085
100088
100090
100092
100093
100077
100078
100080
100081
100083
100086
100088
100090
100092
100093
100077
100079
100080
100082
100083
100086
100088
100090
100092
100093
100077
100079
100080
100082
100083
100086
100088
100090
100092
100094
100077
100079
100080
100082
100083
100086
100088
100090
100092
100094
100077
100079
100080
100082
100084
100086
100088
100091
100093
100095
100076
100077
100079
100081
100083
100085
100088
100090
100093
100095
100075
100077
100079
100081
100083
100085
100088
100090
100092
100093
100076
100077
100079
100081
100083
100085
100088
100090
100092
100093
100076
100077
100079
100081
100083
100085
100088
100090
100092
100093
100076
100077
100079
100081
100083
100085
100088
100090
100092
100093
100076
100078
100079
100081
100083
100085
100088
100090
100092
100093
100076
100078
100079
100081
100083
100085
100088
100090
100092
100093
100076
100078
100079
100081
100083
100086
100088
100090
100092
100093
100076
100078
100079
100081
100083
100086
100088
100090
100092
100094
100077
100078
100080
100081
100083
100086
100088
100091
100093
100095
100073
100075
100078
100080
100082
100085
100087
100090
100093
100095
100073
100075
100078
100080
100082
100085
100087
100090
100092
100094
100073
100076
100078
100080
100082
100085
100087
100090
100092
100093
100074
100076
100078
100080
100083
100085
100087
100090
100092
100093
100074
100076
100078
100080
100083
100085
100087
100090
100092
100093
100075
100076
100078
100081
100083
100085
100087
100090
100092
100093
100075
100077
100079
100081
100083
100085
100088
100090
100092
100093
100075
100077
100079
100081
100083
100085
100088
100090
100092
100093
100075
100077
100079
100081
100083
100085
100088
100090
100092
100094
100075
100077
100079
100081
100083
100085
100088
100090
100093
100095
100071
100073
100076
100079
100082
100084
100087
100090
100093
100095
100071
100074
100076
100079
100082
100084
100087
100090
100092
100094
100071
100074
100077
100079
100082
100085
100087
100090
100092
100093
100072
100074
100077
100080
100082
100085
100087
100090
100092
100093
100072
100075
100077
100080
100082
100085
100087
100090
100092
100093
100073
100075
100078
100080
100083
100085
100087
100090
100092
100093
100073
100076
100078
100080
100083
100085
100087
100090
100092
100093
100073
100076
100078
100081
100083
100085
100088
100090
100092
100093
100074
100076
100078
100081
100083
100085
100088
100090
100093
100094
100074
100076
100078
100081
100083
100085
100088
100090
100093
100095
100068
100071
100075
100078
100081
100084
100087
100090
100093
100096
100068
100072
100075
100079
100082
100084
100087
100089
100092
100095
100068
100072
100076
100079
100082
100084
100087
100089
100092
100094
100069
100073
100076
100079
100082
100084
100087
100089
100092
100094
100070
100073
100077
100079
100082
100085
100087
100089
100092
100094
100071
100074
100077
100080
100082
100085
100087
100089
100092
100094
100071
100074
100077
100080
100083
100085
100087
100090
100092
100094
100072
100075
100078
100080
100083
100085
100087
100090
100092
100094
100072
100075
100078
100080
100083
100085
100088
100090
100093
100095
100073
100075
100078
100080
100083
100085
100088
100090
100093
100096
100064
100070
100074
100078
100081
100084
100087
100090
100093
100097
100065
100070
100074
100078
100081
100084
100087
100089
100092
100096
100065
100070
100075
100078
100081
100084
100087
100089
100092
100095
100067
100071
100075
100079
100082
100084
100087
100089
100092
100095
100068
100072
100076
100079
100082
100084
100087
100089
100092
100095
100069
100073
100076
100079
100082
100084
100087
100089
100092
100095
100070
100073
100077
100079
100083
100084
100087
100089
100092
100095
100070
100074
100077
100079
100083
100084
100087
100090
100093
100095
100071
100074
100077
100080
100083
100085
100087
100090
100093
100096
100072
100074
100078
100080
100083
100085
100087
100090
100094
100097
100061
100069
100073
100078
100081
100084
100087
100090
100093
100099
100061
100069
100073
100078
100081
100084
100086
100089
100093
100098
100062
100070
100074
100078
100081
100084
100086
100089
100092
100097
100064
100070
100075
100078
100081
100084
100087
100089
100092
100097
100067
100071
100076
100079
100082
100084
100087
100089
100092
100096
100069
100072
100076
100079
100082
100084
100087
100089
100093
100096
100069
100072
100077
100079
100083
100084
100087
100089
100093
100096
100070
100073
100077
100079
100083
100084
100087
100090
100093
100097
100071
100073
100077
100079
100083
100085
100087
100090
100094
100097
100072
100074
100077
100080
100083
100085
100087
100090
100094
100098
100075
100074
100074
100074
100073
100068
100065
100060
100037
100030
100075
100074
100074
100074
100073
100068
100064
100056
100027
100026
100075
100074
100074
100074
100073
100068
100063
100052
100021
100026
100075
100074
100073
100073
100072
100067
100061
100049
100019
100029
100075
100073
100073
100072
100071
100065
100059
100047
100020
100034
100074
100073
100072
100071
100070
100064
100057
100045
100023
100039
100074
100072
100071
100070
100069
100062
100055
100043
100027
100043
100074
100072
100070
100069
100067
100060
100052
100043
100030
100046
100073
100071
100069
100068
100066
100058
100050
100042
100031
100048
100073
100071
100069
100067
100065
100057
100048
100042
100033
100049
100076
100076
100076
100077
100077
100072
100060
100052
100030
100014
100076
100076
100076
100077
100077
100071
100059
100048
100023
100011
100076
100075
100075
100076
100076
100070
100059
100046
100019
100015
100075
100075
100075
100075
100074
100068
100058
100043
100017
100020
100075
100074
100074
100074
100072
100066
100055
100039
100016
100026
100075
100074
100073
100072
100070
100063
100052
100036
100018
100031
100074
100073
100072
100071
100068
100061
100049
100033
100021
100035
100074
100072
100071
100069
100066
100057
100045
100032
100026
100037
100073
100071
100069
100067
100064
100054
100041
100031
100032
100040
100072
100071
100068
100065
100062
100050
100038
100030
100036
100040
100076
100076
100076
100077
100078
100074
100060
100043
100031
100030
100076
100076
100076
100077
100077
100073
100058
100040
100024
100027
100076
100075
100076
100076
100076
100071
100056
100039
100019
100027
100075
100075
100075
100075
100074
100068
100053
100036
100015
100028
100075
100074
100074
100074
100072
100065
100050
100033
100013
100029
100074
100074
100073
100072
100070
100062
100047
100031
100015
100030
100073
100073
100071
100070
100067
100058
100044
100030
100017
100031
100073
100072
100070
100068
100065
100055
100041
100029
100019
100033
100072
100070
100068
100066
100062
100051
100037
100027
100022
100037
100070
100069
100066
100063
100059
100046
100033
100025
100024
100038
100075
100076
100076
100076
100076
100072
100061
100046
100040
100041
100075
100075
100075
100076
100075
100071
100059
100044
100037
100039
100075
100075
100075
100075
100074
100068
100055
100040
100033
100037
100074
100074
100074
100074
100072
100066
100052
100036
100029
100036
100074
100073
100073
100072
100070
100063
100048
100032
100026
100036
100073
100073
100072
100071
100068
100060
100045
100031
100026
100036
100072
100071
100070
100069
100065
100056
100042
100030
100027
100036
100071
100070
100069
100066
100063
100053
100039
100030
100028
100038
100070
100069
100067
100064
100060
100049
100036
100031
100029
100041
100068
100067
100064
100061
100056
100044
100032
100029
100028
100045
100074
100075
100075
100074
100074
100070
100062
100053
100049
100050
100074
100074
100074
100074
100073
100068
100060
100051
100048
100050
100074
100074
100074
100073
100072
100067
100057
100048
100046
100049
100073
100073
100073
100072
100070
100064
100054
100044
100044
100049
100072
100072
100072
100071
100068
100062
100050
100041
100042
100048
100072
100071
100070
100069
100066
100059
100047
100038
100041
100048
100071
100070
100069
100067
100064
100056
100044
100037
100041
100048
100069
100069
100067
100065
100061
100052
100042
100037
100041
100047
100068
100067
100065
100062
100058
100049
100039
100037
100041
100047
100066
100065
100062
100059
100054
100044
100036
100036
100040
100046
100073
100073
100073
100073
100072
100068
100063
100057
100055
100056
100073
100073
100073
100072
100071
100068
100062
100056
100054
100056
100073
100072
100072
100071
100070
100066
100060
100055
100053
100056
100072
100072
100071
100070
100069
100064
100057
100052
100052
100055
100071
100071
100070
100069
100067
100062
100054
100049
100050
100054
100070
100070
100069
100068
100065
100060
100051
100047
100049
100053
100069
100069
100068
100066
100063
100057
100048
100045
100048
100053
100068
100067
100066
100064
100060
100054
100046
100044
100048
100052
100066
100065
100064
100061
100057
100050
100045
100044
100048
100052
100064
100063
100061
100058
100053
100047
100043
100044
100048
100054
100072
100072
100072
100071
100070
100068
100064
100060
100058
100059
100072
100072
100072
100071
100070
100067
100063
100060
100058
100059
100071
100071
100071
100070
100069
100066
100062
100058
100057
100059
100071
100071
100070
100069
100068
100065
100060
100057
100057
100058
100070
100070
100069
100068
100066
100063
100058
100055
100055
100058
100069
100069
100068
100067
100065
100061
100056
100053
100054
100057
100068
100067
100066
100065
100063
100058
100053
100051
100053
100057
100066
100066
100065
100063
100060
100056
100051
100049
100053
100056
100065
100064
100062
100060
100057
100052
100049
100049
100053
100056
100062
100061
100060
100057
100054
100050
100048
100049
100053
100057
100071
100071
100071
100070
100069
100067
100065
100062
100061
100061
100071
100071
100071
100070
100069
100067
100064
100061
100060
100061
100070
100070
100070
100069
100068
100066
100063
100061
100060
100061
100070
100069
100069
100068
100067
100065
100062
100060
100059
100060
100069
100069
100068
100067
100066
100064
100061
100058
100058
100060
100068
100067
100067
100066
100064
100062
100059
100057
100058
100059
100067
100066
100065
100064
100063
100060
100057
100055
100057
100059
100065
100065
100064
100062
100060
100057
100054
100053
100056
100059
100063
100063
100061
100060
100057
100054
100052
100052
100056
100059
100061
100060
100059
100057
100055
100052
100051
100052
100056
100059
100070
100070
100070
100069
100068
100067
100065
100063
100062
100062
100070
100070
100070
100069
100068
100066
100065
100063
100062
100062
100069
100069
100069
100068
100067
100066
100064
100062
100061
100062
100069
100069
100068
100067
100066
100065
100063
100061
100061
100061
100068
100068
100067
100066
100065
100064
100062
100060
100060
100061
100067
100067
100066
100065
100064
100062
100060
100059
100060
100061
100066
100065
100065
100064
100062
100061
100059
100058
100059
100060
100064
100064
100063
100062
100060
100058
100057
100056
100058
100060
100062
100062
100061
100059
100058
100056
100054
100055
100058
100060
100060
100059
100058
100057
100055
100054
100053
100055
100057
100060
100069
100069
100069
100068
100068
100066
100065
100064
100063
100063
100069
100069
100069
100068
100067
100066
100065
100063
100063
100063
100068
100068
100068
100067
100067
100065
100064
100063
100062
100062
100068
100068
100067
100067
100066
100065
100063
100062
100062
100062
100067
100067
100066
100066
100065
100064
100063
100062
100061
100062
100066
100066
100065
100065
100064
100063
100061
100061
100061
100061
100065
100064
100064
100063
100062
100061
100060
100059
100060
100061
100063
100063
100062
100061
100060
100059
100058
100058
100059
100060
100062
100061
100060
100059
100058
100057
100056
100057
100059
100060
100059
100059
100058
100057
100056
100055
100055
100056
100058
100059
100069
100069
100068
100068
100067
100066
100065
100064
100064
100063
100068
100068
100068
100067
100067
100066
100065
100064
100063
100063
100068
100068
100067
100067
100066
100065
100064
100063
100063
100063
100067
100067
100067
100066
100065
100065
100064
100063
100063
100063
100066
100066
100066
100065
100064
100064
100063
100062
100062
100062
100065
100065
100065
100064
100063
100063
100062
100061
100061
100062
100064
100064
100063
100063
100062
100061
100061
100060
100061
100061
100063
100062
100062
100061
100060
100060
100059
100059
100060
100060
100061
100060
100060
100059
100058
100057
100057
100058
100059
100060
100059
100058
100058
100057
100056
100056
100056
100057
100058
100059
100068
100068
100068
100067
100067
100066
100065
100064
100064
100064
100068
100068
100067
100067
100066
100066
100065
100064
100064
100064
100067
100067
100067
100066
100066
100065
100064
100064
100063
100063
100066
100066
100066
100066
100065
100064
100064
100063
100063
100063
100066
100066
100065
100065
100064
100064
100063
100063
100062
100062
100065
100064
100064
100064
100063
100062
100062
100062
100062
100062
100064
100063
100063
100062
100062
100061
100061
100061
100061
100061
100062
100062
100061
100061
100060
100060
100060
100060
100060
100061
100060
100060
100059
100059
100058
100058
100058
100058
100059
100060
100059
100058
100057
100057
100056
100056
100056
100057
100058
100059
100067
100067
100067
100067
100066
100066
100065
100065
100064
100064
100067
100067
100067
100066
100066
100065
100065
100064
100064
100064
100066
100066
100066
100066
100065
100065
100064
100064
100064
100064
100066
100066
100066
100065
100065
100064
100064
100063
100063
100063
100065
100065
100065
100064
100064
100063
100063
100063
100063
100063
100064
100064
100064
100063
100063
100062
100062
100062
100062
100062
100063
100063
100062
100062
100062
100061
100061
100061
100061
100061
100062
100061
100061
100060
100060
100060
100060
100060
100060
100061
100060
100059
100059
100058
100058
100058
100058
100058
100059
100060
100058
100058
100057
100057
100056
100056
100056
100057
100058
100059
100067
100067
100067
100066
100066
100065
100065
100065
100064
100064
100066
100066
100066
100066
100066
100065
100065
100064
100064
100064
100066
100066
100066
100065
100065
100065
100064
100064
100064
100064
100065
100065
100065
100065
100064
100064
100064
100063
100063
100063
100065
100065
100064
100064
100063
100063
100063
100063
100063
100063
100064
100064
100063
100063
100062
100062
100062
100062
100062
100062
100063
100062
100062
100062
100061
100061
100061
100061
100061
100061
100061
100061
100061
100060
100060
100060
100060
100060
100060
100061
100060
100059
100059
100058
100058
100058
100058
100058
100059
100059
100058
100058
100057
100056
100056
100056
100056
100057
100058
100058
100066
100066
100066
100066
100065
100065
100065
100065
100065
100064
100066
100066
100066
100065
100065
100065
100065
100064
100064
100064
100066
100066
100065
100065
100065
100064
100064
100064
100064
100064
100065
100065
100065
100064
100064
100064
100063
100063
100063
100063
100064
100064
100064
100063
100063
100063
100063
100063
100063
100063
100063
100063
100063
100062
100062
100062
100062
100062
100062
100062
100063
100062
100062
100061
100061
100061
100061
100061
100061
100061
100061
100061
100060
100060
100059
100059
100059
100060
100060
100061
100060
100059
100058
100058
100057
100057
100058
100058
100059
100059
100058
100057
100057
100056
100056
100056
100056
100057
100058
100058
100066
100066
100066
100065
100065
100065
100065
100064
100064
100064
100066
100066
100065
100065
100065
100064
100064
100064
100064
100064
100065
100065
100065
100064
100064
100064
100064
100064
100064
100064
100065
100065
100064
100064
100063
100063
100063
100063
100063
100063
100064
100064
100063
100063
100063
100062
100062
100062
100063
100063
100063
100063
100062
100062
100062
100061
100061
100062
100062
100062
100062
100062
100061
100061
100060
100060
100060
100061
100061
100062
100061
100061
100060
100059
100059
100059
100059
100060
100060
100061
100060
100059
100058
100057
100057
100057
100057
100058
100059
100060
100059
100058
100057
100056
100055
100055
100056
100057
100058
100059
100066
100066
100065
100065
100064
100064
100064
100064
100064
100064
100065
100065
100065
100064
100064
100064
100064
100064
100064
100064
100065
100065
100064
100064
100063
100063
100063
100063
100064
100064
100064
100064
100064
100063
100063
100063
100063
100063
100063
100063
100064
100063
100063
100062
100062
100062
100062
100062
100063
100063
100063
100063
100062
100061
100061
100061
100061
100061
100062
100062
100062
100062
100061
100060
100060
100060
100060
100060
100061
100062
100061
100060
100059
100059
100058
100058
100059
100059
100060
100061
100060
100059
100058
100057
100056
100056
100057
100058
100059
100060
100059
100058
100056
100055
100055
100055
100055
100056
100058
100059
100066
100065
100065
100064
100064
100063
100064
100064
100064
100065
100065
100065
100064
100064
100063
100063
100063
100064
100064
100064
100065
100065
100064
100063
100063
100062
100063
100063
100064
100064
100065
100064
100063
100062
100062
100062
100062
100063
100063
100064
100064
100063
100062
100061
100061
100061
100061
100062
100063
100063
100064
100063
100061
100060
100060
100060
100060
100061
100062
100063
100063
100062
100060
100059
100059
100059
100059
100060
100061
100062
100062
100061
100059
100058
100057
100057
100058
100059
100060
100061
100061
100059
100058
100056
100056
100056
100056
100058
100059
100060
100060
100058
100056
100055
100054
100054
100055
100056
100058
100060
100065
100064
100064
100063
100063
100063
100063
100063
100064
100064
100065
100064
100063
100063
100062
100062
100062
100063
100063
100064
100065
100063
100063
100062
100061
100061
100062
100062
100063
100064
100065
100063
100062
100061
100061
100061
100061
100062
100062
100064
100064
100062
100061
100060
100060
100060
100060
100061
100062
100063
100064
100062
100061
100060
100059
100059
100059
100060
100061
100063
100063
100061
100060
100058
100058
100058
100058
100059
100061
100063
100063
100060
100058
100057
100056
100056
100057
100058
100060
100062
100061
100059
100057
100056
100055
100055
100056
100057
100059
100061
100061
100058
100056
100054
100053
100053
100054
100056
100058
100060
100066
100065
100062
100061
100060
100060
100061
100062
100064
100066
100066
100065
100062
100060
100060
100060
100060
100061
100064
100066
100066
100064
100061
100060
100059
100059
100060
100061
100064
100066
100066
100064
100061
100059
100059
100059
100059
100060
100064
100065
100066
100064
100060
100058
100058
100058
100058
100060
100063
100065
100065
100063
100059
100058
100057
100057
100058
100059
100063
100065
100065
100062
100059
100057
100056
100056
100057
100058
100062
100064
100064
100061
100058
100056
100055
100055
100056
100057
100061
100064
100063
100060
100056
100055
100054
100054
100055
100056
100060
100062
100062
100059
100056
100054
100052
100052
100054
100056
100059
100062
100066
100063
100061
100059
100058
100058
100059
100060
100062
100065
100066
100063
100060
100059
100058
100058
100059
100060
100062
100065
100066
100063
100060
100059
100057
100057
100058
100060
100062
100065
100066
100062
100060
100058
100057
100057
100058
100060
100062
100065
100065
100062
100059
100057
100056
100056
100057
100059
100062
100065
100065
100062
100059
100057
100055
100055
100057
100059
100062
100065
100065
100061
100058
100056
100055
100055
100056
100058
100061
100064
100064
100061
100057
100055
100054
100054
100055
100057
100060
100064
100063
100060
100056
100054
100053
100053
100054
100056
100059
100063
100063
100059
100055
100053
100052
100052
100053
100056
100059
100062
100065
100061
100059
100058
100057
100057
100058
100059
100061
100064
100065
100061
100059
100058
100056
100056
100058
100059
100061
100064
100065
100061
100059
100057
100056
100056
100057
100059
100060
100064
100064
100061
100058
100057
100055
100055
100057
100058
100060
100064
100064
100060
100058
100056
100055
100055
100056
100058
100060
100064
100064
100060
100058
100056
100054
100054
100056
100058
100060
100064
100064
100060
100057
100055
100054
100054
100055
100057
100059
100063
100063
100059
100056
100054
100053
100053
100054
100056
100059
100063
100063
100058
100055
100053
100052
100052
100053
100055
100058
100062
100062
100058
100055
100053
100051
100051
100053
100055
100058
100062
100063
100059
100057
100056
100055
100055
100056
100057
100059
100063
100063
100059
100057
100056
100054
100054
100056
100057
100059
100063
100063
100059
100057
100055
100054
100054
100055
100057
100058
100062
100063
100058
100056
100055
100054
100054
100055
100056
100058
100062
100063
100058
100056
100054
100053
100053
100055
100056
100058
100062
100062
100058
100056
100054
100053
100053
100054
100056
100058
100062
100062
100057
100055
100053
100052
100052
100053
100055
100057
100062
100062
100057
100054
100053
100052
100052
100053
100055
100057
100061
100061
100056
100054
100052
100051
100051
100052
100054
100056
100061
100061
100056
100053
100052
100051
100051
100052
100054
100056
100061
100061
100056
100054
100053
100052
100052
100053
100054
100056
100061
100061
100056
100054
100053
100052
100052
100053
100054
100056
100061
100061
100056
100054
100053
100052
100052
100053
100054
100056
100061
100061
100056
100054
100052
100051
100051
100052
100054
100056
100061
100061
100056
100054
100052
100051
100051
100052
100054
100056
100061
100061
100056
100053
100052
100051
100051
100052
100053
100056
100060
100060
100055
100053
100051
100050
100050
100051
100053
100055
100060
100060
100055
100052
100051
100050
100050
100051
100052
100055
100060
100060
100054
100052
100050
100049
100049
100050
100052
100054
100059
100059
100054
100052
100050
100049
100049
100050
100052
100054
100059
100059
100053
100051
100050
100049
100049
100050
100052
100053
100058
100059
100053
100051
100050
100049
100049
100050
100051
100053
100059
100059
100053
100051
100050
100049
100049
100050
100051
100053
100058
100059
100053
100051
100050
100049
100049
100050
100051
100053
100058
100058
100053
100051
100049
100048
100048
100049
100051
100053
100058
100058
100053
100051
100049
100048
100048
100049
100051
100053
100058
100058
100052
100050
100049
100048
100048
100049
100050
100053
100058
100058
100052
100050
100048
100047
100047
100048
100050
100052
100058
100057
100052
100049
100048
100047
100047
100048
100050
100052
100057
100057
100051
100049
100048
100047
100047
100048
100049
100052
100057
100056
100050
100048
100046
100046
100046
100047
100048
100050
100056
100056
100050
100048
100046
100046
100046
100047
100048
100050
100056
100056
100050
100048
100046
100046
100046
100046
100048
100050
100056
100056
100049
100047
100046
100045
100046
100046
100048
100050
100056
100055
100049
100047
100046
100045
100045
100046
100047
100050
100055
100055
100049
100047
100046
100045
100045
100046
100047
100049
100055
100055
100049
100047
100045
100045
100045
100046
100047
100049
100055
100055
100049
100046
100045
100044
100045
100045
100047
100049
100055
100055
100048
100046
100045
100044
100045
100045
100046
100048
100055
100054
100048
100046
100045
100044
100044
100045
100046
100048
100054
100051
100045
100043
100042
100042
100042
100042
100043
100045
100051
100051
100045
100043
100042
100042
100042
100042
100043
100045
100051
100051
100044
100043
100042
100042
100042
100042
100043
100045
100051
100051
100044
100043
100042
100042
100042
100042
100043
100045
100051
100051
100044
100043
100042
100042
100042
100042
100043
100045
100051
100051
100044
100043
100042
100041
100041
100042
100043
100044
100051
100051
100044
100042
100042
100041
100041
100042
100043
100044
100051
100050
100044
100042
100041
100041
100041
100041
100042
100044
100051
100050
100043
100042
100041
100041
100041
100041
100042
100044
100050
100050
100043
100042
100041
100041
100041
100041
100042
100043
100050
100045
100038
100038
100037
100037
100037
100038
100038
100038
100045
100045
100038
100037
100037
100037
100038
100038
100038
100038
100045
100045
100038
100037
100037
100037
100038
100038
100038
100038
100045
100045
100038
100037
100037
100037
100037
100037
100037
100038
100045
100045
100038
100037
100037
100037
100037
100037
100037
100038
100045
100044
100038
100037
100037
100037
100037
100037
100037
100038
100045
100044
100038
100037
100037
100037
100037
100037
100037
100038
100045
100044
100037
100037
100037
100037
100037
100037
100037
100038
100044
100044
100037
100037
100037
100037
100037
100037
100037
100037
100044
100044
100037
100037
100037
100037
100037
100037
100037
100037
100044
100034
100029
100031
100032
100032
100032
100032
100031
100030
100035
100034
100029
100031
100032
100032
100033
100032
100031
100030
100034
100034
100029
100031
100032
100032
100033
100032
100031
100029
100034
100033
100029
100031
100032
100032
100032
100032
100031
100029
100034
100033
100029
100031
100032
100032
100032
100032
100031
100029
100034
100033
100028
100031
100032
100032
100032
100032
100031
100029
100034
100033
100028
100030
100032
100032
100032
100032
100031
100029
100034
100033
100028
100030
100032
100032
100032
100032
100031
100029
100034
100033
100029
100031
100032
100032
100032
100032
100031
100029
100034
100033
100028
100031
100032
100032
100032
100032
100031
100029
100034
100017
100019
100024
100026
100027
100027
100026
100024
100020
100018
100016
100019
100024
100026
100027
100027
100026
100024
100019
100017
100015
100018
100024
100026
100027
100027
100026
100024
100019
100016
100015
100018
100024
100026
100027
100027
100026
100024
100018
100016
100015
100018
100023
100026
100027
100027
100026
100024
100018
100015
100015
100018
100023
100026
100027
100027
100026
100024
100018
100015
100015
100018
100023
100026
100027
100027
100026
100024
100018
100016
100015
100018
100024
100026
100027
100027
100026
100024
100018
100016
100016
100018
100024
100026
100027
100027
100026
100024
100019
100016
100017
100019
100024
100026
100027
100027
100026
100024
100019
100017
99992.2
100010
100018
100019
100021
100021
100020
100018
100010
99992.7
99989.2
100009
100018
100020
100021
100021
100020
100018
100009
99989.7
99987.7
100008
100017
100020
100021
100021
100020
100018
100009
99988.2
99987
100008
100017
100020
100021
100021
100020
100018
100009
99987.6
99986.7
100008
100017
100020
100021
100021
100020
100017
100008
99987.3
99986.7
100008
100017
100020
100021
100021
100020
100017
100008
99987.3
99987
100008
100017
100020
100021
100021
100020
100018
100009
99987.6
99987.6
100009
100017
100020
100021
100021
100020
100018
100009
99988.2
99989.3
100009
100018
100020
100021
100021
100020
100018
100010
99989.8
99992.7
100010
100018
100020
100021
100021
100020
100018
100011
99993.2
99988.1
100005
100011
100014
100015
100015
100014
100011
100005
99988.5
99985.3
100004
100011
100014
100015
100015
100014
100012
100004
99985.7
99983.8
100003
100011
100014
100015
100015
100014
100011
100004
99984.2
99983.1
100003
100011
100014
100015
100015
100014
100011
100004
99983.5
99982.7
100003
100011
100014
100015
100015
100014
100011
100003
99983.2
99982.8
100003
100011
100014
100015
100015
100014
100011
100003
99983.2
99983.2
100003
100011
100014
100015
100015
100014
100011
100004
99983.6
99984
100004
100011
100014
100015
100015
100014
100012
100004
99984.4
99985.5
100004
100012
100014
100015
100016
100014
100012
100005
99985.9
99989.1
100006
100012
100014
100016
100016
100014
100012
100006
99989.5
99996.4
100004
100007
100009
100011
100011
100009
100007
100004
99996.7
99994.7
100003
100007
100009
100011
100011
100009
100007
100004
99995
99994
100003
100007
100009
100011
100011
100009
100007
100003
99994.3
99993.6
100003
100007
100009
100011
100011
100009
100007
100003
99993.9
99993.4
100003
100007
100009
100011
100011
100009
100007
100003
99993.7
99993.4
100003
100007
100009
100011
100011
100009
100007
100003
99993.7
99993.8
100003
100007
100009
100011
100011
100009
100007
100003
99994.1
99994.3
100003
100007
100009
100011
100011
100009
100007
100004
99994.5
99995.1
100004
100007
100009
100011
100011
100009
100007
100004
99995.3
99997
100005
100007
100009
100011
100011
100010
100008
100005
99997.2
100003
100004
100005
100006
100007
100007
100006
100005
100004
100003
100002
100004
100005
100006
100007
100007
100006
100005
100005
100002
100002
100005
100004
100006
100007
100007
100006
100005
100005
100002
100002
100005
100004
100006
100007
100007
100006
100004
100005
100002
100002
100005
100004
100006
100007
100007
100006
100004
100005
100002
100002
100005
100004
100006
100007
100007
100006
100004
100005
100002
100002
100005
100004
100006
100007
100007
100006
100005
100005
100002
100002
100005
100005
100006
100007
100008
100006
100005
100005
100002
100002
100005
100005
100006
100008
100008
100006
100005
100005
100002
100003
100005
100005
100006
100008
100008
100007
100005
100005
100003
100005
100005
100004
100005
100005
100005
100005
100004
100005
100005
100005
100005
100004
100004
100005
100005
100004
100004
100005
100005
100005
100005
100004
100004
100005
100005
100004
100004
100005
100005
100005
100005
100004
100004
100005
100005
100004
100004
100005
100005
100005
100005
100004
100004
100005
100005
100004
100004
100005
100005
100005
100005
100004
100004
100005
100005
100004
100004
100005
100005
100005
100005
100004
100004
100005
100005
100004
100004
100006
100005
100005
100006
100004
100004
100005
100005
100004
100004
100006
100005
100005
100005
100004
100005
100005
100005
100005
100004
100006
100005
100005
100005
100004
100005
100006
100006
100005
100004
100005
100005
100004
100004
100004
100004
100004
100004
100004
100004
100005
100004
100004
100005
100004
100004
100004
100004
100004
100004
100005
100004
100004
100005
100004
100004
100004
100004
100004
100004
100005
100004
100004
100005
100004
100004
100004
100004
100004
100004
100005
100004
100004
100005
100004
100004
100004
100004
100004
100004
100005
100004
100004
100005
100004
100004
100004
100004
100004
100004
100005
100004
100004
100005
100004
100004
100004
100004
100004
100004
100005
100005
100004
100005
100004
100004
100004
100004
100004
100004
100005
100004
100004
100005
100004
100004
100004
100004
100004
100004
100005
100004
100004
100005
100004
100004
100004
100004
100004
100004
100005
100004
100003
100004
100003
100003
100003
100003
100003
100003
100004
100003
100003
100004
100003
100003
100003
100003
100003
100003
100004
100003
100003
100004
100003
100003
100003
100003
100003
100003
100004
100003
100003
100004
100003
100003
100003
100003
100003
100003
100004
100003
100003
100004
100003
100003
100003
100003
100003
100003
100004
100003
100003
100004
100003
100003
100003
100003
100003
100003
100004
100003
100003
100004
100003
100003
100004
100004
100003
100003
100004
100003
100003
100004
100003
100003
100003
100004
100003
100003
100004
100003
100003
100004
100003
100003
100003
100003
100003
100003
100004
100003
100003
100004
100003
100004
100003
100003
100004
100003
100004
100003
100002
100002
100002
100003
100003
100003
100003
100002
100002
100002
100002
100003
100003
100003
100003
100003
100003
100003
100003
100002
100002
100003
100003
100003
100003
100003
100003
100003
100003
100002
100002
100003
100003
100003
100003
100003
100003
100003
100003
100002
100002
100003
100003
100003
100003
100003
100003
100003
100003
100002
100002
100003
100003
100003
100003
100003
100003
100003
100003
100002
100002
100003
100003
100003
100003
100003
100003
100003
100003
100002
100002
100003
100003
100003
100003
100003
100003
100003
100003
100002
100002
100003
100003
100003
100003
100003
100003
100003
100003
100002
100002
100002
100003
100003
100003
100003
100003
100003
100002
100002
100001
100001
100001
100002
100002
100002
100002
100001
100001
100001
100001
100001
100001
100002
100002
100002
100002
100002
100001
100001
100001
100002
100002
100002
100002
100002
100002
100002
100002
100001
100001
100002
100002
100002
100002
100002
100002
100002
100002
100001
100001
100002
100002
100002
100002
100002
100002
100002
100002
100001
100001
100002
100002
100002
100002
100002
100002
100002
100002
100001
100001
100002
100002
100002
100002
100002
100002
100002
100002
100001
100001
100002
100002
100002
100002
100002
100002
100002
100002
100001
100001
100002
100002
100002
100002
100002
100002
100002
100002
100001
100001
100001
100002
100002
100002
100002
100002
100002
100001
100001
100000
100000
100000
100001
100001
100001
100001
100000
100000
100000
100000
100000
100000
100001
100001
100001
100001
100000
100000
100000
100000
100001
100000
100001
100001
100001
100001
100000
100001
100000
100000
100001
100000
100001
100001
100001
100001
100000
100001
100000
100000
100001
100000
100001
100001
100001
100001
100000
100001
100000
100000
100001
100000
100001
100001
100001
100001
100000
100001
100000
100000
100001
100000
100001
100001
100001
100001
100000
100001
100000
100000
100001
100000
100001
100001
100001
100001
100000
100001
100000
100000
100000
100000
100001
100001
100001
100001
100000
100000
100000
100000
100000
100000
100001
100001
100001
100001
100000
100000
100000
)
;

boundaryField
{
    flowInlet
    {
        type            zeroGradient;
    }
    flowOutlet
    {
        type            fixedValue;
        value           uniform 100000;
    }
    minorInlet
    {
        type            zeroGradient;
    }
    pipe
    {
        type            zeroGradient;
    }
    topSurf
    {
        type            zeroGradient;
    }
    bottomSurf
    {
        type            zeroGradient;
    }
    innerSurf
    {
        type            zeroGradient;
    }
    outerSurf
    {
        type            zeroGradient;
    }
}


// ************************************************************************* //
