/*--------------------------------*- C++ -*----------------------------------*\
| =========                 |                                                 |
| \\      /  F ield         | OpenFOAM: The Open Source CFD Toolbox           |
|  \\    /   O peration     | Version:  1.7.x                                 |
|   \\  /    A nd           | Web:      www.OpenFOAM.com                      |
|    \\/     M anipulation  |                                                 |
\*---------------------------------------------------------------------------*/
FoamFile
{
    version     2.0;
    format      ascii;
    class       volScalarField;
    location    "0.4";
    object      conc;
}
// * * * * * * * * * * * * * * * * * * * * * * * * * * * * * * * * * * * * * //

dimensions      [0 -3 0 0 1 0 0];

internalField   nonuniform List<scalar> 
1000
(
1050.27
1057.13
824.559
479.12
215.204
79.9571
25.5068
7.10718
1.76871
0.337389
1050.27
1057.13
824.587
479.161
215.236
79.9731
25.5133
7.10934
1.76933
0.337524
1050.27
1057.13
824.587
479.161
215.235
79.973
25.5133
7.10934
1.76933
0.337524
1050.27
1057.13
824.587
479.16
215.235
79.973
25.5133
7.10934
1.76933
0.337524
1050.27
1057.13
824.587
479.16
215.235
79.973
25.5133
7.10933
1.76933
0.337524
1050.27
1057.13
824.587
479.16
215.235
79.973
25.5132
7.10933
1.76933
0.337524
1050.27
1057.13
824.587
479.16
215.235
79.973
25.5133
7.10934
1.76933
0.337524
1050.27
1057.13
824.587
479.161
215.235
79.973
25.5133
7.10934
1.76933
0.337524
1050.27
1057.13
824.587
479.161
215.235
79.973
25.5133
7.10934
1.76933
0.337524
1050.27
1057.13
824.562
479.123
215.207
79.9585
25.5074
7.10738
1.76876
0.337402
1050.27
1057.13
824.584
479.157
215.233
79.9716
25.5127
7.10914
1.76928
0.337512
1050.26
1057.13
824.613
479.198
215.264
79.9876
25.5191
7.11131
1.7699
0.337646
1050.26
1057.13
824.612
479.198
215.264
79.9876
25.5191
7.1113
1.7699
0.337646
1050.26
1057.13
824.612
479.198
215.264
79.9875
25.5191
7.1113
1.7699
0.337646
1050.26
1057.13
824.612
479.198
215.263
79.9875
25.5191
7.1113
1.7699
0.337646
1050.26
1057.13
824.612
479.198
215.263
79.9875
25.5191
7.1113
1.7699
0.337646
1050.26
1057.13
824.612
479.198
215.264
79.9875
25.5191
7.1113
1.7699
0.337646
1050.26
1057.13
824.612
479.198
215.264
79.9875
25.5191
7.1113
1.7699
0.337646
1050.26
1057.13
824.613
479.198
215.264
79.9876
25.5191
7.1113
1.7699
0.337646
1050.27
1057.13
824.587
479.161
215.235
79.973
25.5133
7.10934
1.76933
0.337524
1050.27
1057.13
824.584
479.157
215.233
79.9716
25.5127
7.10914
1.76928
0.337511
1050.26
1057.13
824.612
479.198
215.264
79.9876
25.5191
7.1113
1.7699
0.337646
1050.26
1057.13
824.612
479.198
215.264
79.9875
25.5191
7.1113
1.7699
0.337646
1050.26
1057.13
824.612
479.198
215.263
79.9875
25.5191
7.1113
1.7699
0.337646
1050.26
1057.13
824.612
479.198
215.263
79.9875
25.5191
7.1113
1.7699
0.337646
1050.26
1057.13
824.612
479.198
215.263
79.9875
25.5191
7.1113
1.7699
0.337646
1050.26
1057.13
824.612
479.198
215.263
79.9875
25.5191
7.1113
1.7699
0.337646
1050.26
1057.13
824.612
479.198
215.263
79.9875
25.5191
7.1113
1.7699
0.337646
1050.26
1057.13
824.612
479.198
215.264
79.9875
25.5191
7.1113
1.7699
0.337646
1050.27
1057.13
824.587
479.161
215.235
79.973
25.5133
7.10934
1.76933
0.337524
1050.27
1057.13
824.584
479.157
215.232
79.9715
25.5127
7.10914
1.76927
0.337511
1050.26
1057.13
824.612
479.198
215.264
79.9875
25.5191
7.1113
1.7699
0.337646
1050.26
1057.13
824.612
479.198
215.263
79.9875
25.5191
7.1113
1.7699
0.337646
1050.26
1057.13
824.612
479.197
215.263
79.9874
25.5191
7.1113
1.7699
0.337646
1050.26
1057.13
824.612
479.197
215.263
79.9874
25.5191
7.11129
1.7699
0.337646
1050.26
1057.13
824.612
479.197
215.263
79.9874
25.5191
7.11129
1.7699
0.337646
1050.26
1057.13
824.612
479.197
215.263
79.9874
25.5191
7.11129
1.7699
0.337646
1050.26
1057.13
824.612
479.198
215.263
79.9875
25.5191
7.1113
1.7699
0.337646
1050.26
1057.13
824.612
479.198
215.263
79.9875
25.5191
7.1113
1.7699
0.337646
1050.27
1057.13
824.587
479.16
215.235
79.973
25.5133
7.10934
1.76933
0.337524
1050.27
1057.13
824.584
479.157
215.232
79.9715
25.5127
7.10914
1.76927
0.337511
1050.26
1057.13
824.612
479.198
215.264
79.9875
25.5191
7.1113
1.7699
0.337646
1050.26
1057.13
824.612
479.198
215.263
79.9875
25.5191
7.1113
1.7699
0.337646
1050.26
1057.13
824.612
479.197
215.263
79.9874
25.5191
7.11129
1.7699
0.337646
1050.26
1057.13
824.612
479.197
215.263
79.9874
25.5191
7.11129
1.7699
0.337646
1050.26
1057.13
824.612
479.197
215.263
79.9874
25.5191
7.11129
1.7699
0.337646
1050.26
1057.13
824.612
479.197
215.263
79.9874
25.5191
7.11129
1.7699
0.337646
1050.26
1057.13
824.612
479.197
215.263
79.9875
25.5191
7.1113
1.7699
0.337646
1050.26
1057.13
824.612
479.198
215.263
79.9875
25.5191
7.1113
1.7699
0.337646
1050.27
1057.13
824.587
479.16
215.235
79.973
25.5132
7.10933
1.76933
0.337524
1050.27
1057.13
824.584
479.157
215.232
79.9715
25.5127
7.10914
1.76927
0.337511
1050.26
1057.13
824.612
479.198
215.264
79.9875
25.5191
7.1113
1.7699
0.337646
1050.26
1057.13
824.612
479.198
215.263
79.9875
25.5191
7.1113
1.7699
0.337646
1050.26
1057.13
824.612
479.197
215.263
79.9874
25.5191
7.11129
1.7699
0.337646
1050.26
1057.13
824.612
479.197
215.263
79.9874
25.5191
7.11129
1.7699
0.337646
1050.26
1057.13
824.612
479.197
215.263
79.9874
25.5191
7.11129
1.7699
0.337646
1050.26
1057.13
824.612
479.197
215.263
79.9874
25.5191
7.11129
1.7699
0.337646
1050.26
1057.13
824.612
479.197
215.263
79.9875
25.5191
7.1113
1.7699
0.337646
1050.26
1057.13
824.612
479.198
215.263
79.9875
25.5191
7.1113
1.7699
0.337646
1050.27
1057.13
824.587
479.16
215.235
79.973
25.5132
7.10933
1.76933
0.337524
1050.27
1057.13
824.584
479.157
215.232
79.9715
25.5127
7.10914
1.76927
0.337511
1050.26
1057.13
824.612
479.198
215.264
79.9875
25.5191
7.1113
1.7699
0.337646
1050.26
1057.13
824.612
479.198
215.263
79.9875
25.5191
7.1113
1.7699
0.337646
1050.26
1057.13
824.612
479.197
215.263
79.9874
25.5191
7.1113
1.7699
0.337646
1050.26
1057.13
824.612
479.197
215.263
79.9874
25.5191
7.11129
1.7699
0.337646
1050.26
1057.13
824.612
479.197
215.263
79.9874
25.5191
7.11129
1.7699
0.337646
1050.26
1057.13
824.612
479.197
215.263
79.9874
25.5191
7.11129
1.7699
0.337646
1050.26
1057.13
824.612
479.198
215.263
79.9875
25.5191
7.1113
1.7699
0.337646
1050.26
1057.13
824.612
479.198
215.263
79.9875
25.5191
7.1113
1.7699
0.337646
1050.27
1057.13
824.587
479.16
215.235
79.973
25.5133
7.10934
1.76933
0.337524
1050.27
1057.13
824.584
479.157
215.233
79.9716
25.5127
7.10914
1.76928
0.337512
1050.26
1057.13
824.612
479.198
215.264
79.9876
25.5191
7.1113
1.7699
0.337646
1050.26
1057.13
824.612
479.198
215.264
79.9875
25.5191
7.1113
1.7699
0.337646
1050.26
1057.13
824.612
479.198
215.263
79.9875
25.5191
7.1113
1.7699
0.337646
1050.26
1057.13
824.612
479.198
215.263
79.9875
25.5191
7.1113
1.7699
0.337646
1050.26
1057.13
824.612
479.198
215.263
79.9875
25.5191
7.1113
1.7699
0.337646
1050.26
1057.13
824.612
479.198
215.263
79.9875
25.5191
7.1113
1.7699
0.337646
1050.26
1057.13
824.612
479.198
215.263
79.9875
25.5191
7.1113
1.7699
0.337646
1050.26
1057.13
824.612
479.198
215.264
79.9875
25.5191
7.1113
1.7699
0.337646
1050.27
1057.13
824.587
479.161
215.235
79.973
25.5133
7.10934
1.76933
0.337524
1050.27
1057.13
824.585
479.157
215.233
79.9716
25.5127
7.10914
1.76928
0.337512
1050.26
1057.13
824.613
479.198
215.264
79.9876
25.5191
7.11131
1.7699
0.337646
1050.26
1057.13
824.612
479.198
215.264
79.9876
25.5191
7.1113
1.7699
0.337646
1050.26
1057.13
824.612
479.198
215.264
79.9875
25.5191
7.1113
1.7699
0.337646
1050.26
1057.13
824.612
479.198
215.263
79.9875
25.5191
7.1113
1.7699
0.337646
1050.26
1057.13
824.612
479.198
215.263
79.9875
25.5191
7.1113
1.7699
0.337646
1050.26
1057.13
824.612
479.198
215.264
79.9875
25.5191
7.1113
1.7699
0.337646
1050.26
1057.13
824.612
479.198
215.264
79.9876
25.5191
7.1113
1.7699
0.337646
1050.26
1057.13
824.613
479.198
215.264
79.9876
25.5191
7.11131
1.7699
0.337646
1050.27
1057.13
824.587
479.161
215.235
79.9731
25.5133
7.10934
1.76933
0.337524
1050.27
1057.13
824.559
479.12
215.204
79.9571
25.5068
7.10718
1.76871
0.337389
1050.27
1057.13
824.587
479.161
215.236
79.9731
25.5133
7.10934
1.76933
0.337524
1050.27
1057.13
824.587
479.161
215.235
79.973
25.5133
7.10934
1.76933
0.337524
1050.27
1057.13
824.587
479.16
215.235
79.973
25.5133
7.10934
1.76933
0.337524
1050.27
1057.13
824.587
479.16
215.235
79.973
25.5133
7.10933
1.76933
0.337524
1050.27
1057.13
824.587
479.16
215.235
79.973
25.5133
7.10933
1.76933
0.337524
1050.27
1057.13
824.587
479.16
215.235
79.973
25.5133
7.10934
1.76933
0.337524
1050.27
1057.13
824.587
479.161
215.235
79.973
25.5133
7.10934
1.76933
0.337524
1050.27
1057.13
824.587
479.161
215.235
79.9731
25.5133
7.10934
1.76933
0.337524
1050.27
1057.13
824.562
479.123
215.207
79.9585
25.5074
7.10738
1.76876
0.337402
)
;

boundaryField
{
    upperWall
    {
        type            zeroGradient;
    }
    leftWall
    {
        type            fixedValue;
        value           uniform 1000;
    }
    rightWall
    {
        type            zeroGradient;
    }
    frontWall
    {
        type            zeroGradient;
    }
    backWall
    {
        type            zeroGradient;
    }
    lowerWall
    {
        type            zeroGradient;
    }
}


// ************************************************************************* //
